2007-06-01T00:00:00.000Z,0,10.0,1.77157,-78.84153,[0.2688688333994555,0.9631767043868046,4.319178046577599E-4]
2007-06-01T00:00:00.000Z,0,235.0,1.27157,-78.34153,[0.27560166314741624,0.9612719299294962,0.0]
2007-06-01T00:00:00.000Z,0,57.0,1.77157,-78.34153,[0.27399999698169875,0.9617290730712215,0.0010916334541103538]
2007-06-01T00:00:00.000Z,0,1772.0,1.27157,-77.84153,[0.2530594191092958,0.9674483987187238,0.002127490691626823]
2007-06-01T00:00:00.000Z,0,528.0,1.77157,-77.84153,[0.27999891975933777,0.9599962963177296,0.0027777670611045416]
2007-06-01T00:00:00.000Z,0,116.0,2.27157,-77.84153,[0.27671768996818524,0.9609454155535808,0.003350878276958493]
2007-06-01T00:00:00.000Z,0,167.0,7.27157,-77.84153,[0.24910497865232797,0.9647713312559424,0.08463443741917208]
2007-06-01T00:00:00.000Z,0,2201.0,0.77157,-77.34153,[0.17358978830046534,0.9848100408157119,0.003971008229095612]
2007-06-01T00:00:00.000Z,0,2447.0,1.27157,-77.34153,[0.22335024796193823,0.974723389823638,0.0053833136688262034]
2007-06-01T00:00:00.000Z,0,1706.0,1.77157,-77.34153,[0.20307375965861013,0.9791448303539473,0.0060373279898505725]
2007-06-01T00:00:00.000Z,0,2096.0,2.27157,-77.34153,[0.2664266581875135,0.9638376163842398,0.0058210866494750844]
2007-06-01T00:00:00.000Z,0,57.0,2.77157,-77.34153,[0.2803740758180146,0.9598688948593206,0.006487086460103083]
2007-06-01T00:00:00.000Z,0,74.0,3.27157,-77.34153,[0.2741457475593516,0.961651880110538,0.008352878245948995]
2007-06-01T00:00:00.000Z,0,28.0,4.27157,-77.34153,[0.2618263430752777,0.9647842291528714,0.025265732716991778]
2007-06-01T00:00:00.000Z,0,14.0,5.27157,-77.34153,[0.25112719800394606,0.9664895349474575,0.05322695989565709]
2007-06-01T00:00:00.000Z,0,499.0,6.27157,-77.34153,[0.2625645500117643,0.9620529215274802,0.0742565368002021]
2007-06-01T00:00:00.000Z,0,695.0,6.77157,-77.34153,[0.2738022160561346,0.9583077561964712,0.08172264616637301]
2007-06-01T00:00:00.000Z,0,345.0,7.27157,-77.34153,[0.273686602320987,0.9579031081234547,0.08670224424672492]
2007-06-01T00:00:00.000Z,0,279.0,0.27157,-76.84153,[0.24850578753401964,0.9686203362992677,0.00441788066727146]
2007-06-01T00:00:00.000Z,0,485.0,0.77157,-76.84153,[0.18562775817030555,0.9826044204943122,0.005557717310488191]
2007-06-01T00:00:00.000Z,0,3335.0,1.27157,-76.84153,[0.15263910430100747,0.9882546387955738,0.007353416703552185]
2007-06-01T00:00:00.000Z,0,2008.0,1.77157,-76.84153,[0.15657519639207487,0.987628161857703,0.00864995840207966]
2007-06-01T00:00:00.000Z,0,1013.0,2.27157,-76.84153,[0.19801251217231874,0.9801619352529777,0.008580542194133811]
2007-06-01T00:00:00.000Z,0,2856.0,2.77157,-76.84153,[0.2393516799308616,0.9708913214096921,0.008989734457497149]
2007-06-01T00:00:00.000Z,0,1911.0,3.27157,-76.84153,[0.24617410613606802,0.9691719313645202,0.010201809803837055]
2007-06-01T00:00:00.000Z,0,794.0,3.77157,-76.84153,[0.2635537034544208,0.9645633491180238,0.012529602295374104]
2007-06-01T00:00:00.000Z,0,70.0,4.27157,-76.84153,[0.2714705942126386,0.96229459660589,0.017112154187722745]
2007-06-01T00:00:00.000Z,0,24.0,4.77157,-76.84153,[0.2720269555046765,0.9615106619569143,0.03871152828335781]
2007-06-01T00:00:00.000Z,0,133.0,5.27157,-76.84153,[0.2745009243956593,0.9602273715449692,0.05111396523229519]
2007-06-01T00:00:00.000Z,0,76.0,5.77157,-76.84153,[0.2675072434037241,0.9613541559821335,0.06510039556270317]
2007-06-01T00:00:00.000Z,0,38.0,6.27157,-76.84153,[0.26266657219389083,0.962068437043497,0.07369256608773049]
2007-06-01T00:00:00.000Z,0,20.0,6.77157,-76.84153,[0.280364289336768,0.9564125190959936,0.08167593636527733]
2007-06-01T00:00:00.000Z,0,15.0,7.27157,-76.84153,[0.277143091845287,0.9569280341073118,0.08648956111549146]
2007-06-01T00:00:00.000Z,0,8.0,7.77157,-76.84153,[0.2896175848219553,0.9526615061176406,0.09250788789917402]
2007-06-01T00:00:00.000Z,0,294.0,0.77157,-76.34153,[0.23889889210930018,0.971008400186188,0.008366965806593003]
2007-06-01T00:00:00.000Z,0,1412.0,1.27157,-76.34153,[0.18032027045882654,0.9835651115935994,0.00917994104154026]
2007-06-01T00:00:00.000Z,0,2388.0,1.77157,-76.34153,[0.13157183769372938,0.991248844997673,0.010704149507286456]
2007-06-01T00:00:00.000Z,0,3852.0,2.27157,-76.34153,[0.14094668135470076,0.9899562186487645,0.01098718224733494]
2007-06-01T00:00:00.000Z,0,2450.0,2.77157,-76.34153,[0.2038079267926201,0.9789462713153719,0.011248415631723841]
2007-06-01T00:00:00.000Z,0,990.0,3.27157,-76.34153,[0.20831649200201036,0.9779911098199645,0.011731507707481636]
2007-06-01T00:00:00.000Z,0,962.0,3.77157,-76.34153,[0.22539412884991689,0.9741794319042082,0.013111869995596126]
2007-06-01T00:00:00.000Z,0,1899.0,4.27157,-76.34153,[0.19372573640377672,0.980928728774679,0.015785060003270696]
2007-06-01T00:00:00.000Z,0,1358.0,4.77157,-76.34153,[0.2270667936389677,0.9734437542115002,0.029119213813886134]
2007-06-01T00:00:00.000Z,0,407.0,5.27157,-76.34153,[0.21436864153387378,0.9756387441517279,0.046638250792247656]
2007-06-01T00:00:00.000Z,0,480.0,5.77157,-76.34153,[0.20868754624992952,0.9759831708456299,0.06250086612434758]
2007-06-01T00:00:00.000Z,0,1095.0,6.27157,-76.34153,[0.20878674019031734,0.9753768608890945,0.07104981606476471]
2007-06-01T00:00:00.000Z,0,1485.0,6.77157,-76.34153,[0.22869759365086845,0.9704468686335523,0.07700834901252694]
2007-06-01T00:00:00.000Z,0,827.0,7.27157,-76.34153,[0.2584578056508307,0.9623211577987452,0.08448403370483674]
2007-06-01T00:00:00.000Z,0,201.0,7.77157,-76.34153,[0.2785273128182031,0.9559978819662384,0.09214437416542058]
2007-06-01T00:00:00.000Z,0,165.0,8.27157,-76.34153,[0.28863563316219804,0.9526033167734081,0.09610615038257803]
2007-06-01T00:00:00.000Z,0,99.0,8.77157,-76.34153,[0.30226847676733887,0.9479746135176398,0.0998894392758016]
2007-06-01T00:00:00.000Z,0,267.0,0.27157,-75.84153,[0.26928031441268835,0.9629818651219185,0.012411273750708272]
2007-06-01T00:00:00.000Z,0,241.0,0.77157,-75.84153,[0.264778305280405,0.9642343283961416,0.012025348031485061]
2007-06-01T00:00:00.000Z,0,250.0,1.27157,-75.84153,[0.21784840051869003,0.9759168245458488,0.011332517804760137]
2007-06-01T00:00:00.000Z,0,1712.0,1.77157,-75.84153,[0.23279017327671095,0.9724436795007433,0.012728920804785673]
2007-06-01T00:00:00.000Z,0,1262.0,2.27157,-75.84153,[0.20645497600290072,0.9783671918359684,0.013190179022407546]
2007-06-01T00:00:00.000Z,0,2705.0,2.77157,-75.84153,[0.17019229052000176,0.9853237872210628,0.013100327625552766]
2007-06-01T00:00:00.000Z,0,1867.0,3.27157,-75.84153,[0.14260161583254272,0.9896977815243636,0.012770293955153078]
2007-06-01T00:00:00.000Z,0,3782.0,3.77157,-75.84153,[0.1633658996578475,0.9864787017800792,0.013090216318737781]
2007-06-01T00:00:00.000Z,0,2035.0,4.27157,-75.84153,[0.21119745499188186,0.97732699835529,0.01508553249942013]
2007-06-01T00:00:00.000Z,0,1185.0,4.77157,-75.84153,[0.21677447174644662,0.9760243628384785,0.019628335252663325]
2007-06-01T00:00:00.000Z,0,1530.0,5.27157,-75.84153,[0.2324088784682505,0.9718916735945022,0.03758574206807114]
2007-06-01T00:00:00.000Z,0,1704.0,5.77157,-75.84153,[0.22502262377450463,0.9724595801310251,0.06072218541050703]
2007-06-01T00:00:00.000Z,0,488.0,6.27157,-75.84153,[0.18525250369215276,0.9803812274045388,0.06733616285888923]
2007-06-01T00:00:00.000Z,0,896.0,6.77157,-75.84153,[0.18932038684643462,0.9791413757214041,0.07375606737559016]
2007-06-01T00:00:00.000Z,0,2421.0,7.27157,-75.84153,[0.23452863417428255,0.9686623840055452,0.08178939763220779]
2007-06-01T00:00:00.000Z,0,131.0,7.77157,-75.84153,[0.2862662546306848,0.9535192157919133,0.09408898222052654]
2007-06-01T00:00:00.000Z,0,43.0,8.27157,-75.84153,[0.2895599135641156,0.9521659931433144,0.0976472117274609]
2007-06-01T00:00:00.000Z,0,10.0,8.77157,-75.84153,[0.29885788388849444,0.949061237007907,0.09983352967171212]
2007-06-01T00:00:00.000Z,0,155.0,9.27157,-75.84153,[0.3109342380230292,0.9449313545593477,0.10210110085437059]
2007-06-01T00:00:00.000Z,0,228.0,0.27157,-75.34153,[0.26913785571096605,0.9629399509658745,0.017648383981046956]
2007-06-01T00:00:00.000Z,0,189.0,0.77157,-75.34153,[0.2675260298316036,0.9633138934265562,0.021358045179971644]
2007-06-01T00:00:00.000Z,0,244.0,1.27157,-75.34153,[0.26390002362022547,0.9642929133127225,0.022270044187360796]
2007-06-01T00:00:00.000Z,0,1357.0,1.77157,-75.34153,[0.2114687055001413,0.9772080180480213,0.018586986220275575]
2007-06-01T00:00:00.000Z,0,2437.0,2.27157,-75.34153,[0.25599217224440346,0.966549883988215,0.015790171372084702]
2007-06-01T00:00:00.000Z,0,485.0,2.77157,-75.34153,[0.30451157467174866,0.9523818796318064,0.015538862246624211]
2007-06-01T00:00:00.000Z,0,694.0,3.27157,-75.34153,[0.3083786209281568,0.9511436982844355,0.015109313957122544]
2007-06-01T00:00:00.000Z,0,442.0,3.77157,-75.34153,[0.23469056769501062,0.9719732001708459,0.013727184148198736]
2007-06-01T00:00:00.000Z,0,2270.0,4.27157,-75.34153,[0.11938857361213255,0.9927536346306157,0.013659773737604356]
2007-06-01T00:00:00.000Z,0,4229.0,4.77157,-75.34153,[0.1569569326424944,0.9874773907971504,0.01590358324125937]
2007-06-01T00:00:00.000Z,0,3209.0,5.27157,-75.34153,[0.18080464784169936,0.9831921382634423,0.025355444697327076]
2007-06-01T00:00:00.000Z,0,1992.0,5.77157,-75.34153,[0.1988163254995156,0.979036067730047,0.0442769330301624]
2007-06-01T00:00:00.000Z,0,2185.0,6.27157,-75.34153,[0.2007259345918314,0.9777629288107252,0.060735115260518065]
2007-06-01T00:00:00.000Z,0,2092.0,6.77157,-75.34153,[0.22608497255177182,0.9714742925368711,0.07157712013101947]
2007-06-01T00:00:00.000Z,0,869.0,7.27157,-75.34153,[0.2799885653007715,0.9561091007678197,0.0863816573687195]
2007-06-01T00:00:00.000Z,0,83.0,7.77157,-75.34153,[0.29259192529723055,0.9514500016859584,0.09556599574456306]
2007-06-01T00:00:00.000Z,0,30.0,8.27157,-75.34153,[0.2973143956854282,0.9494879088018514,0.10038357015615534]
2007-06-01T00:00:00.000Z,0,74.0,8.77157,-75.34153,[0.30119759250399447,0.9480140051834357,0.10271054593301682]
2007-06-01T00:00:00.000Z,0,180.0,9.27157,-75.34153,[0.2951565568940899,0.9501024933598078,0.10093492474808842]
2007-06-01T00:00:00.000Z,0,136.0,9.77157,-75.34153,[0.30740194222629924,0.9461875384837862,0.10115922070425733]
2007-06-01T00:00:00.000Z,0,79.0,10.27157,-75.34153,[0.31036027238898856,0.9452874493537856,0.10053924316826389]
2007-06-01T00:00:00.000Z,0,205.0,0.27157,-74.84153,[0.2679862983278702,0.9632130476784515,0.020098972374590265]
2007-06-01T00:00:00.000Z,0,239.0,0.77157,-74.84153,[0.26553698210595034,0.9638008980141901,0.024040385211238302]
2007-06-01T00:00:00.000Z,0,226.0,1.27157,-74.84153,[0.26665875454436666,0.963483071975119,0.024361417081831028]
2007-06-01T00:00:00.000Z,0,258.0,1.77157,-74.84153,[0.26723610217795224,0.9633973767591724,0.021221690467072677]
2007-06-01T00:00:00.000Z,0,576.0,2.27157,-74.84153,[0.20268326086140329,0.9790819814288553,0.017831696720593405]
2007-06-01T00:00:00.000Z,0,1998.0,2.77157,-74.84153,[0.22208434455282997,0.9748933278831919,0.01617229585974454]
2007-06-01T00:00:00.000Z,0,2106.0,3.27157,-74.84153,[0.22613986934269045,0.9739687441987164,0.015673060251473594]
2007-06-01T00:00:00.000Z,0,361.0,3.77157,-74.84153,[0.2955375417910106,0.9551773350685462,0.017141177423878613]
2007-06-01T00:00:00.000Z,0,289.0,4.27157,-74.84153,[0.27650722152274965,0.9608625947915551,0.016936067318268418]
2007-06-01T00:00:00.000Z,0,277.0,4.77157,-74.84153,[0.2910192361429888,0.9565373299520549,0.01855102700513076]
2007-06-01T00:00:00.000Z,0,325.0,5.27157,-74.84153,[0.30098878568152415,0.9533218953334965,0.024147769497643187]
2007-06-01T00:00:00.000Z,0,379.0,5.77157,-74.84153,[0.26856900212244816,0.962551303606854,0.036955094692048863]
2007-06-01T00:00:00.000Z,0,978.0,6.27157,-74.84153,[0.2412503978791719,0.9690733281897539,0.05191464258159396]
2007-06-01T00:00:00.000Z,0,1143.0,6.77157,-74.84153,[0.2516658792053626,0.965390312631771,0.06845311914385863]
2007-06-01T00:00:00.000Z,0,322.0,7.27157,-74.84153,[0.27738338518433153,0.9569211206359095,0.08579292805701258]
2007-06-01T00:00:00.000Z,0,55.0,7.77157,-74.84153,[0.3002227975613305,0.9487467766350942,0.09872094837959765]
2007-06-01T00:00:00.000Z,0,27.0,8.27157,-74.84153,[0.3067049071816701,0.9461250316946925,0.1038244880141484]
2007-06-01T00:00:00.000Z,0,14.0,8.77157,-74.84153,[0.32042483178351167,0.9411781644372833,0.10729207782019327]
2007-06-01T00:00:00.000Z,0,48.0,9.27157,-74.84153,[0.3188049037713597,0.9419235793244719,0.1055623230319852]
2007-06-01T00:00:00.000Z,0,15.0,9.77157,-74.84153,[0.31092682996333615,0.944865985047594,0.10272670883947678]
2007-06-01T00:00:00.000Z,0,5.0,10.27157,-74.84153,[0.320532883692296,0.9415653458461194,0.10350541035897058]
2007-06-01T00:00:00.000Z,0,171.0,-0.72843,-74.34153,[0.27883142948330564,0.9602954431405045,0.009257203458845746]
2007-06-01T00:00:00.000Z,0,219.0,-0.22843,-74.34153,[0.27033431250685913,0.9626538933171079,0.014725527591837042]
2007-06-01T00:00:00.000Z,0,201.0,0.27157,-74.34153,[0.2662926549090715,0.9636738290356972,0.020517630788076]
2007-06-01T00:00:00.000Z,0,242.0,0.77157,-74.34153,[0.2627600993087901,0.9645350147466697,0.025086560921662258]
2007-06-01T00:00:00.000Z,0,251.0,1.27157,-74.34153,[0.2643201755088048,0.9641186729624438,0.024698770498363727]
2007-06-01T00:00:00.000Z,0,298.0,1.77157,-74.34153,[0.27117167031171147,0.9623287324476589,0.019731597148697703]
2007-06-01T00:00:00.000Z,0,313.0,2.27157,-74.34153,[0.2721440696662219,0.9620236865978792,0.02116676097403948]
2007-06-01T00:00:00.000Z,0,364.0,2.77157,-74.34153,[0.24119187757502702,0.9702994340977005,0.01858726395991034]
2007-06-01T00:00:00.000Z,0,899.0,3.27157,-74.34153,[0.13297650136432637,0.9908894133922386,0.021340583686694312]
2007-06-01T00:00:00.000Z,0,3444.0,3.77157,-74.34153,[0.12743811090898044,0.9916612664009737,0.01916926206109874]
2007-06-01T00:00:00.000Z,0,2263.0,4.27157,-74.34153,[0.14987016948737428,0.9885272138105577,0.01878509658643116]
2007-06-01T00:00:00.000Z,0,2655.0,4.77157,-74.34153,[0.1882718973230364,0.9819263595190406,0.019347277846455672]
2007-06-01T00:00:00.000Z,0,1104.0,5.27157,-74.34153,[0.25773640536182973,0.9659700570703871,0.02176681406627217]
2007-06-01T00:00:00.000Z,0,744.0,5.77157,-74.34153,[0.2907078668585118,0.9562758778240519,0.03202158082313682]
2007-06-01T00:00:00.000Z,0,119.0,6.27157,-74.34153,[0.2973587737273769,0.9537106851910779,0.044874142217040516]
2007-06-01T00:00:00.000Z,0,97.0,6.77157,-74.34153,[0.2558040092392372,0.9648927228504026,0.05955117335089442]
2007-06-01T00:00:00.000Z,0,575.0,7.27157,-74.34153,[0.24812328886755583,0.9652601115701257,0.08190085795140459]
2007-06-01T00:00:00.000Z,0,1234.0,7.77157,-74.34153,[0.28404704036489153,0.9535864926535643,0.09995038713591671]
2007-06-01T00:00:00.000Z,0,715.0,8.27157,-74.34153,[0.3160220734210005,0.9425024513647446,0.10871604427194279]
2007-06-01T00:00:00.000Z,0,14.0,8.77157,-74.34153,[0.3345042464246881,0.935692290686241,0.11219111495206034]
2007-06-01T00:00:00.000Z,0,37.0,9.27157,-74.34153,[0.32491471996514054,0.9394025587764064,0.1093309531391473]
2007-06-01T00:00:00.000Z,0,95.0,9.77157,-74.34153,[0.32050804569399954,0.9412102468619565,0.1067607786008886]
2007-06-01T00:00:00.000Z,0,119.0,10.27157,-74.34153,[0.3098425407525595,0.9450197492953065,0.10457185750398883]
2007-06-01T00:00:00.000Z,0,5.0,10.77157,-74.34153,[0.2944544560129699,0.9499258695897341,0.1045820998942617]
2007-06-01T00:00:00.000Z,0,156.0,-1.22843,-73.84153,[0.2837441857138652,0.9588983351199792,0.0017944296329730606]
2007-06-01T00:00:00.000Z,0,195.0,-0.72843,-73.84153,[0.2726804268775301,0.9620781190235436,0.007146866027032038]
2007-06-01T00:00:00.000Z,0,174.0,-0.22843,-73.84153,[0.26045387349088367,0.9654013409972011,0.012807442539427751]
2007-06-01T00:00:00.000Z,0,241.0,0.27157,-73.84153,[0.26197519447297857,0.9648880619478017,0.01897433507294001]
2007-06-01T00:00:00.000Z,0,232.0,0.77157,-73.84153,[0.2592447276066447,0.9654999114568454,0.02453756681050546]
2007-06-01T00:00:00.000Z,0,267.0,1.27157,-73.84153,[0.2607627950720986,0.9650360817627257,0.026610629497111706]
2007-06-01T00:00:00.000Z,0,265.0,1.77157,-73.84153,[0.24493106382182725,0.9692121924623379,0.025228950779930703]
2007-06-01T00:00:00.000Z,0,554.0,2.27157,-73.84153,[0.22921143889854187,0.9731067451419915,0.02292114388985419]
2007-06-01T00:00:00.000Z,0,995.0,2.77157,-73.84153,[0.25269838545435347,0.9670777873717242,0.030067909155328136]
2007-06-01T00:00:00.000Z,0,363.0,3.27157,-73.84153,[0.23716882044456283,0.9708110383530771,0.03573343561364747]
2007-06-01T00:00:00.000Z,0,545.0,3.77157,-73.84153,[0.1807634008781434,0.9827711335099061,0.03854208145160414]
2007-06-01T00:00:00.000Z,0,1499.0,4.27157,-73.84153,[0.13013571904447796,0.9907106353063484,0.03946050835542235]
2007-06-01T00:00:00.000Z,0,3610.0,4.77157,-73.84153,[0.12459836315760567,0.9914621888865888,0.03844445222213303]
2007-06-01T00:00:00.000Z,0,2585.0,5.27157,-73.84153,[0.1513605025893908,0.9878795469000906,0.03440928758865484]
2007-06-01T00:00:00.000Z,0,2622.0,5.77157,-73.84153,[0.23351248260468066,0.9717470128123034,0.034346230625262444]
2007-06-01T00:00:00.000Z,0,616.0,6.27157,-73.84153,[0.2929770637615793,0.9554550512224638,0.03563825477099807]
2007-06-01T00:00:00.000Z,0,101.0,6.77157,-73.84153,[0.32247965837347303,0.944808823655614,0.0578200369925771]
2007-06-01T00:00:00.000Z,0,89.0,7.27157,-73.84153,[0.32730263346576133,0.9409950712140637,0.08603058803249351]
2007-06-01T00:00:00.000Z,0,59.0,7.77157,-73.84153,[0.3125592923572185,0.9443045758495471,0.10293472101658221]
2007-06-01T00:00:00.000Z,0,38.0,8.27157,-73.84153,[0.32822196703735335,0.9377770486781524,0.11333378722439623]
2007-06-01T00:00:00.000Z,0,29.0,8.77157,-73.84153,[0.34179082281559114,0.9325838945552556,0.1160444443098983]
2007-06-01T00:00:00.000Z,0,52.0,9.27157,-73.84153,[0.34205729008402774,0.932668320367522,0.11457143833956362]
2007-06-01T00:00:00.000Z,0,46.0,9.77157,-73.84153,[0.2903436191542461,0.950931620873403,0.10690947216919915]
2007-06-01T00:00:00.000Z,0,931.0,10.27157,-73.84153,[0.15588181057637024,0.9825929301158786,0.1010544151322676]
2007-06-01T00:00:00.000Z,0,2665.0,10.77157,-73.84153,[0.29772952377705536,0.9488708105108444,0.1048871566588634]
2007-06-01T00:00:00.000Z,0,139.0,-1.72843,-73.34153,[0.28324737672573946,0.9590265511186455,0.006244824053795832]
2007-06-01T00:00:00.000Z,0,199.0,-1.22843,-73.34153,[0.276612614943904,0.9609808774146784,0.0011020422906131634]
2007-06-01T00:00:00.000Z,0,223.0,-0.72843,-73.34153,[0.27169041232204055,0.9623732677431317,0.004691842461786243]
2007-06-01T00:00:00.000Z,0,171.0,-0.22843,-73.34153,[0.26346644807374753,0.9646098119271491,0.010646195248694288]
2007-06-01T00:00:00.000Z,0,209.0,0.27157,-73.34153,[0.2584868501771436,0.9658685595096559,0.016806963920983]
2007-06-01T00:00:00.000Z,0,237.0,0.77157,-73.34153,[0.24886541667885811,0.968274688422784,0.022586105043123257]
2007-06-01T00:00:00.000Z,0,249.0,1.27157,-73.34153,[0.2510550682779768,0.9676080756547023,0.026569994726085882]
2007-06-01T00:00:00.000Z,0,294.0,1.77157,-73.34153,[0.2546905023225832,0.9665713325848855,0.02953992301528322]
2007-06-01T00:00:00.000Z,0,229.0,2.27157,-73.34153,[0.2612117225097698,0.9647981363667304,0.03054491916444889]
2007-06-01T00:00:00.000Z,0,267.0,2.77157,-73.34153,[0.25941772388321954,0.9652019767152988,0.03297860943292751]
2007-06-01T00:00:00.000Z,0,234.0,3.27157,-73.34153,[0.2593321936829306,0.9648837489660456,0.041787130803970195]
2007-06-01T00:00:00.000Z,0,256.0,3.77157,-73.34153,[0.261230299286004,0.9642159014296406,0.045237442071478735]
2007-06-01T00:00:00.000Z,0,300.0,4.27157,-73.34153,[0.20817380186176557,0.9770569393914024,0.04498227879425085]
2007-06-01T00:00:00.000Z,0,1229.0,4.77157,-73.34153,[0.15049684243268005,0.9876355284644629,0.04389491237619835]
2007-06-01T00:00:00.000Z,0,2684.0,5.27157,-73.34153,[0.13013533840164251,0.99053426998275,0.0436652457777412]
2007-06-01T00:00:00.000Z,0,3515.0,5.77157,-73.34153,[0.1991964645706643,0.9791191300854348,0.04057705759772792]
2007-06-01T00:00:00.000Z,0,1301.0,6.27157,-73.34153,[0.21148447217794644,0.9768069927822971,0.03350249064205092]
2007-06-01T00:00:00.000Z,0,1945.0,6.77157,-73.34153,[0.2811073178393309,0.9586767492847299,0.04379002441242166]
2007-06-01T00:00:00.000Z,0,351.0,7.27157,-73.34153,[0.23271376464404034,0.9701719959817755,0.06790141351942547]
2007-06-01T00:00:00.000Z,0,325.0,7.77157,-73.34153,[0.24380295937439578,0.964129884798747,0.10494609205797856]
2007-06-01T00:00:00.000Z,0,1339.0,8.27157,-73.34153,[0.26812819070843463,0.9569596095158776,0.1110656522181382]
2007-06-01T00:00:00.000Z,0,1230.0,8.77157,-73.34153,[0.283919295704661,0.9520988430256705,0.11356771828186442]
2007-06-01T00:00:00.000Z,0,809.0,9.27157,-73.34153,[0.30098736176752267,0.9469525458685905,0.11263873192299982]
2007-06-01T00:00:00.000Z,0,74.0,9.77157,-73.34153,[0.292883724729313,0.9498621190240858,0.1094581135949158]
2007-06-01T00:00:00.000Z,0,99.0,10.27157,-73.34153,[0.2506100438683136,0.9625199914942308,0.10368158894551911]
2007-06-01T00:00:00.000Z,0,1426.0,10.77157,-73.34153,[0.32648411703606683,0.938791325543269,0.10990436027697634]
2007-06-01T00:00:00.000Z,0,146.0,-2.22843,-72.84153,[0.27715411343777985,0.9607278951973633,0.013693385051273706]
2007-06-01T00:00:00.000Z,0,165.0,-1.72843,-72.84153,[0.27964949957777513,0.9600565497315745,0.009358349395319246]
2007-06-01T00:00:00.000Z,0,168.0,-1.22843,-72.84153,[0.277178063780461,0.9608109167409656,0.0038344791432079585]
2007-06-01T00:00:00.000Z,0,178.0,-0.72843,-72.84153,[0.2697096458401673,0.9629392576381878,0.002166342536868814]
2007-06-01T00:00:00.000Z,0,191.0,-0.22843,-72.84153,[0.26383077455886733,0.964531131282013,0.008545126301501777]
2007-06-01T00:00:00.000Z,0,247.0,0.27157,-72.84153,[0.25363592733803736,0.9671843038325988,0.014944523519502614]
2007-06-01T00:00:00.000Z,0,264.0,0.77157,-72.84153,[0.24637892382392607,0.9689524062991377,0.020704111245708073]
2007-06-01T00:00:00.000Z,0,246.0,1.27157,-72.84153,[0.24633206309633982,0.968837402973052,0.02597308782438395]
2007-06-01T00:00:00.000Z,0,259.0,1.77157,-72.84153,[0.24919574203851663,0.9679504029595275,0.031200954478376255]
2007-06-01T00:00:00.000Z,0,271.0,2.27157,-72.84153,[0.2584701698928082,0.9653705140574764,0.035396918848774134]
2007-06-01T00:00:00.000Z,0,193.0,2.77157,-72.84153,[0.25693525498464304,0.965579264700352,0.04050874383024009]
2007-06-01T00:00:00.000Z,0,182.0,3.27157,-72.84153,[0.26000499043243736,0.9645346419267837,0.04550087332567653]
2007-06-01T00:00:00.000Z,0,203.0,3.77157,-72.84153,[0.2642475289417348,0.9632248635618076,0.04869400029289227]
2007-06-01T00:00:00.000Z,0,165.0,4.27157,-72.84153,[0.2646993227951605,0.9630320890311734,0.050034628089329125]
2007-06-01T00:00:00.000Z,0,293.0,4.77157,-72.84153,[0.20058952595594662,0.9784074218170374,0.04982729181990801]
2007-06-01T00:00:00.000Z,0,1653.0,5.27157,-72.84153,[0.14011934904036488,0.9887454065348328,0.05243175641510427]
2007-06-01T00:00:00.000Z,0,2686.0,5.77157,-72.84153,[0.13919921852410105,0.9891066421956449,0.047870950760727435]
2007-06-01T00:00:00.000Z,0,2685.0,6.27157,-72.84153,[0.16060388818749988,0.9864117186651176,0.034616648872846253]
2007-06-01T00:00:00.000Z,0,1547.0,6.77157,-72.84153,[0.13869259418653068,0.9893405051972521,0.04438163013968982]
2007-06-01T00:00:00.000Z,0,3795.0,7.27157,-72.84153,[0.21038392537879247,0.975217154099611,0.06848435070924234]
2007-06-01T00:00:00.000Z,0,1328.0,7.77157,-72.84153,[0.2978624909687737,0.9483667815902334,0.10898799956903406]
2007-06-01T00:00:00.000Z,0,973.0,8.27157,-72.84153,[0.3402566837607699,0.9330383627865015,0.11689654710387426]
2007-06-01T00:00:00.000Z,0,83.0,8.77157,-72.84153,[0.3458379508626598,0.9306403191616712,0.11960229134000318]
2007-06-01T00:00:00.000Z,0,223.0,10.77157,-72.84153,[0.34898013387534027,0.9301997162727043,0.11376007211025327]
2007-06-01T00:00:00.000Z,0,51.0,11.27157,-72.84153,[0.3657611753675384,0.9237654258429298,0.11347334757989501]
2007-06-01T00:00:00.000Z,0,149.0,-2.22843,-72.34153,[0.2734039917170855,0.9617768878585221,0.015345204278192151]
2007-06-01T00:00:00.000Z,0,147.0,-1.72843,-72.34153,[0.27341756218349056,0.9618246258628718,0.011671579729571929]
2007-06-01T00:00:00.000Z,0,145.0,-1.22843,-72.34153,[0.27615148478025886,0.9610941438809011,0.006197100249005809]
2007-06-01T00:00:00.000Z,0,205.0,-0.72843,-72.34153,[0.26792019285419694,0.9634410135036923,4.2867230856671515E-4]
2007-06-01T00:00:00.000Z,0,176.0,-0.22843,-72.34153,[0.263742421356614,0.9645740974614877,0.006061821781180241]
2007-06-01T00:00:00.000Z,0,150.0,0.27157,-72.34153,[0.25803358760675404,0.96605257799114,0.012691895975779363]
2007-06-01T00:00:00.000Z,0,218.0,0.77157,-72.34153,[0.2564491760724842,0.9663755537365561,0.018764573858962255]
2007-06-01T00:00:00.000Z,0,234.0,1.27157,-72.34153,[0.24921040591878707,0.9681260213470576,0.02502359631447903]
2007-06-01T00:00:00.000Z,0,237.0,1.77157,-72.34153,[0.2505874976036077,0.967574582583726,0.031706989492701385]
2007-06-01T00:00:00.000Z,0,203.0,2.27157,-72.34153,[0.2576066096669685,0.965509573031798,0.03781665029911097]
2007-06-01T00:00:00.000Z,0,188.0,2.77157,-72.34153,[0.25691086819477943,0.9654876175707032,0.04278394700179189]
2007-06-01T00:00:00.000Z,0,220.0,3.27157,-72.34153,[0.26175267253322226,0.9639646614978507,0.04751494296587006]
2007-06-01T00:00:00.000Z,0,180.0,3.77157,-72.34153,[0.2691194626786605,0.9617536176205517,0.05103620089045513]
2007-06-01T00:00:00.000Z,0,190.0,4.27157,-72.34153,[0.27505050259586084,0.9599588687436565,0.053161935086709855]
2007-06-01T00:00:00.000Z,0,177.0,4.77157,-72.34153,[0.2816665877618171,0.9578899433011003,0.055774455275058234]
2007-06-01T00:00:00.000Z,0,257.0,5.27157,-72.34153,[0.2235571010873705,0.9731309106156129,0.05512216757203303]
2007-06-01T00:00:00.000Z,0,1342.0,5.77157,-72.34153,[0.16161080678106157,0.9853770024567503,0.053982498653951806]
2007-06-01T00:00:00.000Z,0,3317.0,6.27157,-72.34153,[0.16299961947440897,0.9859767191983478,0.03579152483563945]
2007-06-01T00:00:00.000Z,0,3467.0,6.77157,-72.34153,[0.21569935359691086,0.9756247685767968,0.040374494391216646]
2007-06-01T00:00:00.000Z,0,2203.0,7.27157,-72.34153,[0.23790472968669946,0.969489696563639,0.059085259156931455]
2007-06-01T00:00:00.000Z,0,97.0,11.27157,-72.34153,[0.4104634255889671,0.9035614022040959,0.12286809472250598]
2007-06-01T00:00:00.000Z,0,19.0,11.77157,-72.34153,[0.37370865486415483,0.9202893405498236,0.11579883829294049]
2007-06-01T00:00:00.000Z,0,109.0,-2.22843,-71.84153,[0.27086567989199517,0.9624831866517932,0.016059230033122245]
2007-06-01T00:00:00.000Z,0,140.0,-1.72843,-71.84153,[0.27004400972749354,0.9627655998980205,0.012594938003100489]
2007-06-01T00:00:00.000Z,0,153.0,-1.22843,-71.84153,[0.2700593245092991,0.9628202004244576,0.006724797408729582]
2007-06-01T00:00:00.000Z,0,136.0,-0.72843,-71.84153,[0.27161229000069403,0.9624057519709631,0.0013901416417358356]
2007-06-01T00:00:00.000Z,0,192.0,-0.22843,-71.84153,[0.25883837094317724,0.965909042787954,0.004734848248960559]
2007-06-01T00:00:00.000Z,0,216.0,0.27157,-71.84153,[0.25875412581449164,0.9658757247002483,0.011418704337562589]
2007-06-01T00:00:00.000Z,0,215.0,0.77157,-71.84153,[0.2531812132960979,0.967255574061827,0.017774354566093404]
2007-06-01T00:00:00.000Z,0,232.0,1.27157,-71.84153,[0.24294115731407323,0.9697316488603593,0.024497413771000693]
2007-06-01T00:00:00.000Z,0,233.0,1.77157,-71.84153,[0.2530009158911613,0.9669346744990133,0.03206043994896093]
2007-06-01T00:00:00.000Z,0,159.0,2.27157,-71.84153,[0.25689585720174746,0.9656808126137977,0.03827645101279049]
2007-06-01T00:00:00.000Z,0,186.0,2.77157,-71.84153,[0.2606527568169,0.9644152002225299,0.044310968658873]
2007-06-01T00:00:00.000Z,0,222.0,3.27157,-71.84153,[0.2640384045196055,0.9632120996875208,0.05006168149691719]
2007-06-01T00:00:00.000Z,0,206.0,3.77157,-71.84153,[0.26991321282427255,0.9613641922904368,0.05409017770940601]
2007-06-01T00:00:00.000Z,0,189.0,4.27157,-71.84153,[0.27833498728640116,0.9588311569905552,0.05632448167921661]
2007-06-01T00:00:00.000Z,0,149.0,4.77157,-71.84153,[0.28768774857534624,0.9559740750324736,0.057873371989670824]
2007-06-01T00:00:00.000Z,0,172.0,5.27157,-71.84153,[0.29768857196535586,0.9528333056342859,0.05907796370277719]
2007-06-01T00:00:00.000Z,0,213.0,5.77157,-71.84153,[0.2891251104785888,0.955719115193113,0.0548419852415736]
2007-06-01T00:00:00.000Z,0,412.0,6.27157,-71.84153,[0.2852849104162372,0.9574946993322294,0.042619486616838675]
2007-06-01T00:00:00.000Z,0,325.0,6.77157,-71.84153,[0.3265407995946294,0.9444191155562144,0.03799526775952379]
2007-06-01T00:00:00.000Z,0,174.0,11.77157,-71.84153,[0.4053761662247946,0.9056564516326515,0.1243243961298116]
2007-06-01T00:00:00.000Z,0,107.0,-2.22843,-71.34153,[0.268375841863586,0.9631828632890753,0.01591161117768296]
2007-06-01T00:00:00.000Z,0,121.0,-1.72843,-71.34153,[0.2675708743301162,0.9634666660661496,0.011739275514088104]
2007-06-01T00:00:00.000Z,0,140.0,-1.22843,-71.34153,[0.269115213402949,0.9630934211940185,0.005297543570924194]
2007-06-01T00:00:00.000Z,0,186.0,-0.72843,-71.34153,[0.26994526896086607,0.9628756444037191,2.1255532989044573E-4]
2007-06-01T00:00:00.000Z,0,201.0,-0.22843,-71.34153,[0.26436634151517024,0.964408413847341,0.005181580293697336]
2007-06-01T00:00:00.000Z,0,185.0,0.27157,-71.34153,[0.2627453430649897,0.9648008997346421,0.011140402545955563]
2007-06-01T00:00:00.000Z,0,228.0,0.77157,-71.34153,[0.25246708399224044,0.9674455882489542,0.01758991978634462]
2007-06-01T00:00:00.000Z,0,342.0,1.27157,-71.34153,[0.249923878128239,0.9679428886524011,0.0249923878128239]
2007-06-01T00:00:00.000Z,0,222.0,1.77157,-71.34153,[0.25521456822768407,0.9663164498620781,0.03313673022956221]
2007-06-01T00:00:00.000Z,0,164.0,2.27157,-71.34153,[0.2576534321162087,0.9654243058812159,0.03963102991988271]
2007-06-01T00:00:00.000Z,0,189.0,2.77157,-71.34153,[0.2647035151423836,0.9632266801014515,0.04611303299504222]
2007-06-01T00:00:00.000Z,0,209.0,3.27157,-71.34153,[0.27053305122065835,0.9613012373413907,0.05207493910848245]
2007-06-01T00:00:00.000Z,0,171.0,3.77157,-71.34153,[0.2731406656421849,0.9603278958689516,0.05625397042392618]
2007-06-01T00:00:00.000Z,0,165.0,4.27157,-71.34153,[0.2783053047020184,0.9587289039931738,0.05818114834518574]
2007-06-01T00:00:00.000Z,0,131.0,4.77157,-71.34153,[0.28583149143473185,0.9564789207543557,0.05872335699515114]
2007-06-01T00:00:00.000Z,0,146.0,5.27157,-71.34153,[0.29390673734072664,0.9540664858291281,0.05810310115120519]
2007-06-01T00:00:00.000Z,0,151.0,5.77157,-71.34153,[0.3026118012132649,0.9515587817618634,0.05442409960983814]
2007-06-01T00:00:00.000Z,0,157.0,6.27157,-71.34153,[0.3089657525268665,0.9501277652893864,0.04239567656853619]
2007-06-01T00:00:00.000Z,0,154.0,6.77157,-71.34153,[0.31994485535284406,0.9467997756552683,0.03471994171051234]
2007-06-01T00:00:00.000Z,0,97.0,-2.22843,-70.84153,[0.2682660877178751,0.9632231181051264,0.015314402645311769]
2007-06-01T00:00:00.000Z,0,137.0,-1.72843,-70.84153,[0.26828488390481114,0.9632906067763299,0.009717405243796311]
2007-06-01T00:00:00.000Z,0,114.0,-1.22843,-70.84153,[0.2634713619112623,0.9646620780735061,0.003149060102525047]
2007-06-01T00:00:00.000Z,0,155.0,-0.72843,-70.84153,[0.2642752179724991,0.9644466122024269,0.0011581782460946175]
2007-06-01T00:00:00.000Z,0,183.0,-0.22843,-70.84153,[0.26275787414430846,0.9648469138579006,0.005360260632543893]
2007-06-01T00:00:00.000Z,0,193.0,0.27157,-70.84153,[0.2634581540789936,0.9646137195163151,0.010496340799959904]
2007-06-01T00:00:00.000Z,0,250.0,0.77157,-70.84153,[0.260087582981504,0.9654451080273426,0.01643753524443105]
2007-06-01T00:00:00.000Z,0,316.0,1.27157,-70.84153,[0.2600409832836542,0.9652721299489245,0.02506795078854427]
2007-06-01T00:00:00.000Z,0,186.0,1.77157,-70.84153,[0.26172706955698516,0.9645320292438695,0.034306058121214386]
2007-06-01T00:00:00.000Z,0,191.0,2.27157,-70.84153,[0.2639543579658686,0.9636428941611075,0.04147854196606506]
2007-06-01T00:00:00.000Z,0,160.0,2.77157,-70.84153,[0.26728270440675383,0.9624290265397342,0.047857337982711266]
2007-06-01T00:00:00.000Z,0,240.0,3.27157,-70.84153,[0.2763191843429061,0.9595615425032951,0.05375271632920595]
2007-06-01T00:00:00.000Z,0,186.0,3.77157,-70.84153,[0.27570459521448354,0.9595388274393837,0.05720327625119402]
2007-06-01T00:00:00.000Z,0,176.0,4.27157,-70.84153,[0.2789993869040583,0.9584449526586473,0.05951986920619911]
2007-06-01T00:00:00.000Z,0,146.0,4.77157,-70.84153,[0.2806014382356325,0.957990847726339,0.05929897581463952]
2007-06-01T00:00:00.000Z,0,123.0,5.27157,-70.84153,[0.2908516088793474,0.9550185011862097,0.05783600958175529]
2007-06-01T00:00:00.000Z,0,120.0,5.77157,-70.84153,[0.29516749997166264,0.9539634029502405,0.05319748858804871]
2007-06-01T00:00:00.000Z,0,126.0,6.27157,-70.84153,[0.3022656215380154,0.9522503415370559,0.043067169384551816]
2007-06-01T00:00:00.000Z,0,122.0,6.77157,-70.84153,[0.3111798701660494,0.9496748630252769,0.03584331097097829]
2007-06-01T00:00:00.000Z,0,97.0,-3.72843,-70.34153,[0.2640204890245275,0.9642487425243614,0.02274959154440593]
2007-06-01T00:00:00.000Z,0,132.0,-2.22843,-70.34153,[0.266643837387026,0.9636970185877555,0.013752103424291501]
2007-06-01T00:00:00.000Z,0,129.0,-1.72843,-70.34153,[0.26666225934785753,0.9637635987454063,0.007138989620336344]
2007-06-01T00:00:00.000Z,0,144.0,-1.22843,-70.34153,[0.2626739266419924,0.9648819138004661,0.0023023212693720446]
2007-06-01T00:00:00.000Z,0,134.0,-0.72843,-70.34153,[0.26267447898143126,0.9648839427126678,0.0010465118684519173]
2007-06-01T00:00:00.000Z,0,170.0,-0.22843,-70.34153,[0.26347010780755376,0.964657486355147,0.004408663158532772]
2007-06-01T00:00:00.000Z,0,177.0,0.27157,-70.34153,[0.2641731073663285,0.9644415030834215,0.008071956058415593]
2007-06-01T00:00:00.000Z,0,190.0,0.77157,-70.34153,[0.2667533148495414,0.9636858884287781,0.012336022860630966]
2007-06-01T00:00:00.000Z,0,195.0,1.27157,-70.34153,[0.267522070878399,0.963290935060164,0.022416869180324345]
2007-06-01T00:00:00.000Z,0,216.0,1.77157,-70.34153,[0.26484472564239725,0.9637405294209455,0.032580105138548865]
2007-06-01T00:00:00.000Z,0,168.0,2.27157,-70.34153,[0.2673642780139251,0.9627227560106156,0.04100290113415136]
2007-06-01T00:00:00.000Z,0,193.0,2.77157,-70.34153,[0.27382469919626967,0.9605257026494147,0.04909591286370616]
2007-06-01T00:00:00.000Z,0,177.0,3.27157,-70.34153,[0.27771881136747734,0.9590986857690785,0.05479026162249843]
2007-06-01T00:00:00.000Z,0,174.0,3.77157,-70.34153,[0.2779768945770295,0.9588031168418634,0.058527166475398]
2007-06-01T00:00:00.000Z,0,118.0,4.27157,-70.34153,[0.27793540547008216,0.9586600118362598,0.06101550698210397]
2007-06-01T00:00:00.000Z,0,116.0,4.77157,-70.34153,[0.2779463940230143,0.9586979137590688,0.06036648245187341]
2007-06-01T00:00:00.000Z,0,124.0,5.27157,-70.34153,[0.28878158292935646,0.955624551144092,0.05819720449874055]
2007-06-01T00:00:00.000Z,0,105.0,5.77157,-70.34153,[0.2904764174744775,0.9553692057620649,0.05378783852093937]
2007-06-01T00:00:00.000Z,0,104.0,6.27157,-70.34153,[0.29667924511562455,0.9538517616547626,0.04634913489730889]
2007-06-01T00:00:00.000Z,0,109.0,6.77157,-70.34153,[0.29868451680321856,0.953536231001973,0.03944889844570811]
2007-06-01T00:00:00.000Z,0,140.0,-3.72843,-69.84153,[0.2665017963485074,0.9635868871895052,0.02184269624974041]
2007-06-01T00:00:00.000Z,0,128.0,-3.22843,-69.84153,[0.26651283061666253,0.9636267836414228,0.019857818751829754]
2007-06-01T00:00:00.000Z,0,61.0,-2.72843,-69.84153,[0.2642236694176661,0.9643123683077814,0.016956085872078572]
2007-06-01T00:00:00.000Z,0,111.0,-2.22843,-69.84153,[0.26177755236192307,0.9650450243818514,0.012673357693712148]
2007-06-01T00:00:00.000Z,0,145.0,-1.72843,-69.84153,[0.26258175041304627,0.9648837336606382,0.0070855392968599785]
2007-06-01T00:00:00.000Z,0,68.0,-1.22843,-69.84153,[0.2633807387156802,0.964684213629257,0.00386709814780959]
2007-06-01T00:00:00.000Z,0,122.0,-0.72843,-69.84153,[0.26338253402788314,0.9646907893164132,0.0011496856644074263]
2007-06-01T00:00:00.000Z,0,188.0,0.77157,-69.84153,[0.27063842431444374,0.9626237288360803,0.010507138826325462]
2007-06-01T00:00:00.000Z,0,195.0,1.77157,-69.84153,[0.2698646646975009,0.9625881347084089,0.02443656412615166]
2007-06-01T00:00:00.000Z,0,182.0,2.27157,-69.84153,[0.2723191672216111,0.9616270592513142,0.033401647854525734]
2007-06-01T00:00:00.000Z,0,180.0,2.77157,-69.84153,[0.2745802092074573,0.9604965294844519,0.04530039249181397]
2007-06-01T00:00:00.000Z,0,198.0,3.27157,-69.84153,[0.2753010700205074,0.9598045087096289,0.054631729848427533]
2007-06-01T00:00:00.000Z,0,149.0,3.77157,-69.84153,[0.2769412630870235,0.9590572924025327,0.05926758548554977]
2007-06-01T00:00:00.000Z,0,188.0,4.27157,-69.84153,[0.2762027987362955,0.9591573752990886,0.06106671253310283]
2007-06-01T00:00:00.000Z,0,143.0,4.77157,-69.84153,[0.2737789663910795,0.9598368468769611,0.0613050156114927]
2007-06-01T00:00:00.000Z,0,100.0,5.27157,-69.84153,[0.2777826179504996,0.9587283351054208,0.06063659481331917]
2007-06-01T00:00:00.000Z,0,112.0,5.77157,-69.84153,[0.28306916893279593,0.957407691062275,0.05694171313281339]
2007-06-01T00:00:00.000Z,0,98.0,6.27157,-69.84153,[0.2925074596668445,0.9550811751243181,0.047532462195862234]
2007-06-01T00:00:00.000Z,0,169.0,0.77157,-69.34153,[0.268994226070397,0.9631048172638137,0.008439034543385005]
2007-06-01T00:00:00.000Z,0,182.0,1.77157,-69.34153,[0.27396871750728957,0.9615555766209153,0.018762060031627614]
2007-06-01T00:00:00.000Z,0,167.0,2.27157,-69.34153,[0.27547918557754053,0.960973903177467,0.02530564611700663]
2007-06-01T00:00:00.000Z,0,128.0,2.77157,-69.34153,[0.2780459762472094,0.9597417095173946,0.039828207408384046]
2007-06-01T00:00:00.000Z,0,182.0,3.27157,-69.34153,[0.27602140412072296,0.9596558120011182,0.053599505218791546]
2007-06-01T00:00:00.000Z,0,123.0,3.77157,-69.34153,[0.27437422267755984,0.9597759773818144,0.05957230204438848]
2007-06-01T00:00:00.000Z,0,172.0,4.27157,-69.34153,[0.27675270027179505,0.9589802869883131,0.06135757540909564]
2007-06-01T00:00:00.000Z,0,142.0,4.77157,-69.34153,[0.2793150870806849,0.9581157056837448,0.06322481040896125]
2007-06-01T00:00:00.000Z,0,117.0,5.27157,-69.34153,[0.28118326054092146,0.9575429953555705,0.06361906975945174]
2007-06-01T00:00:00.000Z,0,83.0,5.77157,-69.34153,[0.2894584925502827,0.95532308567926,0.059762722986617306]
2007-06-01T00:00:00.000Z,0,139.0,1.77157,-68.84153,[0.27160618012339466,0.9622922084840584,0.014959559139608844]
2007-06-01T00:00:00.000Z,0,178.0,2.27157,-68.84153,[0.27395023660333057,0.9614907136817283,0.022065252520190436]
2007-06-01T00:00:00.000Z,0,155.0,2.77157,-68.84153,[0.27722623353457604,0.9601232875695549,0.0361785586620412]
2007-06-01T00:00:00.000Z,0,154.0,3.27157,-68.84153,[0.2810390593559635,0.9583324246237835,0.05114695524677497]
2007-06-01T00:00:00.000Z,0,118.0,3.77157,-68.84153,[0.28090128666414027,0.9578626250233135,0.05994713282449277]
2007-06-01T00:00:00.000Z,0,168.0,4.27157,-68.84153,[0.2841902675805041,0.956701587809178,0.06291234931171465]
2007-06-01T00:00:00.000Z,0,130.0,4.77157,-68.84153,[0.2902717064034391,0.954695916498003,0.06555946524853339]
2007-06-01T00:00:00.000Z,0,118.0,5.27157,-68.84153,[0.2895721015116553,0.9549247927712604,0.06531950839442302]
2007-06-01T00:00:00.000Z,0,76.0,5.77157,-68.84153,[0.30175745091295847,0.9514367388860071,0.06091447050145916]
2007-06-01T00:00:00.000Z,0,140.0,1.77157,-68.34153,[0.2739941498458467,0.9616448372021545,0.012900113669785]
2007-06-01T00:00:00.000Z,0,115.0,2.27157,-68.34153,[0.27410267882899125,0.9615008030798208,0.01959405868191617]
2007-06-01T00:00:00.000Z,0,126.0,2.77157,-68.34153,[0.2805783611950573,0.9593621657784844,0.03000030169700997]
2007-06-01T00:00:00.000Z,0,132.0,3.27157,-68.34153,[0.28201168181932895,0.958407516374501,0.04386848383856227]
2007-06-01T00:00:00.000Z,0,110.0,3.77157,-68.34153,[0.2895685260677308,0.9553567659280059,0.058681500547816665]
2007-06-01T00:00:00.000Z,0,121.0,4.27157,-68.34153,[0.297128778813961,0.9525926391938224,0.06543510185116444]
2007-06-01T00:00:00.000Z,0,109.0,4.77157,-68.34153,[0.303251253206633,0.9504890025879542,0.0678920716134253]
2007-06-01T00:00:00.000Z,0,89.0,5.27157,-68.34153,[0.3062469251317129,0.9495940103897516,0.06696294706238201]
2007-06-01T00:00:00.000Z,0,65.0,5.77157,-68.34153,[0.3134783130447176,0.9473754183897556,0.06489348103988435]
2007-06-01T00:00:00.000Z,0,136.0,2.27157,-67.84153,[0.27995546424356893,0.9598473059779506,0.01783500061783354]
2007-06-01T00:00:00.000Z,0,120.0,2.77157,-67.84153,[0.28395762865600727,0.9584929917469057,0.025675862207976134]
2007-06-01T00:00:00.000Z,0,103.0,3.27157,-67.84153,[0.29327436003834617,0.9550783875965764,0.04260778438292954]
2007-06-01T00:00:00.000Z,0,95.0,3.77157,-67.84153,[0.297491837010153,0.9528685907242496,0.05949836740203061]
2007-06-01T00:00:00.000Z,0,110.0,4.27157,-67.84153,[0.30185588758998516,0.9509595255654419,0.06752039590828615]
2007-06-01T00:00:00.000Z,0,101.0,4.77157,-67.84153,[0.30918047856629105,0.9483850634673873,0.07052094061680571]
2007-06-01T00:00:00.000Z,0,80.0,5.77157,-67.84153,[0.3265823027147873,0.9426624708397522,0.06878564983919512]
2007-06-01T00:00:00.000Z,0,54.0,6.27157,-67.84153,[0.32204154181214206,0.9448130528165051,0.060145993838444184]
2007-06-01T00:00:00.000Z,0,114.0,2.27157,-67.34153,[0.2884165461280207,0.9573674706074603,0.016230284725074928]
