2009-12-01T00:00:00.000Z,0,10.0,1.77157,-78.84153,[0.30334701468472636,0.952880126280648,2.315626066295621E-4]
2009-12-01T00:00:00.000Z,0,235.0,1.27157,-78.34153,[0.31730099433577835,0.9483244003644503,9.542887047692582E-4]
2009-12-01T00:00:00.000Z,0,57.0,1.77157,-78.34153,[0.3120176682271296,0.9500762706691249,2.337210997956027E-4]
2009-12-01T00:00:00.000Z,0,1772.0,1.27157,-77.84153,[0.28324700924284174,0.95904381552763,0.0024681274664314005]
2009-12-01T00:00:00.000Z,0,528.0,1.77157,-77.84153,[0.31234968579446326,0.9499657737132361,0.0016439457147077016]
2009-12-01T00:00:00.000Z,0,116.0,2.27157,-77.84153,[0.3086449807664046,0.951177282733641,2.2947582213115586E-4]
2009-12-01T00:00:00.000Z,0,167.0,7.27157,-77.84153,[0.26288643954011565,0.963916944980424,0.04189084727631111]
2009-12-01T00:00:00.000Z,0,2201.0,0.77157,-77.34153,[0.19126749944446872,0.9815344133168246,0.002634223046241186]
2009-12-01T00:00:00.000Z,0,2447.0,1.27157,-77.34153,[0.2378889960076487,0.9712833641873266,0.004177562856719684]
2009-12-01T00:00:00.000Z,0,1706.0,1.77157,-77.34153,[0.22245244485200713,0.9749318884075211,0.004766838103971581]
2009-12-01T00:00:00.000Z,0,2096.0,2.27157,-77.34153,[0.2928433162763343,0.9561510688058626,0.004233879271465075]
2009-12-01T00:00:00.000Z,0,57.0,2.77157,-77.34153,[0.3092428722880175,0.9509799606451065,0.0024413910970106645]
2009-12-01T00:00:00.000Z,0,74.0,3.27157,-77.34153,[0.29988517183517577,0.9539743390832194,0.0013579705894423053]
2009-12-01T00:00:00.000Z,0,28.0,4.27157,-77.34153,[0.29238460123235926,0.9562955002712501,0.0031876516675708334]
2009-12-01T00:00:00.000Z,0,14.0,5.27157,-77.34153,[0.27485553277137736,0.9614596263092151,0.007058546755996462]
2009-12-01T00:00:00.000Z,0,499.0,6.27157,-77.34153,[0.28735141478696746,0.957472462248178,0.025993238665844007]
2009-12-01T00:00:00.000Z,0,695.0,6.77157,-77.34153,[0.29663811021423203,0.9543525718128291,0.03488553056452018]
2009-12-01T00:00:00.000Z,0,345.0,7.27157,-77.34153,[0.29421681594886717,0.9548168366642481,0.04196753072780067]
2009-12-01T00:00:00.000Z,0,279.0,0.27157,-76.84153,[0.28777528519636975,0.9576975078194978,9.320657010408737E-4]
2009-12-01T00:00:00.000Z,0,485.0,0.77157,-76.84153,[0.20681158419590429,0.9783778790806241,0.002386287509952742]
2009-12-01T00:00:00.000Z,0,3335.0,1.27157,-76.84153,[0.17028572325023458,0.9853867185413574,0.003973333542505474]
2009-12-01T00:00:00.000Z,0,2008.0,1.77157,-76.84153,[0.17559209955624627,0.9844486097701809,0.005324405599447467]
2009-12-01T00:00:00.000Z,0,1013.0,2.27157,-76.84153,[0.22291455085059272,0.9748180358440428,0.006236987433125393]
2009-12-01T00:00:00.000Z,0,2856.0,2.77157,-76.84153,[0.2671463991674222,0.9636352255682016,0.006320874623157758]
2009-12-01T00:00:00.000Z,0,1911.0,3.27157,-76.84153,[0.2773886105509143,0.9607408099338534,0.005714443479160465]
2009-12-01T00:00:00.000Z,0,794.0,3.77157,-76.84153,[0.2944916066866965,0.9556427236750111,0.00465599378160785]
2009-12-01T00:00:00.000Z,0,70.0,4.27157,-76.84153,[0.30552491355147726,0.9521810275720852,0.002412038791195873]
2009-12-01T00:00:00.000Z,0,24.0,4.77157,-76.84153,[0.3022689018429666,0.9532225294074079,5.660466326647315E-4]
2009-12-01T00:00:00.000Z,0,133.0,5.27157,-76.84153,[0.29865490663460914,0.9543483858624727,0.0049401563503469175]
2009-12-01T00:00:00.000Z,0,76.0,5.77157,-76.84153,[0.29390154613128494,0.9557409057399038,0.013461139517463432]
2009-12-01T00:00:00.000Z,0,38.0,6.27157,-76.84153,[0.28624949329660476,0.9578776818485606,0.02305589303984326]
2009-12-01T00:00:00.000Z,0,20.0,6.77157,-76.84153,[0.30650581706339863,0.9513032396264002,0.0328074744930823]
2009-12-01T00:00:00.000Z,0,15.0,7.27157,-76.84153,[0.30346700054014125,0.9519872202129618,0.04034987155330026]
2009-12-01T00:00:00.000Z,0,8.0,7.77157,-76.84153,[0.3203583682958539,0.9460943178809209,0.04770804477499407]
2009-12-01T00:00:00.000Z,0,294.0,0.77157,-76.34153,[0.27533626166477165,0.9613435576769994,0.0029166976871268183]
2009-12-01T00:00:00.000Z,0,1412.0,1.27157,-76.34153,[0.19978186981079302,0.9798290581169792,0.004713954231490622]
2009-12-01T00:00:00.000Z,0,2388.0,1.77157,-76.34153,[0.1546951786525092,0.9879396636671611,0.006680019078176534]
2009-12-01T00:00:00.000Z,0,3852.0,2.27157,-76.34153,[0.16138088717373636,0.9868615402710496,0.00777879096448945]
2009-12-01T00:00:00.000Z,0,2450.0,2.77157,-76.34153,[0.2275901971400099,0.973710637248496,0.009502477303268456]
2009-12-01T00:00:00.000Z,0,990.0,3.27157,-76.34153,[0.23806190151130338,0.971197807160541,0.010067294342517803]
2009-12-01T00:00:00.000Z,0,962.0,3.77157,-76.34153,[0.26047801493586703,0.9654414498540391,0.008602943612560745]
2009-12-01T00:00:00.000Z,0,1899.0,4.27157,-76.34153,[0.22974401865152097,0.9732372247398602,0.005195216502170073]
2009-12-01T00:00:00.000Z,0,1358.0,4.77157,-76.34153,[0.2605572206525579,0.9654575586679601,0.0012795220657045255]
2009-12-01T00:00:00.000Z,0,407.0,5.27157,-76.34153,[0.23931509558857825,0.9709355306736603,0.0035327466491647266]
2009-12-01T00:00:00.000Z,0,480.0,5.77157,-76.34153,[0.2290913399560764,0.9733532553357673,0.010029869610017275]
2009-12-01T00:00:00.000Z,0,1095.0,6.27157,-76.34153,[0.22743484322504667,0.9736003879929338,0.019382378264991663]
2009-12-01T00:00:00.000Z,0,1485.0,6.77157,-76.34153,[0.2480665325936179,0.9683298860014032,0.028288288804535378]
2009-12-01T00:00:00.000Z,0,827.0,7.27157,-76.34153,[0.2843063064567968,0.9580126902396342,0.03717000738112207]
2009-12-01T00:00:00.000Z,0,201.0,7.77157,-76.34153,[0.309059120866004,0.9499861538058351,0.044819274723372535]
2009-12-01T00:00:00.000Z,0,165.0,8.27157,-76.34153,[0.3121089854909536,0.948766082706196,0.04930417307031007]
2009-12-01T00:00:00.000Z,0,99.0,8.77157,-76.34153,[0.3157644057775124,0.9472932173325371,0.05411469707708818]
2009-12-01T00:00:00.000Z,0,267.0,0.27157,-75.84153,[0.3119703657181424,0.9500915683234338,7.090235584503236E-4]
2009-12-01T00:00:00.000Z,0,241.0,0.77157,-75.84153,[0.3059687796241802,0.9520336258306221,0.003883449895229979]
2009-12-01T00:00:00.000Z,0,250.0,1.27157,-75.84153,[0.24825846421280354,0.9686720449424812,0.00649648317566215]
2009-12-01T00:00:00.000Z,0,1712.0,1.77157,-75.84153,[0.2552977030977227,0.9668218571015609,0.008864503579782038]
2009-12-01T00:00:00.000Z,0,1262.0,2.27157,-75.84153,[0.22613937298299075,0.9740482367548612,0.009540254797719923]
2009-12-01T00:00:00.000Z,0,2705.0,2.77157,-75.84153,[0.18552039562474518,0.9825709842347614,0.011680913798595066]
2009-12-01T00:00:00.000Z,0,1867.0,3.27157,-75.84153,[0.1629174065560662,0.9865554063672899,0.012897628019021907]
2009-12-01T00:00:00.000Z,0,3782.0,3.77157,-75.84153,[0.19011494172198212,0.981684426346235,0.012328665917728538]
2009-12-01T00:00:00.000Z,0,2035.0,4.27157,-75.84153,[0.24590881345899956,0.9692405915847397,0.010076263575880958]
2009-12-01T00:00:00.000Z,0,1185.0,4.77157,-75.84153,[0.24643251793454182,0.9691432676464192,0.005686904260027888]
2009-12-01T00:00:00.000Z,0,1530.0,5.27157,-75.84153,[0.26106190781725824,0.9653219382080015,4.8569657268327117E-4]
2009-12-01T00:00:00.000Z,0,1704.0,5.77157,-75.84153,[0.24772170215042827,0.9688125975190016,0.006009090794738111]
2009-12-01T00:00:00.000Z,0,488.0,6.27157,-75.84153,[0.20438369939663648,0.9787708271105592,0.015328777454747738]
2009-12-01T00:00:00.000Z,0,896.0,6.77157,-75.84153,[0.207193530926355,0.9779964076368363,0.024369394570094603]
2009-12-01T00:00:00.000Z,0,2421.0,7.27157,-75.84153,[0.25798526157841994,0.9655713939574058,0.03339892183089918]
2009-12-01T00:00:00.000Z,0,131.0,7.77157,-75.84153,[0.31938176191638634,0.9466567331622386,0.042852301149212985]
2009-12-01T00:00:00.000Z,0,43.0,8.27157,-75.84153,[0.3138328710351581,0.9482964370268135,0.04735817331866284]
2009-12-01T00:00:00.000Z,0,10.0,8.77157,-75.84153,[0.32093727999876026,0.9456799567223255,0.05185250004250432]
2009-12-01T00:00:00.000Z,0,155.0,9.27157,-75.84153,[0.3287824497700555,0.9427453756847469,0.055975506681281845]
2009-12-01T00:00:00.000Z,0,228.0,0.27157,-75.34153,[0.3151611759583657,0.9490379772280108,5.924082254856498E-4]
2009-12-01T00:00:00.000Z,0,189.0,0.77157,-75.34153,[0.3130155653769364,0.9497176813141139,0.0075882561303499746]
2009-12-01T00:00:00.000Z,0,244.0,1.27157,-75.34153,[0.30440494515535116,0.9524545354274853,0.012960991805442685]
2009-12-01T00:00:00.000Z,0,1357.0,1.77157,-75.34153,[0.2338290983593634,0.9721761527847426,0.01405278325115386]
2009-12-01T00:00:00.000Z,0,2437.0,2.27157,-75.34153,[0.2678665711619064,0.9633586998737619,0.013693627404689383]
2009-12-01T00:00:00.000Z,0,485.0,2.77157,-75.34153,[0.3094714693708235,0.9507858396332528,0.015287144872534653]
2009-12-01T00:00:00.000Z,0,694.0,3.27157,-75.34153,[0.31581329414996584,0.9486783659563679,0.016471830636057044]
2009-12-01T00:00:00.000Z,0,442.0,3.77157,-75.34153,[0.2579207907470769,0.9660305980708699,0.01617866778322573]
2009-12-01T00:00:00.000Z,0,2270.0,4.27157,-75.34153,[0.14089900546663492,0.9899058332784095,0.015294165550651826]
2009-12-01T00:00:00.000Z,0,4229.0,4.77157,-75.34153,[0.17787169149610213,0.9839953189816419,0.010717909615790768]
2009-12-01T00:00:00.000Z,0,3209.0,5.27157,-75.34153,[0.19921213767593496,0.9799394749261308,0.005757576233408525]
2009-12-01T00:00:00.000Z,0,1992.0,5.77157,-75.34153,[0.21865396325120312,0.9758014636582948,0.0013956635952204453]
2009-12-01T00:00:00.000Z,0,2185.0,6.27157,-75.34153,[0.21680258694864302,0.9761675453379927,0.009672730802324073]
2009-12-01T00:00:00.000Z,0,2092.0,6.77157,-75.34153,[0.24447562099221007,0.9694357957959497,0.02063755242142033]
2009-12-01T00:00:00.000Z,0,869.0,7.27157,-75.34153,[0.30171432439917373,0.9528404583047435,0.03261176888726363]
2009-12-01T00:00:00.000Z,0,83.0,7.77157,-75.34153,[0.3221218813721517,0.9458046729650412,0.04112194230282788]
2009-12-01T00:00:00.000Z,0,30.0,8.27157,-75.34153,[0.3237973187472115,0.9449829550672165,0.046502806415822925]
2009-12-01T00:00:00.000Z,0,74.0,8.77157,-75.34153,[0.3255714998159927,0.944157349466379,0.050696133542776016]
2009-12-01T00:00:00.000Z,0,180.0,9.27157,-75.34153,[0.315807107146062,0.9474213214381861,0.05156268767584795]
2009-12-01T00:00:00.000Z,0,136.0,9.77157,-75.34153,[0.32658106651194685,0.9437146833014265,0.05241568007006691]
2009-12-01T00:00:00.000Z,0,79.0,10.27157,-75.34153,[0.31924638133943584,0.9462554612363134,0.05179140934679336]
2009-12-01T00:00:00.000Z,0,205.0,0.27157,-74.84153,[0.3098819005180083,0.95077401295298,0.0014085540932636741]
2009-12-01T00:00:00.000Z,0,239.0,0.77157,-74.84153,[0.30811728668708593,0.9512974782886456,0.009841008396089437]
2009-12-01T00:00:00.000Z,0,226.0,1.27157,-74.84153,[0.31122040996009037,0.9502280958097055,0.01443684030993575]
2009-12-01T00:00:00.000Z,0,258.0,1.77157,-74.84153,[0.3022276907850383,0.9530881114914003,0.016777206456964722]
2009-12-01T00:00:00.000Z,0,576.0,2.27157,-74.84153,[0.22465704595463354,0.9742780054155025,0.017651625039292636]
2009-12-01T00:00:00.000Z,0,1998.0,2.77157,-74.84153,[0.23892728292539142,0.9708606179358588,0.01853143316348158]
2009-12-01T00:00:00.000Z,0,2106.0,3.27157,-74.84153,[0.24168210560863876,0.9701646609029243,0.019242935422867917]
2009-12-01T00:00:00.000Z,0,361.0,3.77157,-74.84153,[0.3236343188773657,0.94591188953732,0.022616915720773435]
2009-12-01T00:00:00.000Z,0,289.0,4.27157,-74.84153,[0.3083405710093294,0.9510263394986544,0.02179435361351083]
2009-12-01T00:00:00.000Z,0,277.0,4.77157,-74.84153,[0.31361244400795957,0.9493793052069749,0.018060171872831914]
2009-12-01T00:00:00.000Z,0,325.0,5.27157,-74.84153,[0.32086632980215024,0.947034577886197,0.01305016042852029]
2009-12-01T00:00:00.000Z,0,379.0,5.77157,-74.84153,[0.29078706170100993,0.9567464500672446,0.008894663063795598]
2009-12-01T00:00:00.000Z,0,978.0,6.27157,-74.84153,[0.25772813633798236,0.966210921166662,0.003558589330189715]
2009-12-01T00:00:00.000Z,0,1143.0,6.77157,-74.84153,[0.2717006555518121,0.9622284085945598,0.017182650153474283]
2009-12-01T00:00:00.000Z,0,322.0,7.27157,-74.84153,[0.29564383332065286,0.954820083909664,0.0302213696283334]
2009-12-01T00:00:00.000Z,0,55.0,7.77157,-74.84153,[0.32914911936806224,0.9434062787521222,0.04056415203479641]
2009-12-01T00:00:00.000Z,0,27.0,8.27157,-74.84153,[0.33664734770534566,0.9404938140439553,0.04625958309377652]
2009-12-01T00:00:00.000Z,0,14.0,8.77157,-74.84153,[0.34777175212185507,0.9362159970616029,0.050541223491757485]
2009-12-01T00:00:00.000Z,0,48.0,9.27157,-74.84153,[0.3497215027089542,0.9354142615710089,0.05191367635368213]
2009-12-01T00:00:00.000Z,0,15.0,9.77157,-74.84153,[0.3386138232861732,0.9395341293996636,0.05114976415132687]
2009-12-01T00:00:00.000Z,0,5.0,10.27157,-74.84153,[0.3338144314091885,0.9412859231962276,0.050485009414534515]
2009-12-01T00:00:00.000Z,0,171.0,-0.72843,-74.34153,[0.31971861159142567,0.9473581000292058,0.017106715380353032]
2009-12-01T00:00:00.000Z,0,219.0,-0.22843,-74.34153,[0.31234286396440475,0.9499450261173062,0.006810483499975742]
2009-12-01T00:00:00.000Z,0,201.0,0.27157,-74.34153,[0.3088462092939745,0.9511059399848534,0.003392628814214114]
2009-12-01T00:00:00.000Z,0,242.0,0.77157,-74.34153,[0.30707887042656107,0.9515942182420049,0.013077122999153933]
2009-12-01T00:00:00.000Z,0,251.0,1.27157,-74.34153,[0.310877679907279,0.9502965442620234,0.01707472105551343]
2009-12-01T00:00:00.000Z,0,298.0,1.77157,-74.34153,[0.3165353231807797,0.9484114966246758,0.017917093764949793]
2009-12-01T00:00:00.000Z,0,313.0,2.27157,-74.34153,[0.315410400424373,0.9486574351225373,0.02377709172429889]
2009-12-01T00:00:00.000Z,0,364.0,2.77157,-74.34153,[0.2732394437432309,0.9616608994079944,0.023420523749419792]
2009-12-01T00:00:00.000Z,0,899.0,3.27157,-74.34153,[0.15638481465248252,0.9873250238507477,0.027075579850280553]
2009-12-01T00:00:00.000Z,0,3444.0,3.77157,-74.34153,[0.15227163624673287,0.9879671517110857,0.027097157316347736]
2009-12-01T00:00:00.000Z,0,2263.0,4.27157,-74.34153,[0.17569168723856643,0.9841031108722316,0.025951843997330724]
2009-12-01T00:00:00.000Z,0,2655.0,4.77157,-74.34153,[0.21340556248384288,0.9766974156006566,0.022808425196685855]
2009-12-01T00:00:00.000Z,0,1104.0,5.27157,-74.34153,[0.28549242928406593,0.958191189783363,0.01907135661209347]
2009-12-01T00:00:00.000Z,0,744.0,5.77157,-74.34153,[0.3154880454717095,0.9487754041475219,0.017103381219711725]
2009-12-01T00:00:00.000Z,0,119.0,6.27157,-74.34153,[0.32485245662242396,0.9457583932163477,0.003455877198110893]
2009-12-01T00:00:00.000Z,0,97.0,6.77157,-74.34153,[0.27947230969285525,0.9600695815331026,0.01271325016642008]
2009-12-01T00:00:00.000Z,0,575.0,7.27157,-74.34153,[0.2637433502387584,0.9642115192939223,0.027121785814026165]
2009-12-01T00:00:00.000Z,0,1234.0,7.77157,-74.34153,[0.30942453242081097,0.9501288616341631,0.03887936504023573]
2009-12-01T00:00:00.000Z,0,715.0,8.27157,-74.34153,[0.34533805156398545,0.9373461399593892,0.04608518249094301]
2009-12-01T00:00:00.000Z,0,14.0,8.77157,-74.34153,[0.36534734168921024,0.92952316865146,0.050079924728146846]
2009-12-01T00:00:00.000Z,0,37.0,9.27157,-74.34153,[0.35718684351100605,0.9326545358342936,0.05072549270694495]
2009-12-01T00:00:00.000Z,0,95.0,9.77157,-74.34153,[0.3486674298251919,0.9358967853202519,0.05028151356426452]
2009-12-01T00:00:00.000Z,0,119.0,10.27157,-74.34153,[0.32826859703495886,0.9433278095300622,0.048707001220710505]
2009-12-01T00:00:00.000Z,0,5.0,10.77157,-74.34153,[0.30502144274026827,0.9510904828751674,0.048875483147751655]
2009-12-01T00:00:00.000Z,0,156.0,-1.22843,-73.84153,[0.3157852689117191,0.9485210660300346,0.0242373933334456]
2009-12-01T00:00:00.000Z,0,195.0,-0.72843,-73.84153,[0.31165854128068343,0.950093388904173,0.013838569556866166]
2009-12-01T00:00:00.000Z,0,174.0,-0.22843,-73.84153,[0.302344465847931,0.9531928579785917,0.0033465608815229004]
2009-12-01T00:00:00.000Z,0,241.0,0.27157,-73.84153,[0.30333945744969276,0.9528563873324319,0.007062483551309641]
2009-12-01T00:00:00.000Z,0,232.0,0.77157,-73.84153,[0.30879852432989807,0.9509590919704817,0.01789627811457364]
2009-12-01T00:00:00.000Z,0,267.0,1.27157,-73.84153,[0.3115471838985296,0.9499249984528751,0.024100819886490023]
2009-12-01T00:00:00.000Z,0,265.0,1.77157,-73.84153,[0.295377837862004,0.9550160923759654,0.026385530180558454]
2009-12-01T00:00:00.000Z,0,554.0,2.27157,-73.84153,[0.2790926180556578,0.9598917658650659,0.026741510265583954]
2009-12-01T00:00:00.000Z,0,995.0,2.77157,-73.84153,[0.3113019406784108,0.9496526128088487,0.035369714660737725]
2009-12-01T00:00:00.000Z,0,363.0,3.27157,-73.84153,[0.29272815133237384,0.9552815802739607,0.041801098153223755]
2009-12-01T00:00:00.000Z,0,545.0,3.77157,-73.84153,[0.21935153027726254,0.9746322047995125,0.04446314802917484]
2009-12-01T00:00:00.000Z,0,1499.0,4.27157,-73.84153,[0.16245840733495814,0.9856618295770222,0.0455853441477196]
2009-12-01T00:00:00.000Z,0,3610.0,4.77157,-73.84153,[0.15788223782471977,0.9864580130753808,0.04442732738788626]
2009-12-01T00:00:00.000Z,0,2585.0,5.27157,-73.84153,[0.18313940056546313,0.9823959203172066,0.03685397813848208]
2009-12-01T00:00:00.000Z,0,2622.0,5.77157,-73.84153,[0.26796523002383316,0.963071617307879,0.026223947724554615]
2009-12-01T00:00:00.000Z,0,616.0,6.27157,-73.84153,[0.3264591929489591,0.9451995405959032,0.004714212172548146]
2009-12-01T00:00:00.000Z,0,101.0,6.77157,-73.84153,[0.3548137758862722,0.9348676961918162,0.011383104072801907]
2009-12-01T00:00:00.000Z,0,89.0,7.27157,-73.84153,[0.34968210271449063,0.9364774120641496,0.02706443671694345]
2009-12-01T00:00:00.000Z,0,59.0,7.77157,-73.84153,[0.3453412156484921,0.9376973286011139,0.03825133603884339]
2009-12-01T00:00:00.000Z,0,38.0,8.27157,-73.84153,[0.35573247290321397,0.9334910754460201,0.04526389051768481]
2009-12-01T00:00:00.000Z,0,29.0,8.77157,-73.84153,[0.37138217508096427,0.9271922330252647,0.0488860210055555]
2009-12-01T00:00:00.000Z,0,52.0,9.27157,-73.84153,[0.37336463946574283,0.9263548786744548,0.0496536479289493]
2009-12-01T00:00:00.000Z,0,46.0,9.77157,-73.84153,[0.31293839794055345,0.9485945187573026,0.047307484376169606]
2009-12-01T00:00:00.000Z,0,931.0,10.27157,-73.84153,[0.15207833092223333,0.9873570424269241,0.04470181242259586]
2009-12-01T00:00:00.000Z,0,2665.0,10.77157,-73.84153,[0.30081483843863666,0.9525803217223494,0.045838451571601775]
2009-12-01T00:00:00.000Z,0,139.0,-1.72843,-73.34153,[0.3119203921573798,0.9495731495565991,0.03188263786996096]
2009-12-01T00:00:00.000Z,0,199.0,-1.22843,-73.34153,[0.3095838405645171,0.95061803831335,0.021981603549376495]
2009-12-01T00:00:00.000Z,0,223.0,-0.72843,-73.34153,[0.3072205258353068,0.9515781830179728,0.010700939663926419]
2009-12-01T00:00:00.000Z,0,171.0,-0.22843,-73.34153,[0.3047756763295733,0.9524239885299166,5.77226659715101E-4]
2009-12-01T00:00:00.000Z,0,209.0,0.27157,-73.34153,[0.3040425835985299,0.952589691578664,0.011444948964355307]
2009-12-01T00:00:00.000Z,0,237.0,0.77157,-73.34153,[0.29912367997916994,0.9539620064200555,0.02194343598302791]
2009-12-01T00:00:00.000Z,0,249.0,1.27157,-73.34153,[0.30278256460897773,0.9526005301928606,0.029579527465646287]
2009-12-01T00:00:00.000Z,0,294.0,1.77157,-73.34153,[0.3142535412796717,0.9486899359386316,0.035101527629729366]
2009-12-01T00:00:00.000Z,0,229.0,2.27157,-73.34153,[0.3243250237069341,0.945244678759243,0.036411210839960635]
2009-12-01T00:00:00.000Z,0,267.0,2.77157,-73.34153,[0.3269434534436999,0.9442322125575513,0.03916001811769689]
2009-12-01T00:00:00.000Z,0,234.0,3.27157,-73.34153,[0.3310081045807531,0.9423850141608753,0.04841611081927433]
2009-12-01T00:00:00.000Z,0,256.0,3.77157,-73.34153,[0.337144556638628,0.9399941170221972,0.05238900545537045]
2009-12-01T00:00:00.000Z,0,300.0,4.27157,-73.34153,[0.2571156752029229,0.9650806971570176,0.050107659493034744]
2009-12-01T00:00:00.000Z,0,1229.0,4.77157,-73.34153,[0.19379571713640145,0.9798118866399427,0.04911096434264086]
2009-12-01T00:00:00.000Z,0,2684.0,5.27157,-73.34153,[0.17093653474584078,0.9841419610734804,0.047384612940574986]
2009-12-01T00:00:00.000Z,0,3515.0,5.77157,-73.34153,[0.24409332959851557,0.9691587372236626,0.033908531500877526]
2009-12-01T00:00:00.000Z,0,1301.0,6.27157,-73.34153,[0.24997481968954424,0.968212329783446,0.008801930270758599]
2009-12-01T00:00:00.000Z,0,1945.0,6.77157,-73.34153,[0.3090309258307342,0.9510486632155155,0.0025153680009478365]
2009-12-01T00:00:00.000Z,0,351.0,7.27157,-73.34153,[0.249594208824224,0.968156908667954,0.019363138173359083]
2009-12-01T00:00:00.000Z,0,325.0,7.77157,-73.34153,[0.25851676888244124,0.9653621684844316,0.035284045482603464]
2009-12-01T00:00:00.000Z,0,1339.0,8.27157,-73.34153,[0.2848224852482234,0.9577156066471513,0.04070588018339193]
2009-12-01T00:00:00.000Z,0,1230.0,8.77157,-73.34153,[0.3013570493377038,0.9524819189910559,0.04429585544481912]
2009-12-01T00:00:00.000Z,0,809.0,9.27157,-73.34153,[0.32910346923286576,0.9431777585677531,0.04589795509607783]
2009-12-01T00:00:00.000Z,0,74.0,9.77157,-73.34153,[0.3196725547274755,0.9464321305317387,0.04555963181549061]
2009-12-01T00:00:00.000Z,0,99.0,10.27157,-73.34153,[0.2530568894995101,0.9665367307272955,0.04205899228255746]
2009-12-01T00:00:00.000Z,0,1426.0,10.77157,-73.34153,[0.3210865632975769,0.9460366558461174,0.04379571514710244]
2009-12-01T00:00:00.000Z,0,146.0,-2.22843,-72.84153,[0.3027956710945405,0.9522867574200046,0.038271571811205864]
2009-12-01T00:00:00.000Z,0,165.0,-1.72843,-72.84153,[0.30654032941942255,0.9514103557536151,0.029178098022515402]
2009-12-01T00:00:00.000Z,0,168.0,-1.22843,-72.84153,[0.3065795113156413,0.9516501559426042,0.019260943275964084]
2009-12-01T00:00:00.000Z,0,178.0,-0.72843,-72.84153,[0.3018306222310822,0.9533291728581729,0.00785898601280931]
2009-12-01T00:00:00.000Z,0,191.0,-0.22843,-72.84153,[0.30381647347840957,0.952722601737956,0.0038980226785909153]
2009-12-01T00:00:00.000Z,0,247.0,0.27157,-72.84153,[0.29557629334472385,0.9552021526236829,0.014949997848709972]
2009-12-01T00:00:00.000Z,0,264.0,0.77157,-72.84153,[0.2940772449814045,0.9554649788306332,0.024601792868094146]
2009-12-01T00:00:00.000Z,0,246.0,1.27157,-72.84153,[0.298639866488032,0.9537955425819317,0.03298928757716632]
2009-12-01T00:00:00.000Z,0,259.0,1.77157,-72.84153,[0.3064535783897366,0.9510628294853894,0.03956891031315756]
2009-12-01T00:00:00.000Z,0,271.0,2.27157,-72.84153,[0.3249460666603929,0.9447506012163275,0.04308544143126691]
2009-12-01T00:00:00.000Z,0,193.0,2.77157,-72.84153,[0.3282941064812645,0.9433878970632619,0.047352458481312504]
2009-12-01T00:00:00.000Z,0,182.0,3.27157,-72.84153,[0.3316682854929121,0.941987249504033,0.051538045849827976]
2009-12-01T00:00:00.000Z,0,203.0,3.77157,-72.84153,[0.3354422385833372,0.940480646694764,0.05454042323632779]
2009-12-01T00:00:00.000Z,0,165.0,4.27157,-72.84153,[0.32904088179252766,0.9427575826639837,0.05422396553884351]
2009-12-01T00:00:00.000Z,0,293.0,4.77157,-72.84153,[0.24306101241723815,0.968669623015758,0.05099515358557742]
2009-12-01T00:00:00.000Z,0,1653.0,5.27157,-72.84153,[0.17739653710575354,0.9828027128705618,0.051276663280203215]
2009-12-01T00:00:00.000Z,0,2686.0,5.77157,-72.84153,[0.1794546720944395,0.9830421375761575,0.03773826192574242]
2009-12-01T00:00:00.000Z,0,2685.0,6.27157,-72.84153,[0.19800611656142283,0.9801302769790431,0.011756613170834481]
2009-12-01T00:00:00.000Z,0,1547.0,6.77157,-72.84153,[0.16921468707633588,0.9855786735820173,0.0010333721348173184]
2009-12-01T00:00:00.000Z,0,3795.0,7.27157,-72.84153,[0.22773180018809647,0.9735534458041124,0.018218544015047716]
2009-12-01T00:00:00.000Z,0,1328.0,7.77157,-72.84153,[0.3196599435820417,0.9469171913656708,0.034137269446685964]
2009-12-01T00:00:00.000Z,0,973.0,8.27157,-72.84153,[0.36610091148294516,0.9297201841439741,0.03988109585570227]
2009-12-01T00:00:00.000Z,0,83.0,8.77157,-72.84153,[0.3725812707891114,0.9269719589392325,0.043659867126834014]
2009-12-01T00:00:00.000Z,0,223.0,10.77157,-72.84153,[0.3322870250225442,0.9423064888699014,0.04054397656058655]
2009-12-01T00:00:00.000Z,0,51.0,11.27157,-72.84153,[0.36530269713192426,0.9299783451633142,0.04116086728247034]
2009-12-01T00:00:00.000Z,0,149.0,-2.22843,-72.34153,[0.2976462104843646,0.9540227418136911,0.035317721990308935]
2009-12-01T00:00:00.000Z,0,147.0,-1.72843,-72.34153,[0.30194057263415,0.95296485563715,0.026265462452189997]
2009-12-01T00:00:00.000Z,0,145.0,-1.22843,-72.34153,[0.30494189293988927,0.9522349073215873,0.016097304385674454]
2009-12-01T00:00:00.000Z,0,205.0,-0.72843,-72.34153,[0.30156147557728236,0.9534330863176482,0.0051016039101419944]
2009-12-01T00:00:00.000Z,0,176.0,-0.22843,-72.34153,[0.30282009279872674,0.9530262543175023,0.006399217055369321]
2009-12-01T00:00:00.000Z,0,150.0,0.27157,-72.34153,[0.3003741223192337,0.9536592856903429,0.017588446706145244]
2009-12-01T00:00:00.000Z,0,218.0,0.77157,-72.34153,[0.3029499078396277,0.9526219535489434,0.02706966857122149]
2009-12-01T00:00:00.000Z,0,234.0,1.27157,-72.34153,[0.30517874123220284,0.9516451587278998,0.0351770915466127]
2009-12-01T00:00:00.000Z,0,237.0,1.77157,-72.34153,[0.3106500790892797,0.9496008099433666,0.04189069248325136]
2009-12-01T00:00:00.000Z,0,203.0,2.27157,-72.34153,[0.3230831653614681,0.9452284428976782,0.0464807379163153]
2009-12-01T00:00:00.000Z,0,188.0,2.77157,-72.34153,[0.32566859701729556,0.9441958950837264,0.04933636208545596]
2009-12-01T00:00:00.000Z,0,220.0,3.27157,-72.34153,[0.3293595298842372,0.9427763494827609,0.05191391846502476]
2009-12-01T00:00:00.000Z,0,180.0,3.77157,-72.34153,[0.3368541009943513,0.9399715538776201,0.05461494799209887]
2009-12-01T00:00:00.000Z,0,190.0,4.27157,-72.34153,[0.3402261272657667,0.9387261029668599,0.055131533031387014]
2009-12-01T00:00:00.000Z,0,177.0,4.77157,-72.34153,[0.34005093441196865,0.9388906314095163,0.053382995953643604]
2009-12-01T00:00:00.000Z,0,257.0,5.27157,-72.34153,[0.2706926585369382,0.9615101219524727,0.04715686585372]
2009-12-01T00:00:00.000Z,0,1342.0,5.77157,-72.34153,[0.1998759031299267,0.9791389178643245,0.036559579749714445]
2009-12-01T00:00:00.000Z,0,3317.0,6.27157,-72.34153,[0.19780853627193287,0.9801666572961802,0.012046032657585656]
2009-12-01T00:00:00.000Z,0,3467.0,6.77157,-72.34153,[0.24504161968593835,0.9695124952791475,3.551327821535338E-4]
2009-12-01T00:00:00.000Z,0,2203.0,7.27157,-72.34153,[0.2557099282132772,0.9666523295237339,0.013989511767721891]
2009-12-01T00:00:00.000Z,0,97.0,11.27157,-72.34153,[0.3597634793781689,0.9323447916279306,0.03610302521928808]
2009-12-01T00:00:00.000Z,0,19.0,11.77157,-72.34153,[0.36558143683888217,0.930101182063587,0.03552469792603979]
2009-12-01T00:00:00.000Z,0,109.0,-2.22843,-71.84153,[0.29416061773562374,0.9551957137707333,0.03272123725373793]
2009-12-01T00:00:00.000Z,0,140.0,-1.72843,-71.84153,[0.2983764925584387,0.9541367691141117,0.02438225816055898]
2009-12-01T00:00:00.000Z,0,153.0,-1.22843,-71.84153,[0.3003503459941661,0.9537244195561019,0.014120949102710794]
2009-12-01T00:00:00.000Z,0,136.0,-0.72843,-71.84153,[0.3039946640862685,0.9526672930287151,0.003503284232964433]
2009-12-01T00:00:00.000Z,0,192.0,-0.22843,-71.84153,[0.29320853097690946,0.956017087591379,0.00775148989938956]
2009-12-01T00:00:00.000Z,0,216.0,0.27157,-71.84153,[0.3003678927264142,0.9536395073253073,0.018730165173814418]
2009-12-01T00:00:00.000Z,0,215.0,0.77157,-71.84153,[0.3002418129439922,0.9534396502648914,0.028419835729049648]
2009-12-01T00:00:00.000Z,0,232.0,1.27157,-71.84153,[0.2942185345228172,0.9550609460486761,0.03597281301001632]
2009-12-01T00:00:00.000Z,0,233.0,1.77157,-71.84153,[0.3123961355941561,0.9489769402011156,0.043028146978063]
2009-12-01T00:00:00.000Z,0,159.0,2.27157,-71.84153,[0.3187378338534446,0.9466633042913167,0.047273476481634484]
2009-12-01T00:00:00.000Z,0,186.0,2.77157,-71.84153,[0.32636428471122353,0.9439086003915684,0.05022855534217343]
2009-12-01T00:00:00.000Z,0,222.0,3.27157,-71.84153,[0.33120373404904163,0.9420906212950517,0.05262459329890329]
2009-12-01T00:00:00.000Z,0,206.0,3.77157,-71.84153,[0.33232945041276957,0.9416001095028471,0.05428047690075236]
2009-12-01T00:00:00.000Z,0,189.0,4.27157,-71.84153,[0.3414291118676532,0.9383070118114701,0.05482803256268883]
2009-12-01T00:00:00.000Z,0,149.0,4.77157,-71.84153,[0.34610618173063623,0.9367439049013958,0.05216672884055966]
2009-12-01T00:00:00.000Z,0,172.0,5.27157,-71.84153,[0.3474454912379816,0.9365921937719504,0.04557074921309758]
2009-12-01T00:00:00.000Z,0,213.0,5.77157,-71.84153,[0.34134528870005343,0.939331664830147,0.03375525632700528]
2009-12-01T00:00:00.000Z,0,412.0,6.27157,-71.84153,[0.3266339249279535,0.944994332425148,0.01720438230536549]
2009-12-01T00:00:00.000Z,0,325.0,6.77157,-71.84153,[0.3579544179231249,0.9337387485325641,7.643154831098751E-4]
2009-12-01T00:00:00.000Z,0,174.0,11.77157,-71.84153,[0.34904478931724164,0.9366453698944684,0.029380029028861342]
2009-12-01T00:00:00.000Z,0,107.0,-2.22843,-71.34153,[0.2898296206264463,0.9566556650752625,0.028438169542670103]
2009-12-01T00:00:00.000Z,0,121.0,-1.72843,-71.34153,[0.2951907780480264,0.9552240907621529,0.020232176922392823]
2009-12-01T00:00:00.000Z,0,140.0,-1.22843,-71.34153,[0.2958581791722825,0.9551676046685676,0.011080830680609834]
2009-12-01T00:00:00.000Z,0,186.0,-0.72843,-71.34153,[0.30037968427780254,0.9538175795537683,0.0020174754914180767]
2009-12-01T00:00:00.000Z,0,201.0,-0.22843,-71.34153,[0.297241333091437,0.9547751911421918,0.0072058504991863535]
2009-12-01T00:00:00.000Z,0,185.0,0.27157,-71.34153,[0.2991372919475628,0.9540666659842723,0.016543198721342488]
2009-12-01T00:00:00.000Z,0,228.0,0.77157,-71.34153,[0.2928763162275211,0.9558211560603594,0.02508746739778378]
2009-12-01T00:00:00.000Z,0,342.0,1.27157,-71.34153,[0.2997465915595325,0.9534247354605129,0.033663847975147494]
2009-12-01T00:00:00.000Z,0,222.0,1.77157,-71.34153,[0.31136188962860084,0.9493600257355074,0.04206322886303362]
2009-12-01T00:00:00.000Z,0,164.0,2.27157,-71.34153,[0.3176534975231905,0.9470119252002233,0.04758853895478509]
2009-12-01T00:00:00.000Z,0,189.0,2.77157,-71.34153,[0.3285156417081883,0.9431187057157583,0.05103508677459309]
2009-12-01T00:00:00.000Z,0,209.0,3.27157,-71.34153,[0.333053400898673,0.9413981737578727,0.05333770331735206]
2009-12-01T00:00:00.000Z,0,171.0,3.77157,-71.34153,[0.3334842028582944,0.9411665280667421,0.05471611180230534]
2009-12-01T00:00:00.000Z,0,165.0,4.27157,-71.34153,[0.3380412224438744,0.9395557506160627,0.05443457920235919]
2009-12-01T00:00:00.000Z,0,131.0,4.77157,-71.34153,[0.34420335353313924,0.9374847701684411,0.05144275574622554]
2009-12-01T00:00:00.000Z,0,146.0,5.27157,-71.34153,[0.35036146817439273,0.9355530243366401,0.04458004344154459]
2009-12-01T00:00:00.000Z,0,151.0,5.77157,-71.34153,[0.3531312274675988,0.9349809011953505,0.033302411131286]
2009-12-01T00:00:00.000Z,0,157.0,6.27157,-71.34153,[0.35588137230731953,0.9343457937255774,0.018611463993456992]
2009-12-01T00:00:00.000Z,0,154.0,6.77157,-71.34153,[0.3619539348037913,0.9321901338455537,0.00330203589645564]
2009-12-01T00:00:00.000Z,0,97.0,-2.22843,-70.84153,[0.28558514936287077,0.9580573501267627,0.023816723777054506]
2009-12-01T00:00:00.000Z,0,137.0,-1.72843,-70.84153,[0.2908285407935373,0.9566728315576885,0.013994756850215328]
2009-12-01T00:00:00.000Z,0,114.0,-1.22843,-70.84153,[0.2875425096642378,0.9577461538626323,0.006450573410718642]
2009-12-01T00:00:00.000Z,0,155.0,-0.72843,-70.84153,[0.29190939818726375,0.9564455660302392,8.845739339007993E-4]
2009-12-01T00:00:00.000Z,0,183.0,-0.22843,-70.84153,[0.2953402971853353,0.9553811128646832,0.00458672431234801]
2009-12-01T00:00:00.000Z,0,193.0,0.27157,-70.84153,[0.2981900987571939,0.9544342176129881,0.0117468826783137]
2009-12-01T00:00:00.000Z,0,250.0,0.77157,-70.84153,[0.2993869305953475,0.9539401058513354,0.01912433625095756]
2009-12-01T00:00:00.000Z,0,316.0,1.27157,-70.84153,[0.3046528952843695,0.9520402977636548,0.028388110696952615]
2009-12-01T00:00:00.000Z,0,186.0,1.77157,-70.84153,[0.3110719883512726,0.9495881749670425,0.03894247072217059]
2009-12-01T00:00:00.000Z,0,191.0,2.27157,-70.84153,[0.31448021562036854,0.9481519609527965,0.04593531239398641]
2009-12-01T00:00:00.000Z,0,160.0,2.77157,-70.84153,[0.32776203121150804,0.9433741119740822,0.05115990376474831]
2009-12-01T00:00:00.000Z,0,240.0,3.27157,-70.84153,[0.3344500963000421,0.9408706005803381,0.05390404482491521]
2009-12-01T00:00:00.000Z,0,186.0,3.77157,-70.84153,[0.3338034959632634,0.941054874228536,0.05468957646040183]
2009-12-01T00:00:00.000Z,0,176.0,4.27157,-70.84153,[0.3380412224438744,0.9395557506160627,0.05443457920235919]
2009-12-01T00:00:00.000Z,0,146.0,4.77157,-70.84153,[0.3421927063882922,0.9382301840609903,0.05126668910253687]
2009-12-01T00:00:00.000Z,0,123.0,5.27157,-70.84153,[0.3489973530729105,0.9360607577062706,0.044621804428607845]
2009-12-01T00:00:00.000Z,0,120.0,5.77157,-70.84153,[0.3515991200223761,0.935526987197347,0.03416599222832276]
2009-12-01T00:00:00.000Z,0,126.0,6.27157,-70.84153,[0.35789421110019765,0.9335282569256903,0.020898018620186365]
2009-12-01T00:00:00.000Z,0,122.0,6.77157,-70.84153,[0.3611637522293794,0.9324820223065161,0.006166210403916234]
2009-12-01T00:00:00.000Z,0,97.0,-3.72843,-70.34153,[0.2663380307308864,0.9629144187962816,0.04312627343757815]
2009-12-01T00:00:00.000Z,0,132.0,-2.22843,-70.34153,[0.27959406570575696,0.9599750620999943,0.016584286787109537]
2009-12-01T00:00:00.000Z,0,129.0,-1.72843,-70.34153,[0.2865483139145535,0.958044551427526,0.006379754913569304]
2009-12-01T00:00:00.000Z,0,144.0,-1.22843,-70.34153,[0.28475228977558786,0.9585935861911011,0.003803942802345639]
2009-12-01T00:00:00.000Z,0,134.0,-0.72843,-70.34153,[0.28564702693724553,0.9583348728161788,2.1805116560095082E-4]
2009-12-01T00:00:00.000Z,0,170.0,-0.22843,-70.34153,[0.290896583372414,0.9567511202172551,0.002543962516184609]
2009-12-01T00:00:00.000Z,0,177.0,0.27157,-70.34153,[0.2962908921450538,0.9550892015736393,0.0040403303474325514]
2009-12-01T00:00:00.000Z,0,190.0,0.77157,-70.34153,[0.2991674282573254,0.9541627825479849,0.00849907466640129]
2009-12-01T00:00:00.000Z,0,195.0,1.27157,-70.34153,[0.30375903880013916,0.9525424952562853,0.019830307061292102]
2009-12-01T00:00:00.000Z,0,216.0,1.77157,-70.34153,[0.3080649594867078,0.9508320742052145,0.03184882099956565]
2009-12-01T00:00:00.000Z,0,168.0,2.27157,-70.34153,[0.3138388799544707,0.9485691989635125,0.0414925560389244]
2009-12-01T00:00:00.000Z,0,193.0,2.77157,-70.34153,[0.3262538021482526,0.9439769937157162,0.04965774782697668]
2009-12-01T00:00:00.000Z,0,177.0,3.27157,-70.34153,[0.33170134474913676,0.9418381248716365,0.05399226268544343]
2009-12-01T00:00:00.000Z,0,174.0,3.77157,-70.34153,[0.32958664148682587,0.9425448234401845,0.054606790416082955]
2009-12-01T00:00:00.000Z,0,118.0,4.27157,-70.34153,[0.33521607716758356,0.940569652418934,0.054395868932322164]
2009-12-01T00:00:00.000Z,0,116.0,4.77157,-70.34153,[0.3345037561332587,0.941021555715541,0.05084947208619135]
2009-12-01T00:00:00.000Z,0,124.0,5.27157,-70.34153,[0.34376829227360256,0.9379963403465442,0.04456710360547062]
2009-12-01T00:00:00.000Z,0,105.0,5.77157,-70.34153,[0.3476619812049696,0.9369613677864429,0.035136051291991606]
2009-12-01T00:00:00.000Z,0,104.0,6.27157,-70.34153,[0.3532102675603293,0.9352609901597453,0.023008415316429904]
2009-12-01T00:00:00.000Z,0,109.0,6.77157,-70.34153,[0.35535908020995066,0.9346944821015252,0.0081332183850869]
2009-12-01T00:00:00.000Z,0,140.0,-3.72843,-69.84153,[0.26812207616184874,0.9625685262975183,0.03965330321780598]
2009-12-01T00:00:00.000Z,0,128.0,-3.22843,-69.84153,[0.27212029598544085,0.9617686797042679,0.030847224392242724]
2009-12-01T00:00:00.000Z,0,61.0,-2.72843,-69.84153,[0.27466073854433926,0.9613125849051875,0.020966468591170937]
2009-12-01T00:00:00.000Z,0,111.0,-2.22843,-69.84153,[0.2756786279328367,0.9611783579267485,0.011724263486798803]
2009-12-01T00:00:00.000Z,0,145.0,-1.72843,-69.84153,[0.2806566388901028,0.9598028566623362,0.003213625636146215]
2009-12-01T00:00:00.000Z,0,68.0,-1.22843,-69.84153,[0.2823996968847917,0.9592966802574987,5.389307192457858E-4]
2009-12-01T00:00:00.000Z,0,122.0,-0.72843,-69.84153,[0.2832777419099746,0.9590357140234638,0.002054304235225007]
2009-12-01T00:00:00.000Z,0,188.0,0.77157,-69.84153,[0.2986536548355853,0.9543443857528102,0.0057260663145168615]
2009-12-01T00:00:00.000Z,0,195.0,1.77157,-69.84153,[0.30613959585635087,0.9517949089218126,0.019104952222614373]
2009-12-01T00:00:00.000Z,0,182.0,2.27157,-69.84153,[0.31328404679436694,0.9491691380572828,0.03051316738294578]
2009-12-01T00:00:00.000Z,0,180.0,2.77157,-69.84153,[0.3223253472194439,0.9456456877982214,0.04313471558377853]
2009-12-01T00:00:00.000Z,0,198.0,3.27157,-69.84153,[0.32437340123695835,0.9444990212487906,0.05199514813945362]
2009-12-01T00:00:00.000Z,0,149.0,3.77157,-69.84153,[0.3261744745643338,0.943747468684304,0.05432244006531]
2009-12-01T00:00:00.000Z,0,188.0,4.27157,-69.84153,[0.32731293132155687,0.9434313902797816,0.052947680066722444]
2009-12-01T00:00:00.000Z,0,143.0,4.77157,-69.84153,[0.33031694631322756,0.9425527515677813,0.04985002999305852]
2009-12-01T00:00:00.000Z,0,100.0,5.27157,-69.84153,[0.33670006571321853,0.9405643140032299,0.044405370985366496]
2009-12-01T00:00:00.000Z,0,112.0,5.77157,-69.84153,[0.3413365862037216,0.9392895267836223,0.03499313923311534]
2009-12-01T00:00:00.000Z,0,98.0,6.27157,-69.84153,[0.3498072154846274,0.9365405946485592,0.02294834569668655]
2009-12-01T00:00:00.000Z,0,169.0,0.77157,-69.34153,[0.2935352842102431,0.9559281142393955,0.006203009779537213]
2009-12-01T00:00:00.000Z,0,182.0,1.77157,-69.34153,[0.30690735195722696,0.9516418264046851,0.013627602568250003]
2009-12-01T00:00:00.000Z,0,167.0,2.27157,-69.34153,[0.3095936759346732,0.9506482391153904,0.02048612428117912]
2009-12-01T00:00:00.000Z,0,128.0,2.77157,-69.34153,[0.31568253990479545,0.9482124999354372,0.03517938267573735]
2009-12-01T00:00:00.000Z,0,182.0,3.27157,-69.34153,[0.32043858917966545,0.9460006879090859,0.04900825481571354]
2009-12-01T00:00:00.000Z,0,123.0,3.77157,-69.34153,[0.32109044599952236,0.9455641442853581,0.0530035331815388]
2009-12-01T00:00:00.000Z,0,172.0,4.27157,-69.34153,[0.32687669248421825,0.943647677938017,0.051775359320492965]
2009-12-01T00:00:00.000Z,0,142.0,4.77157,-69.34153,[0.33059921219092936,0.9425082994825041,0.048808465508915384]
2009-12-01T00:00:00.000Z,0,117.0,5.27157,-69.34153,[0.3362422027001889,0.9407498450998064,0.043942121796919996]
2009-12-01T00:00:00.000Z,0,83.0,5.77157,-69.34153,[0.346575948048624,0.9373584360033959,0.03527427798644358]
2009-12-01T00:00:00.000Z,0,139.0,1.77157,-68.84153,[0.3022442198370264,0.9531446932688248,0.012791609303964037]
2009-12-01T00:00:00.000Z,0,178.0,2.27157,-68.84153,[0.3041882730805626,0.9524396864994396,0.018114582554235755]
2009-12-01T00:00:00.000Z,0,155.0,2.77157,-68.84153,[0.31122687131882687,0.9498183035804199,0.03135322555508182]
2009-12-01T00:00:00.000Z,0,154.0,3.27157,-68.84153,[0.3180055666054062,0.9470275664842316,0.04484693888024959]
2009-12-01T00:00:00.000Z,0,118.0,3.77157,-68.84153,[0.3235644145947678,0.944808090616722,0.05141732697378674]
2009-12-01T00:00:00.000Z,0,168.0,4.27157,-68.84153,[0.33445225385041194,0.9410215744536681,0.051186778635887414]
2009-12-01T00:00:00.000Z,0,130.0,4.77157,-68.84153,[0.3386226709834343,0.9396779119790303,0.04837466728334776]
2009-12-01T00:00:00.000Z,0,118.0,5.27157,-68.84153,[0.3437739120830916,0.93801167439815,0.04419950298211178]
2009-12-01T00:00:00.000Z,0,76.0,5.77157,-68.84153,[0.36025337567771076,0.9321241188863845,0.03690707659915009]
2009-12-01T00:00:00.000Z,0,140.0,1.77157,-68.34153,[0.29862771319723935,0.9542614895400504,0.014370055371897231]
2009-12-01T00:00:00.000Z,0,115.0,2.27157,-68.34153,[0.2998393263954855,0.9538284986845066,0.017537771921245376]
2009-12-01T00:00:00.000Z,0,126.0,2.77157,-68.34153,[0.31025838210769735,0.9503099333446879,0.02551013363996623]
2009-12-01T00:00:00.000Z,0,132.0,3.27157,-68.34153,[0.3156655160767824,0.9481570832159236,0.03678895904277207]
2009-12-01T00:00:00.000Z,0,110.0,3.77157,-68.34153,[0.32431913849111227,0.9447557512567184,0.04747280143130774]
2009-12-01T00:00:00.000Z,0,121.0,4.27157,-68.34153,[0.33736129617876365,0.9400494480710744,0.049943878722550065]
2009-12-01T00:00:00.000Z,0,109.0,4.77157,-68.34153,[0.3488227171277494,0.935925741025863,0.04863866055724957]
2009-12-01T00:00:00.000Z,0,89.0,5.27157,-68.34153,[0.35819235664617355,0.9325569425665291,0.04511966878455309]
2009-12-01T00:00:00.000Z,0,65.0,5.77157,-68.34153,[0.3660371880304719,0.92975996541538,0.03953711787088721]
2009-12-01T00:00:00.000Z,0,136.0,2.27157,-67.84153,[0.3022236173943402,0.9530797222697921,0.017318432007990284]
2009-12-01T00:00:00.000Z,0,120.0,2.77157,-67.84153,[0.31028539163285396,0.9503926625198899,0.021834897929719353]
2009-12-01T00:00:00.000Z,0,103.0,3.27157,-67.84153,[0.31919208696117785,0.9470918492680204,0.033666610632036645]
2009-12-01T00:00:00.000Z,0,95.0,3.77157,-67.84153,[0.3265237277369101,0.9440794736741095,0.04578430530224065]
2009-12-01T00:00:00.000Z,0,110.0,4.27157,-67.84153,[0.3360881578105095,0.9405632617862458,0.048841588401239505]
2009-12-01T00:00:00.000Z,0,101.0,4.77157,-67.84153,[0.35552211420162577,0.9334025825152223,0.04861733505160041]
2009-12-01T00:00:00.000Z,0,80.0,5.77157,-67.84153,[0.3746686595481464,0.9262641861051397,0.04071919806894785]
2009-12-01T00:00:00.000Z,0,54.0,6.27157,-67.84153,[0.3652876677835,0.9304016904172072,0.03029214806009512]
2009-12-01T00:00:00.000Z,0,114.0,2.27157,-67.34153,[0.3082971665886033,0.9511538509937278,0.016099963144071503]
