COMFORT ZONE,20.0603456745209,25.017449959123,20.0707105718155,86.1502017359128,24.1944012652616,84.0889282439301,27.2186280913801,53.2914980096999,27.1579481790439,23.6889449926101,20.0603456745209,25.0174499591229,23.5226494419768,51.9191148427236
HEATING INTERNAL GAINS,13.6206018696592,0.445507440397906,13.546823303017,104.999051057271,15.0498864889627,103.995413340515,15.0526631288772,103.992931283756,15.0552945370696,103.992898939887,18.1194425880365,102.356752922605,18.1219531012617,102.354293651834,18.1243203771803,102.353793247396,19.8731516766715,101.496914049216,19.8562748722094,0.43117704037455,13.6206018696592,0.445507440397899,16.9294324766301,52.8823223953712
PASSIVE SOLAR HEATING,7.14386003855094,1.31595240281289,7.1194516347699,108.059264960673,10.0565313840424,106.501071717018,10.0602627718123,106.497193892614,10.0638081722924,106.498093989836,13.347671589468,105.169841508799,13.4205954908058,0.454792393666938,7.14386003855094,1.31595240281288,10.4773691209234,54.4367290092118
ACTIVE SOLAR HEATING,1.41188990709235,2.79756196035153,1.41188990709235,108.544786046335,5.18731303761619,106.391710581968,5.1939060146857,106.383416631663,5.20006984871792,106.392477298735,6.91980539423165,107.995836260872,6.9438545913315,1.35402623094092,1.41188990709234,2.79756196035153,4.35888344237028,55.4201179368129
HUMIDIFICATION,-5.10640429272165,44.8286965503658,1.31646177612104,32.7324068021327,1.33281363634061,32.7096795973179,1.3480734814052,32.7980517796518,4.12201236017801,45.4412163933168,7.0527227402041,48.2665411207401,10.350079995418,43.4567810110995,13.4893621480351,35.3276456839657,16.8761943644391,25.2408809297137,19.9307633580425,16.0039054858267,21.9779731097127,10.5601893926208,22.0004667062681,1.90047996785884,-5.10640429272165,19.9268525551745,-5.10640429272165,44.8286965503657,10.5583805241009,19.7266525657864
CONVENTIONAL HEATING,-5.10640429272165,4.78050062981806,-5.10640429272165,110.288346613885,1.21188990709234,108.669284787415,1.21188990709235,2.8526973221961,-5.10640429272165,4.78050062981811,-1.67494499009595,57.9213590405218
SOLAR PROTECTION,20.073346871863,101.368710572231,22.2506117563877,100.852237371965,22.2528264981898,100.850967514785,22.2548714662718,100.851442396485,25.2949696918044,100.02507738847,25.2993161288493,100.022001252349,25.3028350278683,100.026114796613,28.5164537154677,101.588553699525,28.5194338638554,101.588238615518,28.5217732139242,101.592757718754,30.0001837343324,103.852413432162,32.8585570774979,84.6973116330394,47.9196025710805,29.3974793876369,47.9196025710805,0.567496931986021,20.0565728330567,2.23667569465285,20.073346871863,101.368710572231,34.3733353929123,35.4072068506782
COOLING HIGH THERMAL MASS,20.7199372978076,23.8449025596938,27.2832299038579,22.8492407429877,27.3567574220263,22.8263959320568,27.3573497726901,23.1167326680045,27.4188603227446,52.7781271934034,27.4190986097993,52.8911795147358,27.4021510847776,53.0385349064759,24.3990975470043,83.2972093879678,31.8191887465629,54.0704350423955,35.0033949890797,33.2416687297893,35.0033949890797,10.358137674143,20.7199372978076,23.8449025596938,30.3270128388341,35.0294644750054
EVAPORATIVE COOLING,20.2937712055806,23.8083530659716,27.2832299038579,22.8492407429877,27.3567574220263,22.8263959320568,27.3573497726901,23.1167326680045,27.4188603227446,52.7781271934034,27.4190986097993,52.8911795147358,27.4021510847776,53.0385349064759,24.5007522150785,82.1256172767139,34.786433931927,33.1522683398964,38.2552508042785,22.4546597921702,40.4778339439337,12.1598470620908,40.4778339439337,0.834983063843087,30.1079242852584,1.57313602824167,20.2937712055806,23.8083530659716,32.3069608321537,20.5628264154643
COOLING HIGH THERMAL MASS WITH NIGHT COOLING,20.7199372978076,23.8449025596938,27.2832299038579,22.8492407429877,27.3567574220263,22.8263959320568,27.3573497726901,23.1167326680045,27.4188603227446,52.7781271934034,27.4190986097993,52.8911795147358,27.4021510847776,53.0385349064759,24.3984910371805,83.3042334107525,39.6163449275895,35.3468874558727,43.6172441972171,22.5196449949784,43.5262146333676,6.55886374706544,20.7199372978076,23.8449025596938,34.6778164030213,28.0167965148613
COOLING NATURAL AND MECHANICAL VENTILATION,20.0709822310372,87.7244934579239,20.0729122131345,98.8686120524585,23.823899916765,96.6048391693163,23.8252765735101,96.603391718917,23.8265938363537,96.6025319462559,26.2638576666001,94.3669098487867,30.6015613743287,54.2680764022313,30.4797620278479,23.5781537117787,27.3584914677569,23.6760709715662,27.4188603227446,52.7781271934034,27.4190986097993,52.8911795147358,27.4021510847776,53.0385349064759,24.2958683070234,84.4985331798591,24.2307598804093,85.2622809694662,24.1445445558988,85.3485981396748,20.0709822310372,87.7244934579239,27.1373556134518,59.994492016505
AIR CONDITIONED,40.6778339439337,0.825662452530949,40.6778339439337,7.25077320124098,43.6253399055029,6.21140237957033,43.7244651776382,6.1795188905687,43.7253360461475,6.33396617190457,43.8176018712293,22.3465304212126,43.8179672639523,22.4085864917602,43.788732642541,22.4870958786825,39.7290363389415,35.4482711072975,39.6994739263807,35.5593998126061,39.6574178404238,35.6390299543186,29.857437794157,61.1971527287099,27.3757823244775,83.8237204987999,32.9397043832473,84.2103417052806,47.9196025710805,29.3974793876369,47.9196025710805,0.567840397516918,40.6778339439337,0.825662452530933,40.1758678859559,34.02191163159
CONVENTIONAL DRY,30.0001837343324,103.852413432162,32.7590819288985,85.298245281697,27.6896398722659,85.4434696086764,26.3159664408482,95.0506906184492,25.623556014821,100.376106064301,28.5164537154677,101.588553699525,28.5194338638554,101.588238615518,28.5217732139242,101.592757718754,30.0001837343324,103.852413432162,29.1863831624576,93.9156492136238
