2008-09-01T00:00:00.000Z,8,10.0,1.77157,-78.84153,[0.27927296195814305,0.9602094269716231,0.0021140184371333534]
2008-09-01T00:00:00.000Z,2,235.0,1.27157,-78.34153,[0.29449478081828717,0.9556530239202125,3.4920329741298874E-4]
2008-09-01T00:00:00.000Z,2,57.0,1.77157,-78.34153,[0.28984838817601644,0.9570680111537483,0.002955316899049579]
2008-09-01T00:00:00.000Z,8,1772.0,1.27157,-77.84153,[0.2773914864597685,0.9607507706997134,0.0034525120632331705]
2008-09-01T00:00:00.000Z,2,528.0,1.77157,-77.84153,[0.2983370626422555,0.9544455246250284,0.005360744094353029]
2008-09-01T00:00:00.000Z,2,116.0,2.27157,-77.84153,[0.28723752883431447,0.9578309813657879,0.007376527977846208]
2008-09-01T00:00:00.000Z,6,167.0,7.27157,-77.84153,[0.24632737087655995,0.9633905225384103,0.10583726867323381]
2008-09-01T00:00:00.000Z,1,2201.0,0.77157,-77.34153,[0.18700056121211864,0.9823447202915092,0.005444320136555353]
2008-09-01T00:00:00.000Z,8,2447.0,1.27157,-77.34153,[0.24656670521519503,0.9690930204975327,0.007973550168650586]
2008-09-01T00:00:00.000Z,1,1706.0,1.77157,-77.34153,[0.22467646232296531,0.9743863418638076,0.009578312341136944]
2008-09-01T00:00:00.000Z,2,2096.0,2.27157,-77.34153,[0.2868960802057061,0.9579009620091344,0.01078824103252862]
2008-09-01T00:00:00.000Z,2,57.0,2.77157,-77.34153,[0.2888816868364376,0.9572746093207443,0.013141284577657553]
2008-09-01T00:00:00.000Z,8,74.0,3.27157,-77.34153,[0.2693125179454034,0.9628991217016207,0.017206077535400773]
2008-09-01T00:00:00.000Z,8,28.0,4.27157,-77.34153,[0.253384076616433,0.9660898857447264,0.04966731701007371]
2008-09-01T00:00:00.000Z,6,14.0,5.27157,-77.34153,[0.24668557770036484,0.9655978327128567,0.08226208856375432]
2008-09-01T00:00:00.000Z,9,499.0,6.27157,-77.34153,[0.26152936047709924,0.9599913071328062,0.10009537370870505]
2008-09-01T00:00:00.000Z,9,695.0,6.77157,-77.34153,[0.27445208954186184,0.9557390412281306,0.10601384635244467]
2008-09-01T00:00:00.000Z,9,345.0,7.27157,-77.34153,[0.27449372455385684,0.9553246161638169,0.10958135303055547]
2008-09-01T00:00:00.000Z,8,279.0,0.27157,-76.84153,[0.27751290751585583,0.9607120569510771,0.004350837956816383]
2008-09-01T00:00:00.000Z,1,485.0,0.77157,-76.84153,[0.19810417490928506,0.980154958417451,0.007140964444404462]
2008-09-01T00:00:00.000Z,11,3335.0,1.27157,-76.84153,[0.16027547128371478,0.987020168481006,0.010146936311486979]
2008-09-01T00:00:00.000Z,11,2008.0,1.77157,-76.84153,[0.16644742815387112,0.9859698348281394,0.012599145603313856]
2008-09-01T00:00:00.000Z,1,1013.0,2.27157,-76.84153,[0.20895964480731619,0.9778387798441812,0.012930099568187522]
2008-09-01T00:00:00.000Z,8,2856.0,2.77157,-76.84153,[0.24770339047645074,0.968717954304617,0.015118047306074458]
2008-09-01T00:00:00.000Z,8,1911.0,3.27157,-76.84153,[0.24966533124352908,0.9681592256819205,0.018301259575317516]
2008-09-01T00:00:00.000Z,8,794.0,3.77157,-76.84153,[0.2643426649370138,0.9641377696250419,0.023692122666553933]
2008-09-01T00:00:00.000Z,8,70.0,4.27157,-76.84153,[0.2731507333461648,0.9614045496514619,0.03301467525089472]
2008-09-01T00:00:00.000Z,9,24.0,4.77157,-76.84153,[0.27188178723578904,0.9600825611763801,0.06574016652302868]
2008-09-01T00:00:00.000Z,9,133.0,5.27157,-76.84153,[0.2765193376101599,0.9575961497005537,0.08091149489604678]
2008-09-01T00:00:00.000Z,9,76.0,5.77157,-76.84153,[0.26990760884042125,0.958118244927551,0.0957042915808665]
2008-09-01T00:00:00.000Z,9,38.0,6.27157,-76.84153,[0.2613886826916806,0.959853523326827,0.10177018383487564]
2008-09-01T00:00:00.000Z,7,20.0,6.77157,-76.84153,[0.28354126578427563,0.9528305326936706,0.10825121968895794]
2008-09-01T00:00:00.000Z,7,15.0,7.27157,-76.84153,[0.2862509915782276,0.9515911341654593,0.1119583994087817]
2008-09-01T00:00:00.000Z,7,8.0,7.77157,-76.84153,[0.2986328921147585,0.9473485379071178,0.11553849346612192]
2008-09-01T00:00:00.000Z,8,294.0,0.77157,-76.34153,[0.26192320806050023,0.9650415088095764,0.009545645804871564]
2008-09-01T00:00:00.000Z,1,1412.0,1.27157,-76.34153,[0.1912834231926376,0.9814661356669858,0.011613636408124425]
2008-09-01T00:00:00.000Z,11,2388.0,1.77157,-76.34153,[0.13717436032787103,0.9904453813503908,0.014182433864407004]
2008-09-01T00:00:00.000Z,11,3852.0,2.27157,-76.34153,[0.14661725178403948,0.98908463505106,0.014661725178403948]
2008-09-01T00:00:00.000Z,1,2450.0,2.77157,-76.34153,[0.21005382713066562,0.9775581954927132,0.01604257251162776]
2008-09-01T00:00:00.000Z,1,990.0,3.27157,-76.34153,[0.2130511323729557,0.976862106944084,0.018698636617839194]
2008-09-01T00:00:00.000Z,1,962.0,3.77157,-76.34153,[0.2326288009183933,0.9722980465569737,0.02281117368228905]
2008-09-01T00:00:00.000Z,1,1899.0,4.27157,-76.34153,[0.19726104499628938,0.9799419654654374,0.028316504846241534]
2008-09-01T00:00:00.000Z,6,1358.0,4.77157,-76.34153,[0.23099501928511149,0.97169735811953,0.04945245483286893]
2008-09-01T00:00:00.000Z,6,407.0,5.27157,-76.34153,[0.21678545898553783,0.9733667108450649,0.07457419789102501]
2008-09-01T00:00:00.000Z,6,480.0,5.77157,-76.34153,[0.20980955098877763,0.9732526815500364,0.09359043845153849]
2008-09-01T00:00:00.000Z,6,1095.0,6.27157,-76.34153,[0.20779748812778065,0.9729684470149731,0.10076013617029365]
2008-09-01T00:00:00.000Z,6,1485.0,6.77157,-76.34153,[0.2309303179431148,0.9673532673285317,0.1043975308305049]
2008-09-01T00:00:00.000Z,9,827.0,7.27157,-76.34153,[0.27113875911159063,0.9561208873935038,0.11098027751490612]
2008-09-01T00:00:00.000Z,7,201.0,7.77157,-76.34153,[0.2896412508734227,0.9502461038270368,0.11463109505721228]
2008-09-01T00:00:00.000Z,7,165.0,8.27157,-76.34153,[0.2925329358310029,0.949352169111934,0.11469498880317436]
2008-09-01T00:00:00.000Z,7,99.0,8.77157,-76.34153,[0.30454539576763606,0.9452186727899223,0.11753196384810252]
2008-09-01T00:00:00.000Z,2,267.0,0.27157,-75.84153,[0.29202020192371786,0.9563370756226935,0.01198329912276611]
2008-09-01T00:00:00.000Z,8,241.0,0.77157,-75.84153,[0.2838301512731594,0.9587920963739652,0.012576214019826983]
2008-09-01T00:00:00.000Z,1,250.0,1.27157,-75.84153,[0.23248289103269063,0.9725150639733842,0.01289014049290166]
2008-09-01T00:00:00.000Z,8,1712.0,1.77157,-75.84153,[0.2508044449372322,0.967910357888833,0.015705715241215026]
2008-09-01T00:00:00.000Z,1,1262.0,2.27157,-75.84153,[0.22090475363609263,0.9751541334543536,0.016598368229010275]
2008-09-01T00:00:00.000Z,11,2705.0,2.77157,-75.84153,[0.1783391531083487,0.9838179770811554,0.01724338831378736]
2008-09-01T00:00:00.000Z,11,1867.0,3.27157,-75.84153,[0.1521167025068906,0.9881866989921315,0.01864287406663396]
2008-09-01T00:00:00.000Z,11,3782.0,3.77157,-75.84153,[0.17027826304808683,0.9851813790639308,0.02056607592658711]
2008-09-01T00:00:00.000Z,1,2035.0,4.27157,-75.84153,[0.22328828347009363,0.9744529704258957,0.02416093733958449]
2008-09-01T00:00:00.000Z,1,1185.0,4.77157,-75.84153,[0.22498969208236466,0.9738190207807399,0.03249851107856378]
2008-09-01T00:00:00.000Z,6,1530.0,5.27157,-75.84153,[0.24320312362930085,0.9680901037671198,0.06044660160106895]
2008-09-01T00:00:00.000Z,6,1704.0,5.77157,-75.84153,[0.23635917575028173,0.9672544730703837,0.09248310312690511]
2008-09-01T00:00:00.000Z,6,488.0,6.27157,-75.84153,[0.18938575355193746,0.9770076815591127,0.09792357492479589]
2008-09-01T00:00:00.000Z,6,896.0,6.77157,-75.84153,[0.1946751569648587,0.9755033821681718,0.10244381210773713]
2008-09-01T00:00:00.000Z,6,2421.0,7.27157,-75.84153,[0.24590809315112536,0.9634061658085215,0.10666662741879983]
2008-09-01T00:00:00.000Z,7,131.0,7.77157,-75.84153,[0.2976519607105531,0.9477865064730769,0.11447291571687812]
2008-09-01T00:00:00.000Z,7,43.0,8.27157,-75.84153,[0.2941914542117168,0.9489333372693721,0.11391623978874747]
2008-09-01T00:00:00.000Z,7,10.0,8.77157,-75.84153,[0.2998652160904983,0.9471757379094706,0.11374960964613735]
2008-09-01T00:00:00.000Z,7,155.0,9.27157,-75.84153,[0.3116569844609727,0.9429621581126865,0.1170140692573249]
2008-09-01T00:00:00.000Z,2,228.0,0.27157,-75.34153,[0.291752747864602,0.9563006735561954,0.019218633391080923]
2008-09-01T00:00:00.000Z,2,189.0,0.77157,-75.34153,[0.288319866612827,0.9572219571545856,0.024449524688767727]
2008-09-01T00:00:00.000Z,8,244.0,1.27157,-75.34153,[0.2816939518638727,0.9591562658505418,0.025841345997429647]
2008-09-01T00:00:00.000Z,1,1357.0,1.77157,-75.34153,[0.2261723358970068,0.9738301094840033,0.0223828581120872]
2008-09-01T00:00:00.000Z,8,2437.0,2.27157,-75.34153,[0.2830146683460219,0.958889880880129,0.020806101188908462]
2008-09-01T00:00:00.000Z,4,485.0,2.77157,-75.34153,[0.3444146052431234,0.9385641035310613,0.02181749889787116]
2008-09-01T00:00:00.000Z,4,694.0,3.27157,-75.34153,[0.3489533740580885,0.9368787085606268,0.02213206224570756]
2008-09-01T00:00:00.000Z,8,442.0,3.77157,-75.34153,[0.2612174172745352,0.9650532360420325,0.020921580179858602]
2008-09-01T00:00:00.000Z,11,2270.0,4.27157,-75.34153,[0.12616335080482774,0.9917841188268403,0.02114404305154983]
2008-09-01T00:00:00.000Z,11,4229.0,4.77157,-75.34153,[0.16381175521515107,0.9861910398425647,0.024350396045495427]
2008-09-01T00:00:00.000Z,11,3209.0,5.27157,-75.34153,[0.18874922159017393,0.9812685435681934,0.03854577477052347]
2008-09-01T00:00:00.000Z,6,1992.0,5.77157,-75.34153,[0.2096998028677924,0.9755095801916089,0.06638562820068787]
2008-09-01T00:00:00.000Z,6,2185.0,6.27157,-75.34153,[0.21146305461635267,0.9734013625197188,0.08816554869718832]
2008-09-01T00:00:00.000Z,6,2092.0,6.77157,-75.34153,[0.23370655808500534,0.9674609318924322,0.09695663963796845]
2008-09-01T00:00:00.000Z,7,869.0,7.27157,-75.34153,[0.29285562721042574,0.9498321293174644,0.10979302221653223]
2008-09-01T00:00:00.000Z,7,83.0,7.77157,-75.34153,[0.3037401497357288,0.9459656323872884,0.11353829213368757]
2008-09-01T00:00:00.000Z,7,30.0,8.27157,-75.34153,[0.307053351126935,0.9447795419290308,0.1144982825813992]
2008-09-01T00:00:00.000Z,7,74.0,8.77157,-75.34153,[0.3043855186282237,0.9457291759592782,0.11377953150198918]
2008-09-01T00:00:00.000Z,7,180.0,9.27157,-75.34153,[0.29591409302074123,0.9486983656395299,0.11138339456398688]
2008-09-01T00:00:00.000Z,7,136.0,9.77157,-75.34153,[0.30688561582845636,0.9452076967516456,0.11137157985338163]
2008-09-01T00:00:00.000Z,7,79.0,10.27157,-75.34153,[0.3085916183997037,0.9447136909853746,0.11084789180783582]
2008-09-01T00:00:00.000Z,2,205.0,0.27157,-74.84153,[0.2894805863065823,0.9568941602912026,0.0235490159495434]
2008-09-01T00:00:00.000Z,0,239.0,0.77157,-74.84153,[0.2854400222355977,0.957936714622666,0.029685762312502164]
2008-09-01T00:00:00.000Z,0,226.0,1.27157,-74.84153,[0.2856390434550706,0.9578658686143934,0.030055192524188153]
2008-09-01T00:00:00.000Z,2,258.0,1.77157,-74.84153,[0.2889847883700173,0.9569660205039917,0.026529751063477002]
2008-09-01T00:00:00.000Z,1,576.0,2.27157,-74.84153,[0.21983616168691528,0.9752306321642943,0.02443923286838579]
2008-09-01T00:00:00.000Z,8,1998.0,2.77157,-74.84153,[0.2465054632620397,0.9688523182935888,0.023669430054514256]
2008-09-01T00:00:00.000Z,8,2106.0,3.27157,-74.84153,[0.255991582240164,0.9663988439592794,0.02327196202183309]
2008-09-01T00:00:00.000Z,4,361.0,3.77157,-74.84153,[0.33920839282683524,0.9403537685315354,0.025931761304908638]
2008-09-01T00:00:00.000Z,2,289.0,4.27157,-74.84153,[0.3104464498539821,0.9502690111384086,0.0247347577932441]
2008-09-01T00:00:00.000Z,2,277.0,4.77157,-74.84153,[0.3131690582511197,0.9493707671392211,0.024905570774301646]
2008-09-01T00:00:00.000Z,4,325.0,5.27157,-74.84153,[0.31715135970359676,0.9478363829924982,0.031956315711579135]
2008-09-01T00:00:00.000Z,0,379.0,5.77157,-74.84153,[0.28540118070267007,0.9570682164125683,0.05066157504842577]
2008-09-01T00:00:00.000Z,6,978.0,6.27157,-74.84153,[0.25578261307182565,0.9641036954245737,0.07126934347129502]
2008-09-01T00:00:00.000Z,9,1143.0,6.77157,-74.84153,[0.2699692358159841,0.9585547360753767,0.09104630503429746]
2008-09-01T00:00:00.000Z,7,322.0,7.27157,-74.84153,[0.2894615987426284,0.9512459409061185,0.10650419129308923]
2008-09-01T00:00:00.000Z,7,55.0,7.77157,-74.84153,[0.31072996442118395,0.9435304029139601,0.1148793627586348]
2008-09-01T00:00:00.000Z,7,27.0,8.27157,-74.84153,[0.31683322804835656,0.9413492660064889,0.11609593013324257]
2008-09-01T00:00:00.000Z,7,14.0,8.77157,-74.84153,[0.3213618170804797,0.9398969273751663,0.11541381387621527]
2008-09-01T00:00:00.000Z,7,48.0,9.27157,-74.84153,[0.3176279627934017,0.9414584220926727,0.11299786158369579]
2008-09-01T00:00:00.000Z,7,15.0,9.77157,-74.84153,[0.31224508368855064,0.9435231876675769,0.11075649888807645]
2008-09-01T00:00:00.000Z,7,5.0,10.27157,-74.84153,[0.32109466458133307,0.9404302809624095,0.11175465550197285]
2008-09-01T00:00:00.000Z,2,171.0,-0.72843,-74.34153,[0.3056642749903988,0.9521266496827364,0.0049187354596156125]
2008-09-01T00:00:00.000Z,2,219.0,-0.22843,-74.34153,[0.29364300721602843,0.9557791999580534,0.016121576866762344]
2008-09-01T00:00:00.000Z,2,201.0,0.27157,-74.34153,[0.2892407197018756,0.9568951873141102,0.026294610881988686]
2008-09-01T00:00:00.000Z,0,242.0,0.77157,-74.34153,[0.2839609914344286,0.9582269312548247,0.03416582446740934]
2008-09-01T00:00:00.000Z,0,251.0,1.27157,-74.34153,[0.2865535243377471,0.9574526487792979,0.03422722651811979]
2008-09-01T00:00:00.000Z,2,298.0,1.77157,-74.34153,[0.2957744571949158,0.9548624208654761,0.027481406259055166]
2008-09-01T00:00:00.000Z,2,313.0,2.27157,-74.34153,[0.3030437912524474,0.9524233439362633,0.03246897763419079]
2008-09-01T00:00:00.000Z,8,364.0,2.77157,-74.34153,[0.2725468232367206,0.9617180855181198,0.028575393801911673]
2008-09-01T00:00:00.000Z,11,899.0,3.27157,-74.34153,[0.1453890936957594,0.9888766134703635,0.03138558213114806]
2008-09-01T00:00:00.000Z,11,3444.0,3.77157,-74.34153,[0.14235950820593887,0.9893985820312752,0.02870916748819767]
2008-09-01T00:00:00.000Z,11,2263.0,4.27157,-74.34153,[0.16821050481983793,0.9853953221540507,0.026481788934474487]
2008-09-01T00:00:00.000Z,1,2655.0,4.77157,-74.34153,[0.20595026401592387,0.9782637540756385,0.024176770123608457]
2008-09-01T00:00:00.000Z,8,1104.0,5.27157,-74.34153,[0.2764604742549143,0.9607001480358274,0.024996634547215173]
2008-09-01T00:00:00.000Z,0,744.0,5.77157,-74.34153,[0.30527517036579666,0.9515369461213132,0.03720901133137823]
2008-09-01T00:00:00.000Z,5,119.0,6.27157,-74.34153,[0.3123066444591745,0.9483597372038669,0.055483048557765424]
2008-09-01T00:00:00.000Z,9,97.0,6.77157,-74.34153,[0.2687654110647685,0.9603447005119167,0.0741836236231617]
2008-09-01T00:00:00.000Z,9,575.0,7.27157,-74.34153,[0.2595856992434147,0.9604670872006342,0.1005894584568232]
2008-09-01T00:00:00.000Z,7,1234.0,7.77157,-74.34153,[0.29497491362433753,0.9484577991921006,0.11583437954248026]
2008-09-01T00:00:00.000Z,7,715.0,8.27157,-74.34153,[0.32233177490993287,0.9390676619217179,0.11939075850454553]
2008-09-01T00:00:00.000Z,10,14.0,8.77157,-74.34153,[0.3312486328194753,0.9361885119046874,0.1175815182454946]
2008-09-01T00:00:00.000Z,7,37.0,9.27157,-74.34153,[0.32253334022706254,0.9396548937301064,0.1141092683835817]
2008-09-01T00:00:00.000Z,7,95.0,9.77157,-74.34153,[0.3163229386397209,0.9420672245306597,0.11157572744746518]
2008-09-01T00:00:00.000Z,7,119.0,10.27157,-74.34153,[0.30383388100497616,0.9463862737969813,0.10971779036290806]
2008-09-01T00:00:00.000Z,7,5.0,10.77157,-74.34153,[0.28639782327005414,0.951616671741933,0.11136425319186169]
2008-09-01T00:00:00.000Z,2,156.0,-1.22843,-73.84153,[0.30883986284310927,0.9510863958009388,0.0072530573849518085]
2008-09-01T00:00:00.000Z,2,195.0,-0.72843,-73.84153,[0.29919283948700975,0.9541825691747878,0.004389701892087402]
2008-09-01T00:00:00.000Z,2,174.0,-0.22843,-73.84153,[0.2883562471738563,0.9573883305377046,0.016070446976882896]
2008-09-01T00:00:00.000Z,0,241.0,0.27157,-73.84153,[0.2847505817624562,0.9582083068831859,0.02745809181280828]
2008-09-01T00:00:00.000Z,0,232.0,0.77157,-73.84153,[0.282812571277072,0.9584203804389663,0.038045024469415635]
2008-09-01T00:00:00.000Z,0,267.0,1.27157,-73.84153,[0.2853313644937305,0.9574953693880521,0.04229219829452527]
2008-09-01T00:00:00.000Z,0,265.0,1.77157,-73.84153,[0.2703647359036808,0.9619175107978065,0.04021954748980376]
2008-09-01T00:00:00.000Z,8,554.0,2.27157,-73.84153,[0.2538880657398466,0.9665563204481878,0.03619018480940796]
2008-09-01T00:00:00.000Z,0,995.0,2.77157,-73.84153,[0.2861947224794267,0.9570722298299856,0.045883850243665175]
2008-09-01T00:00:00.000Z,0,363.0,3.27157,-73.84153,[0.26976362142934807,0.9614652148379329,0.053030455494658166]
2008-09-01T00:00:00.000Z,6,545.0,3.77157,-73.84153,[0.20170235324045743,0.9779164654298581,0.05473159360401176]
2008-09-01T00:00:00.000Z,11,1499.0,4.27157,-73.84153,[0.13809480482039893,0.9891180735509875,0.05074703396652058]
2008-09-01T00:00:00.000Z,11,3610.0,4.77157,-73.84153,[0.13187941505777787,0.9902325044424527,0.045248282062927234]
2008-09-01T00:00:00.000Z,11,2585.0,5.27157,-73.84153,[0.16375191050718668,0.9857865012532638,0.037553771476314814]
2008-09-01T00:00:00.000Z,8,2622.0,5.77157,-73.84153,[0.24709190711629636,0.9683331495098101,0.0357281541370861]
2008-09-01T00:00:00.000Z,0,616.0,6.27157,-73.84153,[0.30793996726541795,0.9504462899432635,0.04271798794020271]
2008-09-01T00:00:00.000Z,5,101.0,6.77157,-73.84153,[0.33469440437003445,0.9397647154731572,0.06944015578211034]
2008-09-01T00:00:00.000Z,10,89.0,7.27157,-73.84153,[0.33966246668265804,0.9349719489250552,0.10225880622389563]
2008-09-01T00:00:00.000Z,7,59.0,7.77157,-73.84153,[0.322442421276529,0.9393900143327037,0.1165216114432511]
2008-09-01T00:00:00.000Z,10,38.0,8.27157,-73.84153,[0.3312258073718536,0.9357129058254864,0.1213705994155435]
2008-09-01T00:00:00.000Z,10,29.0,8.77157,-73.84153,[0.33901814074279507,0.9331983450128529,0.11919542404207811]
2008-09-01T00:00:00.000Z,10,52.0,9.27157,-73.84153,[0.3410685214433268,0.9328163802018902,0.1163007502448093]
2008-09-01T00:00:00.000Z,9,46.0,9.77157,-73.84153,[0.28223310348785013,0.9532451406959115,0.10801933639514907]
2008-09-01T00:00:00.000Z,11,931.0,10.27157,-73.84153,[0.14881493035051202,0.9832808731307905,0.10494208421754624]
2008-09-01T00:00:00.000Z,9,2665.0,10.77157,-73.84153,[0.27905747921030766,0.9543765788992521,0.10626508808328515]
2008-09-01T00:00:00.000Z,2,139.0,-1.72843,-73.34153,[0.30201210512599475,0.9531180503976261,0.018832694007856705]
2008-09-01T00:00:00.000Z,2,199.0,-1.22843,-73.34153,[0.2986565986252164,0.9543279818139099,0.007895519273999972]
2008-09-01T00:00:00.000Z,2,223.0,-0.72843,-73.34153,[0.2956064013770722,0.9552994515544767,0.004451216082511899]
2008-09-01T00:00:00.000Z,2,171.0,-0.22843,-73.34153,[0.28793032039561006,0.9575094576293228,0.01648542226578787]
2008-09-01T00:00:00.000Z,0,209.0,0.27157,-73.34153,[0.2861990434835821,0.9577527045710426,0.02828187398203902]
2008-09-01T00:00:00.000Z,0,237.0,0.77157,-73.34153,[0.2770061062342105,0.960065340080818,0.0392703435745688]
2008-09-01T00:00:00.000Z,0,249.0,1.27157,-73.34153,[0.2757483604999972,0.9601358576445685,0.04584731776987905]
2008-09-01T00:00:00.000Z,0,294.0,1.77157,-73.34153,[0.2821745774987848,0.9580551860531862,0.05007762264701753]
2008-09-01T00:00:00.000Z,0,229.0,2.27157,-73.34153,[0.2899876867368178,0.955718173797995,0.05009904004324791]
2008-09-01T00:00:00.000Z,0,267.0,2.77157,-73.34153,[0.29018935157896275,0.9555844663322873,0.05146326781908167]
2008-09-01T00:00:00.000Z,0,234.0,3.27157,-73.34153,[0.2955314703107217,0.9532902291345849,0.062441084972265325]
2008-09-01T00:00:00.000Z,0,256.0,3.77157,-73.34153,[0.29308736163259563,0.9539706280590367,0.06355972979718642]
2008-09-01T00:00:00.000Z,6,300.0,4.27157,-73.34153,[0.22871128749279385,0.9717440556401142,0.05834926993108839]
2008-09-01T00:00:00.000Z,11,1229.0,4.77157,-73.34153,[0.1604326093499292,0.9856715793622363,0.052085655364292084]
2008-09-01T00:00:00.000Z,11,2684.0,5.27157,-73.34153,[0.13866423114978346,0.9891381822017886,0.04876358795434051]
2008-09-01T00:00:00.000Z,1,3515.0,5.77157,-73.34153,[0.2154056658518511,0.9755939151808707,0.04262524816327636]
2008-09-01T00:00:00.000Z,1,1301.0,6.27157,-73.34153,[0.23026277710995838,0.9723472716573984,0.03898508404534939]
2008-09-01T00:00:00.000Z,0,1945.0,6.77157,-73.34153,[0.29782126992616154,0.9532672776351436,0.0508329476781601]
2008-09-01T00:00:00.000Z,6,351.0,7.27157,-73.34153,[0.2455036253620141,0.9660282188663437,0.08073072703764836]
2008-09-01T00:00:00.000Z,6,325.0,7.77157,-73.34153,[0.2460991417482621,0.9624440613910907,0.11461518714285258]
2008-09-01T00:00:00.000Z,9,1339.0,8.27157,-73.34153,[0.2685753412008586,0.9562208268616775,0.11622829420933707]
2008-09-01T00:00:00.000Z,7,1230.0,8.77157,-73.34153,[0.283535676545846,0.9521198027218531,0.11434772140532062]
2008-09-01T00:00:00.000Z,7,809.0,9.27157,-73.34153,[0.29466411009891463,0.9492144258127092,0.1102952222386056]
2008-09-01T00:00:00.000Z,9,74.0,9.77157,-73.34153,[0.2829713605946556,0.95316668831884,0.1067729992203316]
2008-09-01T00:00:00.000Z,6,99.0,10.27157,-73.34153,[0.2338724551802135,0.9670354076986503,0.1007283225566873]
2008-09-01T00:00:00.000Z,7,1426.0,10.77157,-73.34153,[0.3008998389997778,0.9476615619073461,0.10675603483287134]
2008-09-01T00:00:00.000Z,0,146.0,-2.22843,-72.84153,[0.2983204127230256,0.9539447418253405,0.03153348849315632]
2008-09-01T00:00:00.000Z,2,165.0,-1.72843,-72.84153,[0.298403083469536,0.9542090996117101,0.020990330966488273]
2008-09-01T00:00:00.000Z,2,168.0,-1.22843,-72.84153,[0.29774556710914224,0.954604108288853,0.008864181005539349]
2008-09-01T00:00:00.000Z,2,178.0,-0.72843,-72.84153,[0.29368523343910863,0.9558944084523884,0.003855327388775944]
2008-09-01T00:00:00.000Z,2,191.0,-0.22843,-72.84153,[0.28813160430386886,0.9574489886206383,0.01648067931232246]
2008-09-01T00:00:00.000Z,8,247.0,0.27157,-72.84153,[0.2757760498022556,0.9608037575110585,0.028349777919671876]
2008-09-01T00:00:00.000Z,0,264.0,0.77157,-72.84153,[0.2700303859394864,0.9620515774362269,0.03924733139768244]
2008-09-01T00:00:00.000Z,0,246.0,1.27157,-72.84153,[0.26907754948598867,0.9619250048426234,0.04793284282341499]
2008-09-01T00:00:00.000Z,0,259.0,1.77157,-72.84153,[0.2721527245999729,0.9607319073227961,0.054102650071078964]
2008-09-01T00:00:00.000Z,0,271.0,2.27157,-72.84153,[0.28492391980249815,0.9567678707764821,0.0584260333602788]
2008-09-01T00:00:00.000Z,0,193.0,2.77157,-72.84153,[0.28850522386761646,0.9553227451803175,0.06421205760788973]
2008-09-01T00:00:00.000Z,9,182.0,3.27157,-72.84153,[0.28968307510118196,0.9547142591856076,0.06785572420658037]
2008-09-01T00:00:00.000Z,9,203.0,3.77157,-72.84153,[0.2925102063696347,0.9537881437266689,0.06874558935691026]
2008-09-01T00:00:00.000Z,9,165.0,4.27157,-72.84153,[0.2884924866905898,0.9552054382156929,0.06598981683749318]
2008-09-01T00:00:00.000Z,6,293.0,4.77157,-72.84153,[0.20923560656162837,0.9760676724942977,0.05926516395279631]
2008-09-01T00:00:00.000Z,11,1653.0,5.27157,-72.84153,[0.14599131025522916,0.9875184563605744,0.059108676835044005]
2008-09-01T00:00:00.000Z,11,2686.0,5.77157,-72.84153,[0.14934320030003828,0.9873930598349638,0.052455256303732455]
2008-09-01T00:00:00.000Z,11,2685.0,6.27157,-72.84153,[0.1707628406391583,0.9845361018919747,0.03909880213255211]
2008-09-01T00:00:00.000Z,11,1547.0,6.77157,-72.84153,[0.14676514140253463,0.9877932125701028,0.052197341594466665]
2008-09-01T00:00:00.000Z,6,3795.0,7.27157,-72.84153,[0.2228584097735785,0.971615500811792,0.07935646019979807]
2008-09-01T00:00:00.000Z,7,1328.0,7.77157,-72.84153,[0.29964637916376047,0.9471175749254545,0.11480569115411526]
2008-09-01T00:00:00.000Z,10,973.0,8.27157,-72.84153,[0.34109108532364996,0.9325575417891281,0.11829329129309563]
2008-09-01T00:00:00.000Z,10,83.0,8.77157,-72.84153,[0.35069206276845505,0.9290263417199424,0.11800480287542049]
2008-09-01T00:00:00.000Z,7,223.0,10.77157,-72.84153,[0.317615398641895,0.9422196584246549,0.1065015202881001]
2008-09-01T00:00:00.000Z,10,51.0,11.27157,-72.84153,[0.351669932418088,0.9295890521261346,0.11041944031868638]
2008-09-01T00:00:00.000Z,0,149.0,-2.22843,-72.34153,[0.29446949072782264,0.9550664471134322,0.0337016413342489]
2008-09-01T00:00:00.000Z,2,147.0,-1.72843,-72.34153,[0.29812839737000557,0.9542367264305104,0.023488904035212563]
2008-09-01T00:00:00.000Z,2,145.0,-1.22843,-72.34153,[0.2965247682818779,0.9549675997519034,0.01048547659703979]
2008-09-01T00:00:00.000Z,2,205.0,-0.72843,-72.34153,[0.2925034459851143,0.956261265720566,0.0024750291583355826]
2008-09-01T00:00:00.000Z,2,176.0,-0.22843,-72.34153,[0.2879275625632502,0.9575265452684832,0.015512376432671232]
2008-09-01T00:00:00.000Z,8,150.0,0.27157,-72.34153,[0.2820531819942191,0.9589808187803449,0.028315927290400035]
2008-09-01T00:00:00.000Z,0,218.0,0.77157,-72.34153,[0.2794410970569256,0.9593410891088155,0.03971584095966541]
2008-09-01T00:00:00.000Z,0,234.0,1.27157,-72.34153,[0.2761141315283746,0.9598253143605403,0.04996350951465826]
2008-09-01T00:00:00.000Z,0,237.0,1.77157,-72.34153,[0.27671751315114534,0.9592144625832192,0.05774974187502163]
2008-09-01T00:00:00.000Z,0,203.0,2.27157,-72.34153,[0.28554067676781714,0.9562292431294341,0.06396996557046446]
2008-09-01T00:00:00.000Z,9,188.0,2.77157,-72.34153,[0.28312702600754985,0.9566596777208226,0.06812744063306668]
2008-09-01T00:00:00.000Z,9,220.0,3.27157,-72.34153,[0.2865178125704137,0.9554309936686559,0.07112776825677974]
2008-09-01T00:00:00.000Z,9,180.0,3.77157,-72.34153,[0.2890742239987529,0.9546172048330909,0.07170833463534955]
2008-09-01T00:00:00.000Z,9,190.0,4.27157,-72.34153,[0.29692728811063823,0.9522150963548054,0.07155833878221894]
2008-09-01T00:00:00.000Z,9,177.0,4.77157,-72.34153,[0.29947218207469395,0.9516046557817496,0.06902891609984259]
2008-09-01T00:00:00.000Z,6,257.0,5.27157,-72.34153,[0.23458046910106117,0.970052567876852,0.06300808735274879]
2008-09-01T00:00:00.000Z,11,1342.0,5.77157,-72.34153,[0.16753886510705393,0.9841443824470301,0.05822854262811594]
2008-09-01T00:00:00.000Z,11,3317.0,6.27157,-72.34153,[0.17053771865785822,0.9845227162233802,0.040396878036684146]
2008-09-01T00:00:00.000Z,1,3467.0,6.77157,-72.34153,[0.22737105569905844,0.9727730733516419,0.044888203264298654]
2008-09-01T00:00:00.000Z,6,2203.0,7.27157,-72.34153,[0.24783579265709255,0.9666770490842993,0.06413191601458414]
2008-09-01T00:00:00.000Z,10,97.0,11.27157,-72.34153,[0.36978745839169036,0.9225755361239784,0.11005278625172493]
2008-09-01T00:00:00.000Z,10,19.0,11.77157,-72.34153,[0.3557512707695611,0.9284240481059278,0.10709724667069714]
2008-09-01T00:00:00.000Z,0,109.0,-2.22843,-71.84153,[0.2916342806938114,0.9558507602968268,0.03603845673972955]
2008-09-01T00:00:00.000Z,2,140.0,-1.72843,-71.84153,[0.2935958009953133,0.9555817705398789,0.02578731179844767]
2008-09-01T00:00:00.000Z,2,153.0,-1.22843,-71.84153,[0.29367289471024066,0.9558326915283878,0.011836245946496392]
2008-09-01T00:00:00.000Z,2,136.0,-0.72843,-71.84153,[0.29369320448050534,0.9558987948110743,0.0013400450394547771]
2008-09-01T00:00:00.000Z,8,192.0,-0.22843,-71.84153,[0.2787478452716207,0.9602534039868825,0.014595851740600616]
2008-09-01T00:00:00.000Z,8,216.0,0.27157,-71.84153,[0.2802724077353,0.9595208311879093,0.027697508529135526]
2008-09-01T00:00:00.000Z,0,215.0,0.77157,-71.84153,[0.2785541132035364,0.9595860198940723,0.04002844540129559]
2008-09-01T00:00:00.000Z,0,232.0,1.27157,-71.84153,[0.26707347570931717,0.962329527859483,0.05092777613728275]
2008-09-01T00:00:00.000Z,0,233.0,1.77157,-71.84153,[0.28145815509288097,0.9576173948667941,0.06123913765106824]
2008-09-01T00:00:00.000Z,9,159.0,2.27157,-71.84153,[0.28296161140625004,0.9567845926538183,0.06705199274179233]
2008-09-01T00:00:00.000Z,9,186.0,2.77157,-71.84153,[0.28538163601657357,0.9556966415438742,0.07211970026465346]
2008-09-01T00:00:00.000Z,9,222.0,3.27157,-71.84153,[0.2871436343877475,0.9549195283127416,0.0753473800312035]
2008-09-01T00:00:00.000Z,9,206.0,3.77157,-71.84153,[0.2909466405564294,0.9537208410517706,0.0759381965313306]
2008-09-01T00:00:00.000Z,9,189.0,4.27157,-71.84153,[0.29788968495947193,0.9516552149277787,0.07492721465201985]
2008-09-01T00:00:00.000Z,9,149.0,4.77157,-71.84153,[0.30498100327118494,0.9495999420034623,0.07243298827690643]
2008-09-01T00:00:00.000Z,5,172.0,5.27157,-71.84153,[0.3147533554061175,0.9466355632402854,0.0693645130404425]
2008-09-01T00:00:00.000Z,5,213.0,5.77157,-71.84153,[0.31055943990257456,0.948530382338096,0.061991516104583685]
2008-09-01T00:00:00.000Z,0,412.0,6.27157,-71.84153,[0.3006779574665378,0.9525477692539918,0.04738684609672635]
2008-09-01T00:00:00.000Z,4,325.0,6.77157,-71.84153,[0.34471431601789587,0.9378257126957461,0.04068135861828845]
2008-09-01T00:00:00.000Z,10,174.0,11.77157,-71.84153,[0.3745404894896306,0.9209591488135437,0.10748798979188715]
2008-09-01T00:00:00.000Z,0,107.0,-2.22843,-71.34153,[0.29071320258508604,0.9561479856885908,0.03559302328228049]
2008-09-01T00:00:00.000Z,2,121.0,-1.72843,-71.34153,[0.2908129963597539,0.9564762047573654,0.02410541186556135]
2008-09-01T00:00:00.000Z,2,140.0,-1.22843,-71.34153,[0.29180797600191105,0.9564200582267959,0.01042963868599986]
2008-09-01T00:00:00.000Z,2,186.0,-0.72843,-71.34153,[0.2918234441421918,0.956470756085815,0.0016643922669706756]
2008-09-01T00:00:00.000Z,8,201.0,-0.22843,-71.34153,[0.2842869044093871,0.9586418869618866,0.013663401607272866]
2008-09-01T00:00:00.000Z,8,185.0,0.27157,-71.34153,[0.2842181562579277,0.9584100617999887,0.02588808787620659]
2008-09-01T00:00:00.000Z,0,228.0,0.77157,-71.34153,[0.27266022024844433,0.9613716929078614,0.03769446072757378]
2008-09-01T00:00:00.000Z,0,342.0,1.27157,-71.34153,[0.27436882600344353,0.9602908910120524,0.05062758098873066]
2008-09-01T00:00:00.000Z,0,222.0,1.77157,-71.34153,[0.2805355621157946,0.9577659425359552,0.06312050147605379]
2008-09-01T00:00:00.000Z,9,164.0,2.27157,-71.34153,[0.2819977604841996,0.9568173040553388,0.07055430349857601]
2008-09-01T00:00:00.000Z,9,189.0,2.77157,-71.34153,[0.28793469737700955,0.9546142659191625,0.07619195069053177]
2008-09-01T00:00:00.000Z,9,209.0,3.27157,-71.34153,[0.28971683795349235,0.953836974185344,0.07911498267191522]
2008-09-01T00:00:00.000Z,9,171.0,3.77157,-71.34153,[0.2899390129898196,0.9537762126151594,0.07903356879181955]
2008-09-01T00:00:00.000Z,9,165.0,4.27157,-71.34153,[0.295188200317432,0.9522929680738611,0.07747276521741031]
2008-09-01T00:00:00.000Z,9,131.0,4.77157,-71.34153,[0.30564391442221894,0.9492261946018345,0.07450791272330318]
2008-09-01T00:00:00.000Z,5,146.0,5.27157,-71.34153,[0.3095356031106358,0.9483891599066474,0.06888912670732948]
2008-09-01T00:00:00.000Z,5,151.0,5.77157,-71.34153,[0.31776756058989863,0.9462149294888803,0.06083654041033376]
2008-09-01T00:00:00.000Z,5,157.0,6.27157,-71.34153,[0.32451581529641976,0.9448080378925284,0.04502507252821174]
2008-09-01T00:00:00.000Z,4,154.0,6.77157,-71.34153,[0.3313013478399183,0.9429346053905368,0.03337284639413096]
2008-09-01T00:00:00.000Z,0,97.0,-2.22843,-70.84153,[0.2872824287478614,0.9572425965529886,0.033991432409098105]
2008-09-01T00:00:00.000Z,2,137.0,-1.72843,-70.84153,[0.28830336813833307,0.9573432453448466,0.01936694381387276]
2008-09-01T00:00:00.000Z,2,114.0,-1.22843,-70.84153,[0.2851278922845479,0.9584683763719032,0.006360545289424529]
2008-09-01T00:00:00.000Z,2,155.0,-0.72843,-70.84153,[0.2885641360656879,0.9574580146853858,0.0022112194334535473]
2008-09-01T00:00:00.000Z,2,183.0,-0.22843,-70.84153,[0.28530959074095336,0.9583758453460596,0.010685339884892849]
2008-09-01T00:00:00.000Z,8,193.0,0.27157,-70.84153,[0.2833480097986008,0.9587705912952654,0.02174531237989262]
2008-09-01T00:00:00.000Z,0,250.0,0.77157,-70.84153,[0.2825432979685723,0.9586683106171014,0.03353140306630916]
2008-09-01T00:00:00.000Z,0,316.0,1.27157,-70.84153,[0.2823776956768149,0.9581064226855356,0.04790532113427678]
2008-09-01T00:00:00.000Z,0,186.0,1.77157,-70.84153,[0.28284742238828453,0.9570767431975673,0.06325696229381401]
2008-09-01T00:00:00.000Z,9,191.0,2.27157,-70.84153,[0.2854602334137027,0.9555753759447114,0.0734040600206664]
2008-09-01T00:00:00.000Z,9,160.0,2.77157,-70.84153,[0.28948136375507166,0.9538466391929564,0.07985692793243357]
2008-09-01T00:00:00.000Z,9,240.0,3.27157,-70.84153,[0.29362686909172053,0.9523335335940594,0.08272909125359883]
2008-09-01T00:00:00.000Z,9,186.0,3.77157,-70.84153,[0.2957732574286553,0.951667389360139,0.08274877774626119]
2008-09-01T00:00:00.000Z,9,176.0,4.27157,-70.84153,[0.2967845151328611,0.9515228729450509,0.08076616766783587]
2008-09-01T00:00:00.000Z,9,146.0,4.77157,-70.84153,[0.3002610117284896,0.950826537140217,0.0759751347858451]
2008-09-01T00:00:00.000Z,9,123.0,5.27157,-70.84153,[0.30551178698613085,0.9497182891329162,0.06853991026392973]
2008-09-01T00:00:00.000Z,5,120.0,5.77157,-70.84153,[0.3108427637400911,0.9486460641549449,0.05871474426201721]
2008-09-01T00:00:00.000Z,0,126.0,6.27157,-70.84153,[0.31282391670568904,0.9488607362807246,0.04247941009139984]
2008-09-01T00:00:00.000Z,4,122.0,6.77157,-70.84153,[0.32561912188337755,0.9450033211180631,0.03067426510495586]
2008-09-01T00:00:00.000Z,0,97.0,-3.72843,-70.34153,[0.2860951385028018,0.9565623714826503,0.0560178649053196]
2008-09-01T00:00:00.000Z,0,132.0,-2.22843,-70.34153,[0.289857716999128,0.9566406781568179,0.028655135520826342]
2008-09-01T00:00:00.000Z,2,129.0,-1.72843,-70.34153,[0.2899569915625283,0.9569683219630211,0.011686479507843347]
2008-09-01T00:00:00.000Z,2,144.0,-1.22843,-70.34153,[0.2851315597124358,0.9584807045718036,0.003838309457667405]
2008-09-01T00:00:00.000Z,2,134.0,-0.72843,-70.34153,[0.28513332403741687,0.9584866354180859,0.0015353332832783986]
2008-09-01T00:00:00.000Z,8,170.0,-0.22843,-70.34153,[0.28352223542600496,0.9589400703983797,0.007005954852225606]
2008-09-01T00:00:00.000Z,2,177.0,0.27157,-70.34153,[0.2860114277576952,0.9581382829882789,0.012980518644387705]
2008-09-01T00:00:00.000Z,8,190.0,0.77157,-70.34153,[0.2852600667737662,0.9582094907072456,0.021477109274472744]
2008-09-01T00:00:00.000Z,0,195.0,1.27157,-70.34153,[0.2850992624451236,0.9576693371708788,0.03984785058113312]
2008-09-01T00:00:00.000Z,0,216.0,1.77157,-70.34153,[0.2848570687089139,0.9568557906438421,0.05730136401441859]
2008-09-01T00:00:00.000Z,9,168.0,2.27157,-70.34153,[0.2871290603201464,0.9552562968343332,0.07100922530225158]
2008-09-01T00:00:00.000Z,9,193.0,2.77157,-70.34153,[0.2917782357996509,0.9529943138855518,0.08165352910590991]
2008-09-01T00:00:00.000Z,9,177.0,3.27157,-70.34153,[0.2984864055431726,0.9504435544927338,0.08696502417141307]
2008-09-01T00:00:00.000Z,9,174.0,3.77157,-70.34153,[0.29542972828062103,0.9514409880368289,0.08649463527607536]
2008-09-01T00:00:00.000Z,9,118.0,4.27157,-70.34153,[0.2954836076746168,0.9516145083665415,0.0843757374006225]
2008-09-01T00:00:00.000Z,9,116.0,4.77157,-70.34153,[0.2946729214784563,0.9523649553486231,0.07854209808228056]
2008-09-01T00:00:00.000Z,9,124.0,5.27157,-70.34153,[0.2999069187330606,0.9513901129846529,0.07009060572637821]
2008-09-01T00:00:00.000Z,0,105.0,5.77157,-70.34153,[0.30250114307925297,0.9513604722864237,0.05836360344168487]
2008-09-01T00:00:00.000Z,0,104.0,6.27157,-70.34153,[0.30440367414980407,0.9515433369719802,0.04363119329480525]
2008-09-01T00:00:00.000Z,2,109.0,6.77157,-70.34153,[0.3126206595057141,0.949313284726143,0.03275073575774148]
2008-09-01T00:00:00.000Z,0,140.0,-3.72843,-69.84153,[0.29219599137754804,0.9548744472941759,0.05325685427749272]
2008-09-01T00:00:00.000Z,0,128.0,-3.22843,-69.84153,[0.29067782304815665,0.955713448506818,0.04602398864929146]
2008-09-01T00:00:00.000Z,0,61.0,-2.72843,-69.84153,[0.29171537849925977,0.9558098575828019,0.03646442231240747]
2008-09-01T00:00:00.000Z,2,111.0,-2.22843,-69.84153,[0.2882634955289703,0.9572108439320769,0.025525622504855384]
2008-09-01T00:00:00.000Z,2,145.0,-1.72843,-69.84153,[0.28582151258171296,0.9582138831762408,0.01149856659811489]
2008-09-01T00:00:00.000Z,2,68.0,-1.22843,-69.84153,[0.28673875035569885,0.9579930663224882,0.005493079508729863]
2008-09-01T00:00:00.000Z,2,122.0,-0.72843,-69.84153,[0.28584038226482655,0.958277143608135,4.3806955136371887E-4]
2008-09-01T00:00:00.000Z,2,188.0,0.77157,-69.84153,[0.28922152417204283,0.957080387241073,0.01865589220804398]
2008-09-01T00:00:00.000Z,0,195.0,1.77157,-69.84153,[0.28578590509207613,0.9573827820584548,0.04176870920576497]
2008-09-01T00:00:00.000Z,0,182.0,2.27157,-69.84153,[0.2904230684531289,0.9551937422507851,0.057090770490596056]
2008-09-01T00:00:00.000Z,9,180.0,2.77157,-69.84153,[0.29263828477157083,0.9532913822104201,0.0748222887200039]
2008-09-01T00:00:00.000Z,9,198.0,3.27157,-69.84153,[0.2907286464845688,0.9528824839152027,0.08655533467582409]
2008-09-01T00:00:00.000Z,9,149.0,3.77157,-69.84153,[0.2915874953079922,0.9523713249793359,0.08925016491366303]
2008-09-01T00:00:00.000Z,9,188.0,4.27157,-69.84153,[0.2900246158212999,0.9530961611532031,0.08656459907338035]
2008-09-01T00:00:00.000Z,9,143.0,4.77157,-69.84153,[0.28919837142820526,0.9536923393662954,0.08267541228997166]
2008-09-01T00:00:00.000Z,9,100.0,5.27157,-69.84153,[0.2900442606617472,0.9539478535072675,0.07653639425827094]
2008-09-01T00:00:00.000Z,0,112.0,5.77157,-69.84153,[0.29294732185283534,0.9540133538075355,0.06356404153410579]
2008-09-01T00:00:00.000Z,0,98.0,6.27157,-69.84153,[0.2991737270667459,0.9531296806550232,0.04515410155728581]
2008-09-01T00:00:00.000Z,2,169.0,0.77157,-69.34153,[0.2899371439939391,0.9569028174400727,0.016536339011061163]
2008-09-01T00:00:00.000Z,0,182.0,1.77157,-69.34153,[0.28981723435816026,0.9565070700489852,0.03316919678395674]
2008-09-01T00:00:00.000Z,0,167.0,2.27157,-69.34153,[0.2916328936027499,0.9555395945696162,0.043524000030107375]
2008-09-01T00:00:00.000Z,9,128.0,2.77157,-69.34153,[0.2938453928119538,0.9536114634652086,0.06542218179586896]
2008-09-01T00:00:00.000Z,9,182.0,3.27157,-69.34153,[0.2908490524447437,0.9529713271390277,0.08516148391658594]
2008-09-01T00:00:00.000Z,9,123.0,3.77157,-69.34153,[0.2922227586155939,0.951937774278071,0.09176237382285125]
2008-09-01T00:00:00.000Z,9,172.0,4.27157,-69.34153,[0.29167507434636775,0.9523633109339735,0.08904928406180773]
2008-09-01T00:00:00.000Z,9,142.0,4.77157,-69.34153,[0.29173177130682576,0.9525484351003174,0.08685650463907767]
2008-09-01T00:00:00.000Z,9,117.0,5.27157,-69.34153,[0.2909082502128603,0.9531652895231976,0.08275458178403715]
2008-09-01T00:00:00.000Z,9,83.0,5.77157,-69.34153,[0.29513733406117704,0.9528403818754104,0.07063399118542775]
2008-09-01T00:00:00.000Z,0,139.0,1.77157,-68.84153,[0.288939999650334,0.9569077554959731,0.029003863082771173]
2008-09-01T00:00:00.000Z,0,178.0,2.27157,-68.84153,[0.28975241580461947,0.9562931441764626,0.03933141157499967]
2008-09-01T00:00:00.000Z,0,155.0,2.77157,-68.84153,[0.2904644865564598,0.9550120239810874,0.05985328813890687]
2008-09-01T00:00:00.000Z,9,154.0,3.27157,-68.84153,[0.2932657191345777,0.9525623358356209,0.08136469951929261]
2008-09-01T00:00:00.000Z,9,118.0,3.77157,-68.84153,[0.2955421537068473,0.9508266293415051,0.09264748413956224]
2008-09-01T00:00:00.000Z,9,168.0,4.27157,-68.84153,[0.2972073403696924,0.9503980996150238,0.09171286212154313]
2008-09-01T00:00:00.000Z,9,130.0,4.77157,-68.84153,[0.2982042552785668,0.9502478880891645,0.09001762780610469]
2008-09-01T00:00:00.000Z,9,118.0,5.27157,-68.84153,[0.30115830808278005,0.9495476504848849,0.08753817984943495]
2008-09-01T00:00:00.000Z,5,76.0,5.77157,-68.84153,[0.30980999834811945,0.9475873575849074,0.07807665892436123]
2008-09-01T00:00:00.000Z,0,140.0,1.77157,-68.34153,[0.28986225015372646,0.9566556392906257,0.02810451474874534]
2008-09-01T00:00:00.000Z,0,115.0,2.27157,-68.34153,[0.28654906987466805,0.9573593445621092,0.036779286746365436]
2008-09-01T00:00:00.000Z,0,126.0,2.77157,-68.34153,[0.2931556391260648,0.9546917606256373,0.051219268269950186]
2008-09-01T00:00:00.000Z,9,132.0,3.27157,-68.34153,[0.29444952836034544,0.9530866312716444,0.07018082743626278]
2008-09-01T00:00:00.000Z,9,110.0,3.77157,-68.34153,[0.3024980738288999,0.9489476612336231,0.08940498626498598]
2008-09-01T00:00:00.000Z,7,121.0,4.27157,-68.34153,[0.3093676467582608,0.9462343774474278,0.09451011626241373]
2008-09-01T00:00:00.000Z,7,109.0,4.77157,-68.34153,[0.3158453724951199,0.9440905316035947,0.09452390602308497]
2008-09-01T00:00:00.000Z,7,89.0,5.27157,-68.34153,[0.3152720803804069,0.9446613983559443,0.09065515864418291]
2008-09-01T00:00:00.000Z,5,65.0,5.77157,-68.34153,[0.3241561992984656,0.9420423842428334,0.08648066111247873]
2008-09-01T00:00:00.000Z,0,136.0,2.27157,-67.84153,[0.29523760502122753,0.9547872735969509,0.03487146051760159]
2008-09-01T00:00:00.000Z,0,120.0,2.77157,-67.84153,[0.296767626284848,0.9538959416298685,0.044849844273123635]
2008-09-01T00:00:00.000Z,9,103.0,3.27157,-67.84153,[0.30399081980467413,0.9502527848709074,0.06789128308971057]
2008-09-01T00:00:00.000Z,7,95.0,3.77157,-67.84153,[0.3098178555235555,0.9465391100738038,0.08986995882650195]
2008-09-01T00:00:00.000Z,7,110.0,4.27157,-67.84153,[0.31338161691504685,0.9447534039350677,0.09608833400998128]
2008-09-01T00:00:00.000Z,7,101.0,4.77157,-67.84153,[0.32427029230960364,0.9409734300475043,0.09704525475301956]
2008-09-01T00:00:00.000Z,5,80.0,5.77157,-67.84153,[0.3273671269903859,0.940587433707884,0.09014457120025118]
2008-09-01T00:00:00.000Z,5,54.0,6.27157,-67.84153,[0.3180683277702425,0.944952086502866,0.07679904350525128]
2008-09-01T00:00:00.000Z,0,114.0,2.27157,-67.34153,[0.30119199982802863,0.9530254322916727,0.03202974625036872]
