2008-05-01T00:00:00.000Z,8,10.0,1.77157,-78.84153,[0.280464103602141,0.959835318702148,0.007486492008503366]
2008-05-01T00:00:00.000Z,2,235.0,1.27157,-78.34153,[0.28389142083756713,0.9588461241943533,0.00444649213360045]
2008-05-01T00:00:00.000Z,2,57.0,1.77157,-78.34153,[0.2848522787732813,0.9585505253958038,0.006330050639406252]
2008-05-01T00:00:00.000Z,8,1772.0,1.27157,-77.84153,[0.2556063488740011,0.9667600128523329,0.006361758016419583]
2008-05-01T00:00:00.000Z,2,528.0,1.77157,-77.84153,[0.28412009765903756,0.9587638355267124,0.006904910739920833]
2008-05-01T00:00:00.000Z,2,116.0,2.27157,-77.84153,[0.28488063882415815,0.9585395612201085,0.006703073854686074]
2008-05-01T00:00:00.000Z,9,167.0,7.27157,-77.84153,[0.26236224463166724,0.9601804969507489,0.0960180496950749]
2008-05-01T00:00:00.000Z,11,2201.0,0.77157,-77.34153,[0.1826353877235147,0.98314763910905,0.008064419717661689]
2008-05-01T00:00:00.000Z,1,2447.0,1.27157,-77.34153,[0.22156178247116665,0.9751026363965408,0.009231740936298612]
2008-05-01T00:00:00.000Z,1,1706.0,1.77157,-77.34153,[0.20696915866924487,0.9782968428901465,0.009952615280269698]
2008-05-01T00:00:00.000Z,8,2096.0,2.27157,-77.34153,[0.26628288343483186,0.9638530011508659,0.008989892218526377]
2008-05-01T00:00:00.000Z,8,57.0,2.77157,-77.34153,[0.2839218547271514,0.9587995967174835,0.009576729226907884]
2008-05-01T00:00:00.000Z,8,74.0,3.27157,-77.34153,[0.27715772056100096,0.960740398940703,0.012707626713468818]
2008-05-01T00:00:00.000Z,0,28.0,4.27157,-77.34153,[0.2712469186084464,0.9615969193021002,0.041910308208520736]
2008-05-01T00:00:00.000Z,9,14.0,5.27157,-77.34153,[0.2589368830872961,0.9634129374786444,0.06918961248486455]
2008-05-01T00:00:00.000Z,9,499.0,6.27157,-77.34153,[0.27456744403466804,0.9577173940733065,0.08596575926323535]
2008-05-01T00:00:00.000Z,9,695.0,6.77157,-77.34153,[0.28579631318255744,0.9537621149231857,0.09304996243153033]
2008-05-01T00:00:00.000Z,9,345.0,7.27157,-77.34153,[0.2858503363155013,0.9532052070909908,0.09843484343938469]
2008-05-01T00:00:00.000Z,8,279.0,0.27157,-76.84153,[0.26359146488047364,0.9645836138420827,0.009899068113415168]
2008-05-01T00:00:00.000Z,1,485.0,0.77157,-76.84153,[0.1958822740823368,0.9805773363288407,0.009910710295832516]
2008-05-01T00:00:00.000Z,11,3335.0,1.27157,-76.84153,[0.16400193152078485,0.9863884287119669,0.011884197936288757]
2008-05-01T00:00:00.000Z,11,2008.0,1.77157,-76.84153,[0.1653215029487699,0.9861485455615435,0.01341069534409602]
2008-05-01T00:00:00.000Z,1,1013.0,2.27157,-76.84153,[0.20535742291273143,0.9786026913103906,0.012849179534204426]
2008-05-01T00:00:00.000Z,8,2856.0,2.77157,-76.84153,[0.2433348802418815,0.9698466757965899,0.013622096166650782]
2008-05-01T00:00:00.000Z,8,1911.0,3.27157,-76.84153,[0.2470600780077217,0.9688853750441067,0.01491468673687168]
2008-05-01T00:00:00.000Z,8,794.0,3.77157,-76.84153,[0.26514049365968545,0.9640463974488145,0.01774999120734296]
2008-05-01T00:00:00.000Z,8,70.0,4.27157,-76.84153,[0.27797385286652554,0.9602733099025428,0.02461112373205602]
2008-05-01T00:00:00.000Z,0,24.0,4.77157,-76.84153,[0.27892790410865786,0.9588146703735114,0.053606456570882685]
2008-05-01T00:00:00.000Z,9,133.0,5.27157,-76.84153,[0.2780163977328644,0.9583388768909328,0.06552464903429471]
2008-05-01T00:00:00.000Z,9,76.0,5.77157,-76.84153,[0.2748757447572321,0.958232177938558,0.07895833146213718]
2008-05-01T00:00:00.000Z,9,38.0,6.27157,-76.84153,[0.27294776648512026,0.9580798119133574,0.08707807287055659]
2008-05-01T00:00:00.000Z,9,20.0,6.77157,-76.84153,[0.2930813539225545,0.951387164271677,0.09468782203651761]
2008-05-01T00:00:00.000Z,7,15.0,7.27157,-76.84153,[0.29458718879449014,0.9503540726626847,0.10022736538295297]
2008-05-01T00:00:00.000Z,7,8.0,7.77157,-76.84153,[0.30594152041973083,0.9462577880640003,0.10486174045613081]
2008-05-01T00:00:00.000Z,8,294.0,0.77157,-76.34153,[0.24950158914118326,0.9682492863001881,0.015565236753761893]
2008-05-01T00:00:00.000Z,1,1412.0,1.27157,-76.34153,[0.1888261707622934,0.9818960879639257,0.014991653557491175]
2008-05-01T00:00:00.000Z,11,2388.0,1.77157,-76.34153,[0.14599671869472003,0.9891277691567282,0.017641270175612005]
2008-05-01T00:00:00.000Z,11,3852.0,2.27157,-76.34153,[0.15105136469762248,0.9883754650686952,0.01724602195366556]
2008-05-01T00:00:00.000Z,1,2450.0,2.77157,-76.34153,[0.20760651743700392,0.9780573710365518,0.017415880073881996]
2008-05-01T00:00:00.000Z,1,990.0,3.27157,-76.34153,[0.21277530558621455,0.9769360804872432,0.017960066116685852]
2008-05-01T00:00:00.000Z,1,962.0,3.77157,-76.34153,[0.23070854903181118,0.9728399900060608,0.018865822236098843]
2008-05-01T00:00:00.000Z,1,1899.0,4.27157,-76.34153,[0.19982437031965797,0.9795738153713669,0.022480241660961523]
2008-05-01T00:00:00.000Z,1,1358.0,4.77157,-76.34153,[0.23094731934979104,0.9721782395486442,0.03915106937548839]
2008-05-01T00:00:00.000Z,6,407.0,5.27157,-76.34153,[0.21746598063462425,0.9742036607217763,0.060297385539600366]
2008-05-01T00:00:00.000Z,6,480.0,5.77157,-76.34153,[0.2116531953900462,0.9742766137002128,0.07738220000768357]
2008-05-01T00:00:00.000Z,6,1095.0,6.27157,-76.34153,[0.21330905303467124,0.9732225544706875,0.08565691660923518]
2008-05-01T00:00:00.000Z,6,1485.0,6.77157,-76.34153,[0.2407357728099544,0.9662408415522827,0.09178738369694608]
2008-05-01T00:00:00.000Z,9,827.0,7.27157,-76.34153,[0.27779405364676424,0.9554771280672979,0.09946819340255107]
2008-05-01T00:00:00.000Z,7,201.0,7.77157,-76.34153,[0.2960438328815564,0.94938194682706,0.10503317595721118]
2008-05-01T00:00:00.000Z,7,165.0,8.27157,-76.34153,[0.3015078765106447,0.9474348628929996,0.10705223480602666]
2008-05-01T00:00:00.000Z,7,99.0,8.77157,-76.34153,[0.31191934426608425,0.9437559647025112,0.10968592325840325]
2008-05-01T00:00:00.000Z,8,267.0,0.27157,-75.84153,[0.2850164102371368,0.9581649238459843,0.026184434436419882]
2008-05-01T00:00:00.000Z,8,241.0,0.77157,-75.84153,[0.2786000155000172,0.9601339377149354,0.022909670696075794]
2008-05-01T00:00:00.000Z,1,250.0,1.27157,-75.84153,[0.22841885391372718,0.9733627543660335,0.019742735112141245]
2008-05-01T00:00:00.000Z,1,1712.0,1.77157,-75.84153,[0.23942945448068859,0.9706918277714615,0.02075841575793162]
2008-05-01T00:00:00.000Z,1,1262.0,2.27157,-75.84153,[0.20980467184360924,0.9775256777517883,0.02062883924272359]
2008-05-01T00:00:00.000Z,11,2705.0,2.77157,-75.84153,[0.17256743260476443,0.9847848153978556,0.020478002002432046]
2008-05-01T00:00:00.000Z,11,1867.0,3.27157,-75.84153,[0.1521101810864997,0.9881443342762086,0.020815077411836802]
2008-05-01T00:00:00.000Z,11,3782.0,3.77157,-75.84153,[0.17017038596252226,0.985196971361971,0.02071152723885962]
2008-05-01T00:00:00.000Z,1,2035.0,4.27157,-75.84153,[0.2170017881696456,0.9759399792551077,0.021245724810326556]
2008-05-01T00:00:00.000Z,1,1185.0,4.77157,-75.84153,[0.2223778935534942,0.974605155930875,0.026322281277760533]
2008-05-01T00:00:00.000Z,6,1530.0,5.27157,-75.84153,[0.23703258604839403,0.97031566012914,0.04799034131324628]
2008-05-01T00:00:00.000Z,6,1704.0,5.77157,-75.84153,[0.22780375508392367,0.9708495111953606,0.07454311357458235]
2008-05-01T00:00:00.000Z,6,488.0,6.27157,-75.84153,[0.19519945638166683,0.9771455140046968,0.08416541266338928]
2008-05-01T00:00:00.000Z,6,896.0,6.77157,-75.84153,[0.20205885490316633,0.9751536040978898,0.09081667011136879]
2008-05-01T00:00:00.000Z,9,2421.0,7.27157,-75.84153,[0.2579260141908806,0.9611601896343929,0.09821029001883533]
2008-05-01T00:00:00.000Z,7,131.0,7.77157,-75.84153,[0.3054863440829235,0.9462067661295048,0.10663418452632388]
2008-05-01T00:00:00.000Z,7,43.0,8.27157,-75.84153,[0.30781193626417896,0.94517717232049,0.10905010232704927]
2008-05-01T00:00:00.000Z,7,10.0,8.77157,-75.84153,[0.3099019563805492,0.9444631051597691,0.10931706373423769]
2008-05-01T00:00:00.000Z,7,155.0,9.27157,-75.84153,[0.31633105006457946,0.942091381828693,0.11134852962273196]
2008-05-01T00:00:00.000Z,0,228.0,0.27157,-75.34153,[0.2843940220020878,0.957958810954401,0.03788082317355744]
2008-05-01T00:00:00.000Z,0,189.0,0.77157,-75.34153,[0.2800687411918132,0.9590925463670665,0.04126727166132431]
2008-05-01T00:00:00.000Z,0,244.0,1.27157,-75.34153,[0.2732806315100647,0.9610751620753116,0.040647623342253324]
2008-05-01T00:00:00.000Z,1,1357.0,1.77157,-75.34153,[0.21901134926413024,0.9751768498813377,0.032621164127236243]
2008-05-01T00:00:00.000Z,8,2437.0,2.27157,-75.34153,[0.25145837548525773,0.9675160352004203,0.026103774217041045]
2008-05-01T00:00:00.000Z,2,485.0,2.77157,-75.34153,[0.2898499569050574,0.9567504933433886,0.024809191226619315]
2008-05-01T00:00:00.000Z,2,694.0,3.27157,-75.34153,[0.2896925295918002,0.9568267782368172,0.023680260717669974]
2008-05-01T00:00:00.000Z,1,442.0,3.77157,-75.34153,[0.23687042000822048,0.9712820571628946,0.02244035557972615]
2008-05-01T00:00:00.000Z,11,2270.0,4.27157,-75.34153,[0.13244495839529596,0.9909290978120779,0.022756451942464485]
2008-05-01T00:00:00.000Z,11,4229.0,4.77157,-75.34153,[0.16489993019967905,0.9860342765001219,0.023332779239138263]
2008-05-01T00:00:00.000Z,11,3209.0,5.27157,-75.34153,[0.18763852052365065,0.9816698207883675,0.03340880975177195]
2008-05-01T00:00:00.000Z,6,1992.0,5.77157,-75.34153,[0.20378050780051318,0.9774556560600888,0.05526251058996968]
2008-05-01T00:00:00.000Z,6,2185.0,6.27157,-75.34153,[0.20893835692153628,0.9750456656338359,0.07503807657182054]
2008-05-01T00:00:00.000Z,6,2092.0,6.77157,-75.34153,[0.24621245457816038,0.9652399767975667,0.08769956899797306]
2008-05-01T00:00:00.000Z,7,869.0,7.27157,-75.34153,[0.29671834164000555,0.9497234798704722,0.09991765368104732]
2008-05-01T00:00:00.000Z,7,83.0,7.77157,-75.34153,[0.31269051943977144,0.9437984909097863,0.10709363944182647]
2008-05-01T00:00:00.000Z,7,30.0,8.27157,-75.34153,[0.31982580639182445,0.9409367927179763,0.11112787982962306]
2008-05-01T00:00:00.000Z,7,74.0,8.77157,-75.34153,[0.3180406655942175,0.9413539408646364,0.11270711178539607]
2008-05-01T00:00:00.000Z,7,180.0,9.27157,-75.34153,[0.3050438109904935,0.9458634587055973,0.11086293727788832]
2008-05-01T00:00:00.000Z,7,136.0,9.77157,-75.34153,[0.31323422662503264,0.9431197805291892,0.11139748132337525]
2008-05-01T00:00:00.000Z,7,79.0,10.27157,-75.34153,[0.31223332894953076,0.9434876679127125,0.11109171341610116]
2008-05-01T00:00:00.000Z,0,205.0,0.27157,-74.84153,[0.28600922783770144,0.9572083028439201,0.04416997349267728]
2008-05-01T00:00:00.000Z,0,239.0,0.77157,-74.84153,[0.2807251208098979,0.95857358325331,0.048271026870970256]
2008-05-01T00:00:00.000Z,0,226.0,1.27157,-74.84153,[0.2798307987075519,0.958932371180757,0.04629720937966407]
2008-05-01T00:00:00.000Z,0,258.0,1.77157,-74.84153,[0.27589723821495665,0.9604456158780083,0.03774828322020537]
2008-05-01T00:00:00.000Z,1,576.0,2.27157,-74.84153,[0.20895178143070872,0.9773919393698725,0.032313308275896485]
2008-05-01T00:00:00.000Z,1,1998.0,2.77157,-74.84153,[0.22750574374549337,0.9733493160245336,0.028848666474944006]
2008-05-01T00:00:00.000Z,1,2106.0,3.27157,-74.84153,[0.22768527930549,0.9733545690309698,0.027208390877006057]
2008-05-01T00:00:00.000Z,2,361.0,3.77157,-74.84153,[0.2948806361263235,0.9550789834050963,0.02948806361263235]
2008-05-01T00:00:00.000Z,8,289.0,4.27157,-74.84153,[0.27786165657419126,0.9602054714525851,0.02825513047864139]
2008-05-01T00:00:00.000Z,0,277.0,4.77157,-74.84153,[0.28917411920403724,0.9568607033824647,0.028212109190637776]
2008-05-01T00:00:00.000Z,0,325.0,5.27157,-74.84153,[0.2999160330851746,0.9534295682124034,0.03197548368301084]
2008-05-01T00:00:00.000Z,0,379.0,5.77157,-74.84153,[0.2786221345222277,0.9593209265866947,0.04553093417802257]
2008-05-01T00:00:00.000Z,6,978.0,6.27157,-74.84153,[0.2546846460827982,0.964947430632671,0.06334182792662697]
2008-05-01T00:00:00.000Z,9,1143.0,6.77157,-74.84153,[0.2714535597102315,0.9589152170251674,0.08242919069249711]
2008-05-01T00:00:00.000Z,7,322.0,7.27157,-74.84153,[0.2976981990874257,0.9494768319379259,0.0993454974984932]
2008-05-01T00:00:00.000Z,7,55.0,7.77157,-74.84153,[0.32162387761929856,0.940488595204447,0.10972366944051881]
2008-05-01T00:00:00.000Z,10,27.0,8.27157,-74.84153,[0.32965266799573484,0.937155441873589,0.11431883593709236]
2008-05-01T00:00:00.000Z,10,14.0,8.77157,-74.84153,[0.33502722528059825,0.9349873272901802,0.1164279009840377]
2008-05-01T00:00:00.000Z,10,48.0,9.27157,-74.84153,[0.3324608834272628,0.9358596398254978,0.11677540638530548]
2008-05-01T00:00:00.000Z,7,15.0,9.77157,-74.84153,[0.31968273883836323,0.940582787556917,0.11448565954067015]
2008-05-01T00:00:00.000Z,10,5.0,10.27157,-74.84153,[0.3294500343112673,0.9369465514809802,0.11659260079526411]
2008-05-01T00:00:00.000Z,2,171.0,-0.72843,-74.34153,[0.30021399614919925,0.9534139799581991,0.0295523152459368]
2008-05-01T00:00:00.000Z,0,219.0,-0.22843,-74.34153,[0.28915013771563797,0.9565086555633304,0.03851479834372298]
2008-05-01T00:00:00.000Z,0,201.0,0.27157,-74.34153,[0.28378158641306295,0.9577628541440875,0.0464577919692353]
2008-05-01T00:00:00.000Z,0,242.0,0.77157,-74.34153,[0.2818369818890425,0.9580184505341243,0.05261714621557527]
2008-05-01T00:00:00.000Z,0,251.0,1.27157,-74.34153,[0.28005377403018084,0.9587324764178369,0.04900941045528165]
2008-05-01T00:00:00.000Z,0,298.0,1.77157,-74.34153,[0.2872685796027946,0.9571789072365117,0.03585111873442877]
2008-05-01T00:00:00.000Z,0,313.0,2.27157,-74.34153,[0.2850990991320867,0.9577002391253361,0.03909930502382903]
2008-05-01T00:00:00.000Z,8,364.0,2.77157,-74.34153,[0.2541146799172727,0.9665640564889871,0.03434609372397841]
2008-05-01T00:00:00.000Z,11,899.0,3.27157,-74.34153,[0.15013833313232638,0.9878149060849095,0.04099014809327006]
2008-05-01T00:00:00.000Z,11,3444.0,3.77157,-74.34153,[0.14552935974781597,0.9886374687000392,0.037645198017410245]
2008-05-01T00:00:00.000Z,11,2263.0,4.27157,-74.34153,[0.16594495997724032,0.9855098643546314,0.03510808336933452]
2008-05-01T00:00:00.000Z,1,2655.0,4.77157,-74.34153,[0.20004785942491218,0.979239798068907,0.032715009055123756]
2008-05-01T00:00:00.000Z,8,1104.0,5.27157,-74.34153,[0.26460022152374896,0.9638203813801237,0.03220240993863498]
2008-05-01T00:00:00.000Z,0,744.0,5.77157,-74.34153,[0.295842310079966,0.954403161254143,0.03989903952036322]
2008-05-01T00:00:00.000Z,0,119.0,6.27157,-74.34153,[0.3099414231731358,0.9492670894232572,0.053181830913471645]
2008-05-01T00:00:00.000Z,9,97.0,6.77157,-74.34153,[0.270986297049517,0.9600657381182888,0.06957158401801886]
2008-05-01T00:00:00.000Z,9,575.0,7.27157,-74.34153,[0.2644470827184374,0.9597225376989957,0.09487039092523941]
2008-05-01T00:00:00.000Z,7,1234.0,7.77157,-74.34153,[0.3014903830756113,0.947048035386367,0.11046975868419347]
2008-05-01T00:00:00.000Z,10,715.0,8.27157,-74.34153,[0.3325037661395232,0.9357605989926582,0.1174450802542816]
2008-05-01T00:00:00.000Z,10,14.0,8.77157,-74.34153,[0.3452763477634058,0.930797427012538,0.12000163974714173]
2008-05-01T00:00:00.000Z,10,37.0,9.27157,-74.34153,[0.3306604109393024,0.9362785829464118,0.1185162763223306]
2008-05-01T00:00:00.000Z,7,95.0,9.77157,-74.34153,[0.32241170398628305,0.9393005238878356,0.11732526989825752]
2008-05-01T00:00:00.000Z,7,119.0,10.27157,-74.34153,[0.31680051450472857,0.9411855285467755,0.11750419083448115]
2008-05-01T00:00:00.000Z,7,5.0,10.77157,-74.34153,[0.28886872173293987,0.9502863901452666,0.11623527136396868]
2008-05-01T00:00:00.000Z,2,156.0,-1.22843,-73.84153,[0.3017643572223639,0.9532478726210332,0.016023921294365834]
2008-05-01T00:00:00.000Z,2,195.0,-0.72843,-73.84153,[0.2921172620285436,0.9560201302752335,0.02632519199308614]
2008-05-01T00:00:00.000Z,0,174.0,-0.22843,-73.84153,[0.283900030217347,0.9581626019835462,0.03640331032625659]
2008-05-01T00:00:00.000Z,0,241.0,0.27157,-73.84153,[0.27936439922157724,0.9591134029955365,0.045354301250142705]
2008-05-01T00:00:00.000Z,0,232.0,0.77157,-73.84153,[0.276251314277363,0.9596098285424188,0.053237095383005986]
2008-05-01T00:00:00.000Z,0,267.0,1.27157,-73.84153,[0.27696174679273133,0.9593150826409526,0.05483395874001254]
2008-05-01T00:00:00.000Z,0,265.0,1.77157,-73.84153,[0.2625192480794942,0.963678252443713,0.049070053543972966]
2008-05-01T00:00:00.000Z,8,554.0,2.27157,-73.84153,[0.24753997857479032,0.9679590193597183,0.042181700384941845]
2008-05-01T00:00:00.000Z,0,995.0,2.77157,-73.84153,[0.2747611628648228,0.9599539383078042,0.054724215010421136]
2008-05-01T00:00:00.000Z,6,363.0,3.27157,-73.84153,[0.25607608171651974,0.9645156381833674,0.06430104254555784]
2008-05-01T00:00:00.000Z,6,545.0,3.77157,-73.84153,[0.19893441658585173,0.9776205615076141,0.06843343930553299]
2008-05-01T00:00:00.000Z,11,1499.0,4.27157,-73.84153,[0.15421609627939717,0.9855372402855224,0.07024061260225667]
2008-05-01T00:00:00.000Z,11,3610.0,4.77157,-73.84153,[0.1411363762484184,0.9879546337389288,0.06345206831336457]
2008-05-01T00:00:00.000Z,11,2585.0,5.27157,-73.84153,[0.1668796255762028,0.9845897908995965,0.05228894934721021]
2008-05-01T00:00:00.000Z,6,2622.0,5.77157,-73.84153,[0.2449123398526559,0.968516980326412,0.04464084012768864]
2008-05-01T00:00:00.000Z,0,616.0,6.27157,-73.84153,[0.3044995641524288,0.95156113797634,0.04256073453494175]
2008-05-01T00:00:00.000Z,5,101.0,6.77157,-73.84153,[0.32865066404316695,0.9422107166992951,0.0650208148286841]
2008-05-01T00:00:00.000Z,7,89.0,7.27157,-73.84153,[0.33218636106383825,0.9384264700053431,0.09491038887538236]
2008-05-01T00:00:00.000Z,7,59.0,7.77157,-73.84153,[0.3290144668737997,0.9375143410920099,0.11320927892431817]
2008-05-01T00:00:00.000Z,10,38.0,8.27157,-73.84153,[0.33714951886389777,0.9337367880592345,0.12027390637485148]
2008-05-01T00:00:00.000Z,10,29.0,8.77157,-73.84153,[0.34269626048297336,0.9315546235663925,0.12151237123463177]
2008-05-01T00:00:00.000Z,10,52.0,9.27157,-73.84153,[0.34162060007790124,0.9319120256542041,0.12180041889703262]
2008-05-01T00:00:00.000Z,7,46.0,9.77157,-73.84153,[0.2871951883797296,0.9508334722850809,0.11590785889588291]
2008-05-01T00:00:00.000Z,6,931.0,10.27157,-73.84153,[0.1551416799536931,0.9810429761777651,0.11612811043592615]
2008-05-01T00:00:00.000Z,7,2665.0,10.77157,-73.84153,[0.288356503762956,0.9505506882936969,0.1153426015051824]
2008-05-01T00:00:00.000Z,2,139.0,-1.72843,-73.34153,[0.29879975975251716,0.954306209442148,0.00428511283366013]
2008-05-01T00:00:00.000Z,2,199.0,-1.22843,-73.34153,[0.2953590784144266,0.9553020192466609,0.012691210400619893]
2008-05-01T00:00:00.000Z,2,223.0,-0.72843,-73.34153,[0.29094691939426476,0.9564593610008311,0.023138298314032083]
2008-05-01T00:00:00.000Z,0,171.0,-0.22843,-73.34153,[0.28447274785750565,0.9581042147840791,0.033340206048899666]
2008-05-01T00:00:00.000Z,0,209.0,0.27157,-73.34153,[0.2789261618057242,0.9593710323398497,0.042513745630066026]
2008-05-01T00:00:00.000Z,0,237.0,0.77157,-73.34153,[0.27171360628287616,0.9610198451726318,0.05111333823108204]
2008-05-01T00:00:00.000Z,0,249.0,1.27157,-73.34153,[0.2696212988007399,0.9613546309698513,0.055692268276874145]
2008-05-01T00:00:00.000Z,0,294.0,1.77157,-73.34153,[0.2776354106048561,0.9589014181533182,0.05853758657331303]
2008-05-01T00:00:00.000Z,0,229.0,2.27157,-73.34153,[0.2834745456601392,0.9572890410983271,0.0569198889301708]
2008-05-01T00:00:00.000Z,0,267.0,2.77157,-73.34153,[0.2852835705453377,0.9566056234555966,0.05932086943085594]
2008-05-01T00:00:00.000Z,9,234.0,3.27157,-73.34153,[0.2842884591212962,0.9559341015871474,0.07328073029939387]
2008-05-01T00:00:00.000Z,9,256.0,3.77157,-73.34153,[0.2838113694168732,0.9558766921960289,0.07583439790818851]
2008-05-01T00:00:00.000Z,6,300.0,4.27157,-73.34153,[0.22911977162880615,0.9706551901515925,0.07302487302652097]
2008-05-01T00:00:00.000Z,11,1229.0,4.77157,-73.34153,[0.1710726710903234,0.9828067547202471,0.06946239329506419]
2008-05-01T00:00:00.000Z,11,2684.0,5.27157,-73.34153,[0.14960900436233965,0.9864463620964019,0.06738486863149282]
2008-05-01T00:00:00.000Z,6,3515.0,5.77157,-73.34153,[0.2151526525601095,0.9750535105383685,0.05458926344211288]
2008-05-01T00:00:00.000Z,1,1301.0,6.27157,-73.34153,[0.22523870420460668,0.9733933950550842,0.04210492360005713]
2008-05-01T00:00:00.000Z,0,1945.0,6.77157,-73.34153,[0.28818885059257165,0.9563164715582072,0.04905091865187852]
2008-05-01T00:00:00.000Z,6,351.0,7.27157,-73.34153,[0.24292289639876083,0.967129653268306,0.0751578350829969]
2008-05-01T00:00:00.000Z,6,325.0,7.77157,-73.34153,[0.24616688405469642,0.9627089878758784,0.11221973916296255]
2008-05-01T00:00:00.000Z,9,1339.0,8.27157,-73.34153,[0.2660092264982798,0.9569422823379674,0.11619190889037415]
2008-05-01T00:00:00.000Z,7,1230.0,8.77157,-73.34153,[0.27557025335089425,0.9541620022274713,0.11677289485744144]
2008-05-01T00:00:00.000Z,7,809.0,9.27157,-73.34153,[0.2953836900817063,0.9480298669816029,0.11827022847935514]
2008-05-01T00:00:00.000Z,7,74.0,9.77157,-73.34153,[0.28715793489122876,0.9506317118778177,0.1176421217135034]
2008-05-01T00:00:00.000Z,6,99.0,10.27157,-73.34153,[0.24150082476410606,0.9637774850032987,0.11318264460142666]
2008-05-01T00:00:00.000Z,7,1426.0,10.77157,-73.34153,[0.3062767872479937,0.944548259909843,0.11841923110008305]
2008-05-01T00:00:00.000Z,2,146.0,-2.22843,-72.84153,[0.2931988981918213,0.9560337614192462,0.005818343894078945]
2008-05-01T00:00:00.000Z,2,165.0,-1.72843,-72.84153,[0.29320370660726913,0.9560494402213678,0.0010267834083523043]
2008-05-01T00:00:00.000Z,2,168.0,-1.22843,-72.84153,[0.2924656424672887,0.9562255575981274,0.009825017676635479]
2008-05-01T00:00:00.000Z,8,178.0,-0.72843,-72.84153,[0.2848009864945762,0.9583779228071454,0.02000387881330952]
2008-05-01T00:00:00.000Z,0,191.0,-0.22843,-72.84153,[0.2830742755950294,0.9586180647640439,0.03033744228488562]
2008-05-01T00:00:00.000Z,0,247.0,0.27157,-72.84153,[0.2723033605414497,0.9613975790545061,0.03956734545010453]
2008-05-01T00:00:00.000Z,0,264.0,0.77157,-72.84153,[0.26569170752154697,0.9628579648611434,0.04808800326216428]
2008-05-01T00:00:00.000Z,0,246.0,1.27157,-72.84153,[0.26632742154735467,0.9622859099529932,0.055457479548543805]
2008-05-01T00:00:00.000Z,0,259.0,1.77157,-72.84153,[0.2691247635310128,0.961159869753617,0.06118469113745883]
2008-05-01T00:00:00.000Z,9,271.0,2.27157,-72.84153,[0.28192194302077206,0.9571974270942419,0.06552177964277231]
2008-05-01T00:00:00.000Z,9,193.0,2.77157,-72.84153,[0.2822823861527038,0.9566236419619407,0.07202681519690021]
2008-05-01T00:00:00.000Z,9,182.0,3.27157,-72.84153,[0.28400042220711935,0.9556839604430049,0.07753662320575323]
2008-05-01T00:00:00.000Z,9,203.0,3.77157,-72.84153,[0.28841803749498246,0.9541735074438749,0.07979945701442202]
2008-05-01T00:00:00.000Z,9,165.0,4.27157,-72.84153,[0.2863643655880362,0.9549281832557223,0.07815123124613736]
2008-05-01T00:00:00.000Z,6,293.0,4.77157,-72.84153,[0.21432346630947602,0.9739935536996082,0.07349836148309255]
2008-05-01T00:00:00.000Z,11,1653.0,5.27157,-72.84153,[0.15879307040940543,0.9842649840456003,0.07750614150935266]
2008-05-01T00:00:00.000Z,11,2686.0,5.77157,-72.84153,[0.15535868366298175,0.9856362389766221,0.06621845533176272]
2008-05-01T00:00:00.000Z,11,2685.0,6.27157,-72.84153,[0.1767874514516851,0.9832288395806048,0.04480229934049554]
2008-05-01T00:00:00.000Z,11,1547.0,6.77157,-72.84153,[0.15864751113669587,0.9857841076613497,0.05532323465279652]
2008-05-01T00:00:00.000Z,6,3795.0,7.27157,-72.84153,[0.22054895143332232,0.9725270252033202,0.07449392774476578]
2008-05-01T00:00:00.000Z,7,1328.0,7.77157,-72.84153,[0.2936065094138686,0.9492890304369349,0.11245245360554888]
2008-05-01T00:00:00.000Z,10,973.0,8.27157,-72.84153,[0.3317692604890896,0.9358509247487942,0.11879479972351276]
2008-05-01T00:00:00.000Z,10,83.0,8.77157,-72.84153,[0.3409122994643967,0.9320687336420207,0.12258335874358095]
2008-05-01T00:00:00.000Z,7,223.0,10.77157,-72.84153,[0.323924806085406,0.9381822161436575,0.12201167695883627]
2008-05-01T00:00:00.000Z,10,51.0,11.27157,-72.84153,[0.34275169273006134,0.9313641403159618,0.12280926375557676]
2008-05-01T00:00:00.000Z,2,149.0,-2.22843,-72.34153,[0.287440154819208,0.957759578362439,0.008645660906671489]
2008-05-01T00:00:00.000Z,2,147.0,-1.72843,-72.34153,[0.2886916835070083,0.9574189035056643,0.0024809441551383524]
2008-05-01T00:00:00.000Z,2,145.0,-1.22843,-72.34153,[0.28868681545255254,0.9574027590594418,0.0063150240880245866]
2008-05-01T00:00:00.000Z,8,205.0,-0.72843,-72.34153,[0.2820695749161832,0.9592604194570198,0.01600632905278341]
2008-05-01T00:00:00.000Z,8,176.0,-0.22843,-72.34153,[0.27874600423599255,0.9600012385887583,0.026425121201572095]
2008-05-01T00:00:00.000Z,0,150.0,0.27157,-72.34153,[0.27585185261163464,0.9604962096959327,0.036780247014884616]
2008-05-01T00:00:00.000Z,0,218.0,0.77157,-72.34153,[0.27240120414697944,0.961092958179867,0.04580294440697194]
2008-05-01T00:00:00.000Z,0,234.0,1.27157,-72.34153,[0.26910296214012625,0.9615508281348413,0.05480511546024521]
2008-05-01T00:00:00.000Z,0,237.0,1.77157,-72.34153,[0.27214965676189823,0.9602054422042781,0.06277000147895394]
2008-05-01T00:00:00.000Z,9,203.0,2.27157,-72.34153,[0.2775589211135063,0.9582391324156764,0.06883901813331009]
2008-05-01T00:00:00.000Z,9,188.0,2.77157,-72.34153,[0.27762034758755766,0.9578455020351591,0.07388461840178825]
2008-05-01T00:00:00.000Z,9,220.0,3.27157,-72.34153,[0.2837815867300203,0.9556597308062345,0.07862881118487915]
2008-05-01T00:00:00.000Z,9,180.0,3.77157,-72.34153,[0.2915141495534042,0.9531146217820285,0.08119124555920984]
2008-05-01T00:00:00.000Z,9,190.0,4.27157,-72.34153,[0.295859038929779,0.9517945826035525,0.08095987654435037]
2008-05-01T00:00:00.000Z,9,177.0,4.77157,-72.34153,[0.29641493429635457,0.951769828092201,0.07919836525730722]
2008-05-01T00:00:00.000Z,6,257.0,5.27157,-72.34153,[0.23753953612636347,0.9685186883606318,0.07447495601256517]
2008-05-01T00:00:00.000Z,11,1342.0,5.77157,-72.34153,[0.17439229998563466,0.982167745057984,0.0702413430497695]
2008-05-01T00:00:00.000Z,11,3317.0,6.27157,-72.34153,[0.17673593761926726,0.9832492304170504,0.0445573701885195]
2008-05-01T00:00:00.000Z,6,3467.0,6.77157,-72.34153,[0.23358297114955376,0.9712761300351341,0.04540566939182652]
2008-05-01T00:00:00.000Z,6,2203.0,7.27157,-72.34153,[0.2506479538627145,0.9661125357806974,0.06166175015214197]
2008-05-01T00:00:00.000Z,10,97.0,11.27157,-72.34153,[0.36228229632260317,0.9233166857666346,0.12742776603291564]
2008-05-01T00:00:00.000Z,10,19.0,11.77157,-72.34153,[0.34652611094442853,0.9297637202100513,0.12433454473675094]
2008-05-01T00:00:00.000Z,2,109.0,-2.22843,-71.84153,[0.28467649765090297,0.9585591444338999,0.011120175689488398]
2008-05-01T00:00:00.000Z,2,140.0,-1.72843,-71.84153,[0.285603474424481,0.95833353332277,0.0052435012882619545]
2008-05-01T00:00:00.000Z,2,153.0,-1.22843,-71.84153,[0.28560496743622693,0.958338543077027,0.004127884294976717]
2008-05-01T00:00:00.000Z,2,136.0,-0.72843,-71.84153,[0.2855822335366097,0.958262260187296,0.013275111637053342]
2008-05-01T00:00:00.000Z,8,192.0,-0.22843,-71.84153,[0.2734799720053649,0.9615908693091864,0.02348840082142852]
2008-05-01T00:00:00.000Z,8,216.0,0.27157,-71.84153,[0.2741248595319983,0.961088362937488,0.034127994560208624]
2008-05-01T00:00:00.000Z,0,215.0,0.77157,-71.84153,[0.2724200701854535,0.9611595218236767,0.0442682614051362]
2008-05-01T00:00:00.000Z,0,232.0,1.27157,-71.84153,[0.26127177203018065,0.963778445372741,0.053555292690003836]
2008-05-01T00:00:00.000Z,0,233.0,1.77157,-71.84153,[0.27446509205257,0.9595299618157848,0.06301718513527008]
2008-05-01T00:00:00.000Z,9,159.0,2.27157,-71.84153,[0.2759484989513299,0.9586736696635844,0.06926197384037364]
2008-05-01T00:00:00.000Z,9,186.0,2.77157,-71.84153,[0.28082525860545615,0.9568038455253092,0.075256729381225]
2008-05-01T00:00:00.000Z,9,222.0,3.27157,-71.84153,[0.2844671519875856,0.9553168529346872,0.08030037321854287]
2008-05-01T00:00:00.000Z,9,206.0,3.77157,-71.84153,[0.28791550363467927,0.9540729434168784,0.08276159378989016]
2008-05-01T00:00:00.000Z,9,189.0,4.27157,-71.84153,[0.2962142532060598,0.951545400260393,0.08257401189759661]
2008-05-01T00:00:00.000Z,9,149.0,4.77157,-71.84153,[0.3043679229406664,0.9491167673378796,0.08085499021629917]
2008-05-01T00:00:00.000Z,9,172.0,5.27157,-71.84153,[0.30855605164371935,0.9480443571495958,0.07749232136701044]
2008-05-01T00:00:00.000Z,9,213.0,5.77157,-71.84153,[0.3005468388160726,0.9513372378272535,0.06803717807844163]
2008-05-01T00:00:00.000Z,0,412.0,6.27157,-71.84153,[0.29505231592798087,0.9541611184445187,0.05020648279097093]
2008-05-01T00:00:00.000Z,4,325.0,6.77157,-71.84153,[0.3304220112054116,0.9430021443390398,0.03960113991974971]
2008-05-01T00:00:00.000Z,10,174.0,11.77157,-71.84153,[0.3578644232129545,0.9249031219658754,0.12840276311760584]
2008-05-01T00:00:00.000Z,8,107.0,-2.22843,-71.34153,[0.27947458568621536,0.9600774002397044,0.012055766441366154]
2008-05-01T00:00:00.000Z,8,121.0,-1.72843,-71.34153,[0.2803750333513034,0.9598721730026977,0.005937353647439367]
2008-05-01T00:00:00.000Z,8,140.0,-1.22843,-71.34153,[0.27949422599208074,0.9601448704669125,0.0021921115764084766]
2008-05-01T00:00:00.000Z,8,186.0,-0.72843,-71.34153,[0.2794784445955293,0.9600906567281711,0.010850339613708784]
2008-05-01T00:00:00.000Z,8,201.0,-0.22843,-71.34153,[0.27236110162439203,0.9619794109373527,0.020372610401504527]
2008-05-01T00:00:00.000Z,8,185.0,0.27157,-71.34153,[0.27229183352440306,0.9617347560081915,0.03038776862132338]
2008-05-01T00:00:00.000Z,8,228.0,0.77157,-71.34153,[0.2633629838879126,0.9638653467701065,0.04004412582885885]
2008-05-01T00:00:00.000Z,0,342.0,1.27157,-71.34153,[0.26561090363914586,0.9627040099247408,0.051495991521875215]
2008-05-01T00:00:00.000Z,0,222.0,1.77157,-71.34153,[0.27116208180342427,0.9605018319302018,0.06250884937958456]
2008-05-01T00:00:00.000Z,9,164.0,2.27157,-71.34153,[0.2750660634542027,0.9588956395315831,0.06969801448480993]
2008-05-01T00:00:00.000Z,9,189.0,2.77157,-71.34153,[0.28314473087058,0.9560298559983113,0.0763935587603761]
2008-05-01T00:00:00.000Z,9,209.0,3.27157,-71.34153,[0.28649530285479125,0.9546113020903786,0.08147210174933125]
2008-05-01T00:00:00.000Z,9,171.0,3.77157,-71.34153,[0.2895465431181314,0.953467718158534,0.0840363599753014]
2008-05-01T00:00:00.000Z,9,165.0,4.27157,-71.34153,[0.2961832521971179,0.9514458140077302,0.08382329106582527]
2008-05-01T00:00:00.000Z,9,131.0,4.77157,-71.34153,[0.3033357674796229,0.9493714860049266,0.0817385694048144]
2008-05-01T00:00:00.000Z,9,146.0,5.27157,-71.34153,[0.3079342173513486,0.9482974193433577,0.07686691258884043]
2008-05-01T00:00:00.000Z,5,151.0,5.77157,-71.34153,[0.3133923959666337,0.9472461893126823,0.06715551342142151]
2008-05-01T00:00:00.000Z,5,157.0,6.27157,-71.34153,[0.3194196227272534,0.9463402255426836,0.049104807672995666]
2008-05-01T00:00:00.000Z,4,154.0,6.77157,-71.34153,[0.32615728746434197,0.9446481436930201,0.035514904635006124]
2008-05-01T00:00:00.000Z,8,97.0,-2.22843,-70.84153,[0.2752737503549912,0.9612906163971543,0.012029679641497648]
2008-05-01T00:00:00.000Z,8,137.0,-1.72843,-70.84153,[0.2752897882215352,0.9613466226476447,0.005310708512935128]
2008-05-01T00:00:00.000Z,8,114.0,-1.22843,-70.84153,[0.2711520579106841,0.9625357912287629,0.001188315791640448]
2008-05-01T00:00:00.000Z,8,155.0,-0.72843,-70.84153,[0.27114493354658625,0.9625105011554117,0.007345759155843771]
2008-05-01T00:00:00.000Z,8,183.0,-0.22843,-70.84153,[0.26956303134732507,0.9628791479726451,0.014125102842599834]
2008-05-01T00:00:00.000Z,8,193.0,0.27157,-70.84153,[0.270355754910538,0.9624664874815152,0.023791306432127343]
2008-05-01T00:00:00.000Z,8,250.0,0.77157,-70.84153,[0.26871542871115156,0.9626271582744869,0.033778284813891744]
2008-05-01T00:00:00.000Z,0,316.0,1.27157,-70.84153,[0.2694113828504702,0.961874374915936,0.047065843991949616]
2008-05-01T00:00:00.000Z,0,186.0,1.77157,-70.84153,[0.273484143713699,0.9599184486524653,0.06134325613976595]
2008-05-01T00:00:00.000Z,9,191.0,2.27157,-70.84153,[0.27737063041317717,0.9581894505182483,0.07027453521535437]
2008-05-01T00:00:00.000Z,9,160.0,2.77157,-70.84153,[0.28293338691565834,0.9560053893829862,0.07747511883901426]
2008-05-01T00:00:00.000Z,9,240.0,3.27157,-70.84153,[0.2907804212567264,0.9531759754708907,0.08308012035906467]
2008-05-01T00:00:00.000Z,9,186.0,3.77157,-70.84153,[0.2919089971916655,0.9526642466487689,0.08497040964765147]
2008-05-01T00:00:00.000Z,9,176.0,4.27157,-70.84153,[0.2968659127632743,0.951112712814644,0.08517768112361639]
2008-05-01T00:00:00.000Z,9,146.0,4.77157,-70.84153,[0.300317781177403,0.9502421396796454,0.08275932748476525]
2008-05-01T00:00:00.000Z,9,123.0,5.27157,-70.84153,[0.30557154088499866,0.9490014269749204,0.07760364038324684]
2008-05-01T00:00:00.000Z,5,120.0,5.77157,-70.84153,[0.30822383746360715,0.9489138366857119,0.06753218910719483]
2008-05-01T00:00:00.000Z,5,126.0,6.27157,-70.84153,[0.31407338254255973,0.948057942842225,0.05043855065367503]
2008-05-01T00:00:00.000Z,4,122.0,6.77157,-70.84153,[0.31883274149429924,0.9470861878336195,0.03705989430653294]
2008-05-01T00:00:00.000Z,8,97.0,-3.72843,-70.34153,[0.26914071069055073,0.9627365342883337,0.02648855215887239]
2008-05-01T00:00:00.000Z,8,132.0,-2.22843,-70.34153,[0.2732869043334477,0.961883828638198,0.00968339424803555]
2008-05-01T00:00:00.000Z,8,129.0,-1.72843,-70.34153,[0.2732988811343354,0.9619259832051019,0.002474753648066817]
2008-05-01T00:00:00.000Z,8,144.0,-1.22843,-70.34153,[0.269470373301809,0.9630076687319629,0.0013956632880173375]
2008-05-01T00:00:00.000Z,8,134.0,-0.72843,-70.34153,[0.26946762929269685,0.9629978624523867,0.004723735334214605]
2008-05-01T00:00:00.000Z,8,170.0,-0.22843,-70.34153,[0.2679106160105341,0.9634065751738806,0.008465975465932878]
2008-05-01T00:00:00.000Z,8,177.0,0.27157,-70.34153,[0.2702859836493442,0.9626919098904929,0.01302972271775723]
2008-05-01T00:00:00.000Z,8,190.0,0.77157,-70.34153,[0.2686959456861711,0.9630062693392372,0.02052837025042347]
2008-05-01T00:00:00.000Z,8,195.0,1.27157,-70.34153,[0.26855598528878855,0.962504651275018,0.038242372305123486]
2008-05-01T00:00:00.000Z,0,216.0,1.77157,-70.34153,[0.2731538873257113,0.9603743816292865,0.05538953826326924]
2008-05-01T00:00:00.000Z,9,168.0,2.27157,-70.34153,[0.27654899854898835,0.9586303230334496,0.0674429771164924]
2008-05-01T00:00:00.000Z,9,193.0,2.77157,-70.34153,[0.2827406790041344,0.9560375488505558,0.07778119068323855]
2008-05-01T00:00:00.000Z,9,177.0,3.27157,-70.34153,[0.29215993324901945,0.9525980965322434,0.08484951318113285]
2008-05-01T00:00:00.000Z,9,174.0,3.77157,-70.34153,[0.29069744034018,0.9529039646672312,0.08642356334437785]
2008-05-01T00:00:00.000Z,9,118.0,4.27157,-70.34153,[0.2959035634861311,0.951199577643157,0.08752396590471004]
2008-05-01T00:00:00.000Z,9,116.0,4.77157,-70.34153,[0.2976488658001508,0.9508858804378864,0.08497761512156977]
2008-05-01T00:00:00.000Z,9,124.0,5.27157,-70.34153,[0.30355053084588596,0.9494512844502898,0.0799958353845737]
2008-05-01T00:00:00.000Z,9,105.0,5.77157,-70.34153,[0.3071541426581923,0.9489687691081463,0.07151648694728059]
2008-05-01T00:00:00.000Z,5,104.0,6.27157,-70.34153,[0.310848272018768,0.9487227930386934,0.05743181828748242]
2008-05-01T00:00:00.000Z,0,109.0,6.77157,-70.34153,[0.3138246053129023,0.9484476960567713,0.044284138749709545]
2008-05-01T00:00:00.000Z,8,140.0,-3.72843,-69.84153,[0.2697384699975672,0.9625961086187691,0.025492929909573993]
2008-05-01T00:00:00.000Z,8,128.0,-3.22843,-69.84153,[0.26824578461366455,0.9631502187703231,0.019643195251236853]
2008-05-01T00:00:00.000Z,8,61.0,-2.72843,-69.84153,[0.26992145777089727,0.9627907115765076,0.013283536307622898]
2008-05-01T00:00:00.000Z,8,111.0,-2.22843,-69.84153,[0.26507600771021805,0.9642007770495182,0.007181342041551725]
2008-05-01T00:00:00.000Z,8,145.0,-1.72843,-69.84153,[0.26508255343171316,0.9642245867854745,0.001478548106790432]
2008-05-01T00:00:00.000Z,8,68.0,-1.22843,-69.84153,[0.26589502829721406,0.9640018954201783,4.237370968879905E-4]
2008-05-01T00:00:00.000Z,8,122.0,-0.72843,-69.84153,[0.26589433006906293,0.9639993639954073,0.0023305479129559297]
2008-05-01T00:00:00.000Z,8,188.0,0.77157,-69.84153,[0.2708573146411239,0.9624534619066022,0.01787872393085679]
2008-05-01T00:00:00.000Z,0,195.0,1.77157,-69.84153,[0.2732190012622692,0.961126130922607,0.03984893733825191]
2008-05-01T00:00:00.000Z,0,182.0,2.27157,-69.84153,[0.27806276784660056,0.9590993125333916,0.053005715120758225]
2008-05-01T00:00:00.000Z,9,180.0,2.77157,-69.84153,[0.2827106570783786,0.956613967555909,0.07045850872147189]
2008-05-01T00:00:00.000Z,9,198.0,3.27157,-69.84153,[0.2861464194786943,0.9545579398825942,0.08330285725364306]
2008-05-01T00:00:00.000Z,9,149.0,3.77157,-69.84153,[0.2895153756510993,0.9531736982974653,0.08741137303312035]
2008-05-01T00:00:00.000Z,9,188.0,4.27157,-69.84153,[0.2904485467323048,0.9528946552409845,0.08735798597871629]
2008-05-01T00:00:00.000Z,9,143.0,4.77157,-69.84153,[0.2930435067015835,0.9521107037660643,0.0872393887766783]
2008-05-01T00:00:00.000Z,9,100.0,5.27157,-69.84153,[0.2938177690701336,0.9521041448112345,0.08466886093433239]
2008-05-01T00:00:00.000Z,9,112.0,5.77157,-69.84153,[0.29925876090407066,0.9510534106004369,0.07708180205104852]
2008-05-01T00:00:00.000Z,0,98.0,6.27157,-69.84153,[0.3063591572538435,0.9499420137236713,0.0612718314507687]
2008-05-01T00:00:00.000Z,8,169.0,0.77157,-69.34153,[0.2707432065738839,0.9625240769142408,0.0156689966009295]
2008-05-01T00:00:00.000Z,8,182.0,1.77157,-69.34153,[0.2741669920242807,0.9611972190968899,0.03053467675878263]
2008-05-01T00:00:00.000Z,0,167.0,2.27157,-69.34153,[0.2814195723380623,0.9587899383145612,0.03904969259574663]
2008-05-01T00:00:00.000Z,0,128.0,2.77157,-69.34153,[0.28551145362232033,0.9564633696347731,0.06050646574842251]
2008-05-01T00:00:00.000Z,9,182.0,3.27157,-69.34153,[0.28600600796250736,0.9548200573517553,0.08074169609403092]
2008-05-01T00:00:00.000Z,9,123.0,3.77157,-69.34153,[0.29021308029334836,0.952921876672029,0.08784227334549626]
2008-05-01T00:00:00.000Z,9,172.0,4.27157,-69.34153,[0.29186028711416795,0.9524448300863114,0.0875580861342504]
2008-05-01T00:00:00.000Z,9,142.0,4.77157,-69.34153,[0.29346938352945867,0.951822753424442,0.08893349759428842]
2008-05-01T00:00:00.000Z,9,117.0,5.27157,-69.34153,[0.297009466654704,0.950655300466761,0.08966535792568148]
2008-05-01T00:00:00.000Z,9,83.0,5.77157,-69.34153,[0.3068941934780073,0.9481656425365299,0.08244918630752435]
2008-05-01T00:00:00.000Z,8,139.0,1.77157,-68.84153,[0.2757680668871114,0.9608793580597788,0.025745534369538914]
2008-05-01T00:00:00.000Z,0,178.0,2.27157,-68.84153,[0.27900133987630515,0.9596777605083804,0.0343052231131955]
2008-05-01T00:00:00.000Z,0,155.0,2.77157,-68.84153,[0.2847076736670227,0.9570557953268379,0.05464197275378628]
2008-05-01T00:00:00.000Z,9,154.0,3.27157,-68.84153,[0.29097228915471607,0.953681038978575,0.07633873745884186]
2008-05-01T00:00:00.000Z,9,118.0,3.77157,-68.84153,[0.29585273883339996,0.95119446598512,0.087751038763416]
2008-05-01T00:00:00.000Z,9,168.0,4.27157,-68.84153,[0.29684757262473227,0.9508050070536537,0.08860788446016445]
2008-05-01T00:00:00.000Z,7,130.0,4.77157,-68.84153,[0.30267804300410206,0.9486923735949467,0.09148105031094128]
2008-05-01T00:00:00.000Z,7,118.0,5.27157,-68.84153,[0.30760763855746204,0.9469264992906947,0.09331530229373756]
2008-05-01T00:00:00.000Z,5,76.0,5.77157,-68.84153,[0.31925791866130415,0.9437404408779211,0.08618794360929713]
2008-05-01T00:00:00.000Z,8,140.0,1.77157,-68.34153,[0.2749308748660894,0.9611841133013673,0.023197292566826296]
2008-05-01T00:00:00.000Z,8,115.0,2.27157,-68.34153,[0.2774507514070597,0.9602397099478706,0.030996451133757447]
2008-05-01T00:00:00.000Z,0,126.0,2.77157,-68.34153,[0.2864526238722483,0.9570371188375498,0.04499830489947195]
2008-05-01T00:00:00.000Z,0,132.0,3.27157,-68.34153,[0.2912255204250863,0.9545110213172031,0.06400317521129274]
2008-05-01T00:00:00.000Z,9,110.0,3.77157,-68.34153,[0.2986412103508516,0.9507304449371681,0.08321687659214742]
2008-05-01T00:00:00.000Z,7,121.0,4.27157,-68.34153,[0.3071115324300532,0.9473994136956622,0.09009360453206357]
2008-05-01T00:00:00.000Z,7,109.0,4.77157,-68.34153,[0.3141503126929122,0.9447524055709924,0.09355465356019695]
2008-05-01T00:00:00.000Z,7,89.0,5.27157,-68.34153,[0.3236180371561026,0.9413269182971307,0.09578621464729899]
2008-05-01T00:00:00.000Z,5,65.0,5.77157,-68.34153,[0.33393717622968505,0.9379174119375269,0.09379174119375269]
2008-05-01T00:00:00.000Z,8,136.0,2.27157,-67.84153,[0.28252260690877135,0.9588315500880695,0.02868858904131539]
2008-05-01T00:00:00.000Z,0,120.0,2.77157,-67.84153,[0.2899752704419039,0.9562543269534541,0.03862647686420781]
2008-05-01T00:00:00.000Z,0,103.0,3.27157,-67.84153,[0.3000776548095468,0.9519317364183002,0.06147658321379105]
2008-05-01T00:00:00.000Z,9,95.0,3.77157,-67.84153,[0.30490866547663686,0.9487306803120634,0.08331147551127438]
2008-05-01T00:00:00.000Z,7,110.0,4.27157,-67.84153,[0.31109350989831197,0.9459547097278301,0.09159975569228075]
2008-05-01T00:00:00.000Z,7,101.0,4.77157,-67.84153,[0.3218509908270765,0.9419741453144108,0.09537635588978201]
2008-05-01T00:00:00.000Z,10,80.0,5.77157,-67.84153,[0.3469618880822751,0.9326932475329976,0.09849240693948455]
2008-05-01T00:00:00.000Z,5,54.0,6.27157,-67.84153,[0.34666854839365435,0.9340098659958529,0.08629303434834848]
2008-05-01T00:00:00.000Z,2,114.0,2.27157,-67.34153,[0.2927364630875765,0.9558289059904962,0.02639063568744061]
