2006-12-01T00:00:00.000Z,0,10.0,1.77157,-78.84153,[0.2807241707759656,0.9597881728111077,7.767071918702606E-4]
2006-12-01T00:00:00.000Z,0,235.0,1.27157,-78.34153,[0.29416391971273925,0.9557465873935304,0.0040061234202124025]
2006-12-01T00:00:00.000Z,0,57.0,1.77157,-78.34153,[0.2888877625378402,0.9573606084102844,0.002127468018689521]
2006-12-01T00:00:00.000Z,0,1772.0,1.27157,-77.84153,[0.2601688591731217,0.9655404644312835,0.006616363228971629]
2006-12-01T00:00:00.000Z,0,528.0,1.77157,-77.84153,[0.28816784393452344,0.9575694113621908,0.004485102629331104]
2006-12-01T00:00:00.000Z,0,116.0,2.27157,-77.84153,[0.28765095314157507,0.9577343995403401,0.001322533117892299]
2006-12-01T00:00:00.000Z,0,167.0,7.27157,-77.84153,[0.2466441085812596,0.9682310047611431,0.04117529746563177]
2006-12-01T00:00:00.000Z,0,2201.0,0.77157,-77.34153,[0.17453320209556866,0.984630706161793,0.006366619950655963]
2006-12-01T00:00:00.000Z,0,2447.0,1.27157,-77.34153,[0.21845055454085965,0.9758197360200838,0.0074295366265165474]
2006-12-01T00:00:00.000Z,0,1706.0,1.77157,-77.34153,[0.2014959571636426,0.9794643051430542,0.007003870168789716]
2006-12-01T00:00:00.000Z,0,2096.0,2.27157,-77.34153,[0.26937712714429113,0.9630232295408407,0.004714099725025095]
2006-12-01T00:00:00.000Z,0,57.0,2.77157,-77.34153,[0.2861262641206492,0.958190279845895,0.0017744264441590647]
2006-12-01T00:00:00.000Z,0,74.0,3.27157,-77.34153,[0.27571272576496403,0.9612396976085906,8.582497300076703E-4]
2006-12-01T00:00:00.000Z,0,28.0,4.27157,-77.34153,[0.2657285968036754,0.9640386302644967,0.004222818786414996]
2006-12-01T00:00:00.000Z,0,14.0,5.27157,-77.34153,[0.24977489814048942,0.968127505192537,0.01848334246239622]
2006-12-01T00:00:00.000Z,0,499.0,6.27157,-77.34153,[0.2639450901042253,0.9640182001853541,0.03165279010234264]
2006-12-01T00:00:00.000Z,0,695.0,6.77157,-77.34153,[0.2753753505109111,0.9606605739197435,0.03605104779589409]
2006-12-01T00:00:00.000Z,0,345.0,7.27157,-77.34153,[0.2754849731976956,0.9605031632563332,0.03926452491553362]
2006-12-01T00:00:00.000Z,0,279.0,0.27157,-76.84153,[0.2714284264580952,0.9624399621493291,0.005994044417616269]
2006-12-01T00:00:00.000Z,0,485.0,0.77157,-76.84153,[0.19189178351049574,0.9813894070965353,0.007237061549538696]
2006-12-01T00:00:00.000Z,0,3335.0,1.27157,-76.84153,[0.15450464098680355,0.9879592536339269,0.0080516503049461]
2006-12-01T00:00:00.000Z,0,2008.0,1.77157,-76.84153,[0.15861641016621927,0.9873062265448342,0.008200576307913378]
2006-12-01T00:00:00.000Z,0,1013.0,2.27157,-76.84153,[0.1998703482979888,0.9797992074173147,0.006734761736127884]
2006-12-01T00:00:00.000Z,0,2856.0,2.77157,-76.84153,[0.24016589853042364,0.9707170503392472,0.005361843316028062]
2006-12-01T00:00:00.000Z,0,1911.0,3.27157,-76.84153,[0.24800130221745048,0.968755086786916,0.0029893014106567696]
2006-12-01T00:00:00.000Z,0,794.0,3.77157,-76.84153,[0.2659637699562291,0.9639829702903323,3.2566992239538257E-4]
2006-12-01T00:00:00.000Z,0,70.0,4.27157,-76.84153,[0.2755651633152086,0.9612738255181694,0.004058711707743382]
2006-12-01T00:00:00.000Z,0,24.0,4.77157,-76.84153,[0.2738691748874462,0.9617021410470709,0.011165435591565116]
2006-12-01T00:00:00.000Z,0,133.0,5.27157,-76.84153,[0.27067839842894004,0.962528204451945,0.016512427394506767]
2006-12-01T00:00:00.000Z,0,76.0,5.77157,-76.84153,[0.26569218110436804,0.9637853628295704,0.022922462683514108]
2006-12-01T00:00:00.000Z,0,38.0,6.27157,-76.84153,[0.26099026618245846,0.9649361235749859,0.027970669961386984]
2006-12-01T00:00:00.000Z,0,20.0,6.77157,-76.84153,[0.282881548765032,0.9585948331735801,0.03277156055504333]
2006-12-01T00:00:00.000Z,0,15.0,7.27157,-76.84153,[0.2847039934548516,0.9579326095567374,0.03617667285253377]
2006-12-01T00:00:00.000Z,0,8.0,7.77157,-76.84153,[0.30166450095245473,0.9525084242528057,0.041547931266711705]
2006-12-01T00:00:00.000Z,0,294.0,0.77157,-76.34153,[0.25842360735895575,0.9659851873330398,0.009479293894389644]
2006-12-01T00:00:00.000Z,0,1412.0,1.27157,-76.34153,[0.18506498275226932,0.9826842359009387,0.009090911433444808]
2006-12-01T00:00:00.000Z,0,2388.0,1.77157,-76.34153,[0.1360373086580887,0.9906587880504362,0.009434845600480345]
2006-12-01T00:00:00.000Z,0,3852.0,2.27157,-76.34153,[0.14066483734971535,0.9900227483697525,0.008268085859487087]
2006-12-01T00:00:00.000Z,0,2450.0,2.77157,-76.34153,[0.20005883208479436,0.9797475776693171,0.00843491292033187]
2006-12-01T00:00:00.000Z,0,990.0,3.27157,-76.34153,[0.20796954112676055,0.9781067481117958,0.007473905384242957]
2006-12-01T00:00:00.000Z,0,962.0,3.77157,-76.34153,[0.23013646807383986,0.9731484935693799,0.004383551772835045]
2006-12-01T00:00:00.000Z,0,1899.0,4.27157,-76.34153,[0.19891924293825838,0.9800157466225189,5.207310024561738E-4]
2006-12-01T00:00:00.000Z,0,1358.0,4.77157,-76.34153,[0.22956440124510066,0.9732684292419014,0.006982143079344076]
2006-12-01T00:00:00.000Z,0,407.0,5.27157,-76.34153,[0.2114206466827805,0.9773023030483432,0.013472884347432091]
2006-12-01T00:00:00.000Z,0,480.0,5.77157,-76.34153,[0.1992435260993921,0.9797851747361861,0.017972998488347228]
2006-12-01T00:00:00.000Z,0,1095.0,6.27157,-76.34153,[0.20036547563928642,0.979451538277324,0.022986090098720168]
2006-12-01T00:00:00.000Z,0,1485.0,6.77157,-76.34153,[0.2257346014023024,0.9737968006682282,0.027634774073017287]
2006-12-01T00:00:00.000Z,0,827.0,7.27157,-76.34153,[0.26581882820437813,0.9634619188277264,0.03288588665137168]
2006-12-01T00:00:00.000Z,0,201.0,7.77157,-76.34153,[0.2906430413906126,0.9560626361533309,0.0383517697474079]
2006-12-01T00:00:00.000Z,0,165.0,8.27157,-76.34153,[0.29999642442594887,0.9529298187647789,0.04389653563291458]
2006-12-01T00:00:00.000Z,0,99.0,8.77157,-76.34153,[0.3076799811008794,0.9500887328499682,0.05161810671948819]
2006-12-01T00:00:00.000Z,0,267.0,0.27157,-75.84153,[0.295114886020084,0.955391381979416,0.011597900189894352]
2006-12-01T00:00:00.000Z,0,241.0,0.77157,-75.84153,[0.2867022144992843,0.9579494627317358,0.011604613444018651]
2006-12-01T00:00:00.000Z,0,250.0,1.27157,-75.84153,[0.2299552553444092,0.9731439791386591,0.010553502056869021]
2006-12-01T00:00:00.000Z,0,1712.0,1.77157,-75.84153,[0.234588880930973,0.9720285688336011,0.011336591853602045]
2006-12-01T00:00:00.000Z,0,1262.0,2.27157,-75.84153,[0.2007188428456009,0.9795952221486391,0.010254114797547002]
2006-12-01T00:00:00.000Z,0,2705.0,2.77157,-75.84153,[0.162182854105446,0.9866995575576489,0.010986580439401181]
2006-12-01T00:00:00.000Z,0,1867.0,3.27157,-75.84153,[0.13899742807889667,0.9902298525912638,0.011160377436991704]
2006-12-01T00:00:00.000Z,0,3782.0,3.77157,-75.84153,[0.16272097282095613,0.9866246326738985,0.009680868003272072]
2006-12-01T00:00:00.000Z,0,2035.0,4.27157,-75.84153,[0.2137254399036542,0.9768763793576113,0.005828875633736024]
2006-12-01T00:00:00.000Z,0,1185.0,4.77157,-75.84153,[0.21534979433770646,0.9765366911551441,7.462616635465076E-4]
2006-12-01T00:00:00.000Z,0,1530.0,5.27157,-75.84153,[0.22860777417202896,0.9734972201584009,0.006453520897679286]
2006-12-01T00:00:00.000Z,0,1704.0,5.77157,-75.84153,[0.21749773285336757,0.9759796743267866,0.012586163220956296]
2006-12-01T00:00:00.000Z,0,488.0,6.27157,-75.84153,[0.17724194603726456,0.9839983900689516,0.01823351054061515]
2006-12-01T00:00:00.000Z,0,896.0,6.77157,-75.84153,[0.18560631258768445,0.9823312820465214,0.023990603169578364]
2006-12-01T00:00:00.000Z,0,2421.0,7.27157,-75.84153,[0.24004345098951738,0.9703022196116357,0.0298788261780201]
2006-12-01T00:00:00.000Z,0,131.0,7.77157,-75.84153,[0.3033667847729435,0.9521731200902607,0.03653687553834721]
2006-12-01T00:00:00.000Z,0,43.0,8.27157,-75.84153,[0.3016686393226651,0.9525214911946421,0.04121699724078904]
2006-12-01T00:00:00.000Z,0,10.0,8.77157,-75.84153,[0.31115816775867167,0.9491443390624228,0.048016853945492856]
2006-12-01T00:00:00.000Z,0,155.0,9.27157,-75.84153,[0.31675595835102244,0.9468248755057735,0.056465192575617044]
2006-12-01T00:00:00.000Z,0,228.0,0.27157,-75.34153,[0.29915988216017647,0.9540774620243466,0.01547776996504388]
2006-12-01T00:00:00.000Z,0,189.0,0.77157,-75.34153,[0.2967647603911442,0.9547083376924406,0.021509693873311614]
2006-12-01T00:00:00.000Z,0,244.0,1.27157,-75.34153,[0.2838089718602327,0.9585676519456051,0.02450559395580322]
2006-12-01T00:00:00.000Z,0,1357.0,1.77157,-75.34153,[0.21207262565874954,0.9770488824992388,0.02001705905452483]
2006-12-01T00:00:00.000Z,0,2437.0,2.27157,-75.34153,[0.2448940390715072,0.969419260656335,0.015912469819853694]
2006-12-01T00:00:00.000Z,0,485.0,2.77157,-75.34153,[0.2821924325164425,0.9592220134098003,0.01614187165423272]
2006-12-01T00:00:00.000Z,0,694.0,3.27157,-75.34153,[0.2866767436256625,0.9578917698656675,0.016118371127547288]
2006-12-01T00:00:00.000Z,0,442.0,3.77157,-75.34153,[0.22889478271016334,0.9733376274123768,0.014867464858276964]
2006-12-01T00:00:00.000Z,0,2270.0,4.27157,-75.34153,[0.11469403486105549,0.9933322662073556,0.011674214262643147]
2006-12-01T00:00:00.000Z,0,4229.0,4.77157,-75.34153,[0.14988976824594244,0.9886768819401237,0.007147061797157521]
2006-12-01T00:00:00.000Z,0,3209.0,5.27157,-75.34153,[0.17031386162616138,0.985387342265648,0.002230300568914018]
2006-12-01T00:00:00.000Z,0,1992.0,5.77157,-75.34153,[0.1908970772293112,0.981607375261103,0.002294937540461665]
2006-12-01T00:00:00.000Z,0,2185.0,6.27157,-75.34153,[0.19453430683791462,0.9808195679838313,0.012222050691387305]
2006-12-01T00:00:00.000Z,0,2092.0,6.77157,-75.34153,[0.22743106050111267,0.9735645396889735,0.021147098607998197]
2006-12-01T00:00:00.000Z,0,869.0,7.27157,-75.34153,[0.28295568407796434,0.9586707505328045,0.029773695115666396]
2006-12-01T00:00:00.000Z,0,83.0,7.77157,-75.34153,[0.3087195181271345,0.950502028929063,0.03518738593707125]
2006-12-01T00:00:00.000Z,0,30.0,8.27157,-75.34153,[0.3129579196473757,0.9489331206450785,0.03979036406945205]
2006-12-01T00:00:00.000Z,0,74.0,8.77157,-75.34153,[0.3148720361149905,0.948014008015277,0.046098172193813354]
2006-12-01T00:00:00.000Z,0,180.0,9.27157,-75.34153,[0.30242747771759815,0.9517570622289118,0.05192412944636703]
2006-12-01T00:00:00.000Z,0,136.0,9.77157,-75.34153,[0.31099402555479977,0.9486436462966553,0.05794780763934757]
2006-12-01T00:00:00.000Z,0,79.0,10.27157,-75.34153,[0.3082241964995148,0.9492411848716942,0.06276159363504613]
2006-12-01T00:00:00.000Z,0,205.0,0.27157,-74.84153,[0.2971810782282359,0.9546511856598159,0.018014451460167197]
2006-12-01T00:00:00.000Z,0,239.0,0.77157,-74.84153,[0.29120803662693817,0.9563407895452757,0.024701693379250014]
2006-12-01T00:00:00.000Z,0,226.0,1.27157,-74.84153,[0.2938195569243065,0.9554829777499736,0.026876517610130362]
2006-12-01T00:00:00.000Z,0,258.0,1.77157,-74.84153,[0.28165570276894025,0.9592129957753467,0.024093439634451513]
2006-12-01T00:00:00.000Z,0,576.0,2.27157,-74.84153,[0.2036564691686397,0.9788305690932525,0.020365646916863968]
2006-12-01T00:00:00.000Z,0,1998.0,2.77157,-74.84153,[0.2143953654929866,0.976570889820554,0.01854519911514334]
2006-12-01T00:00:00.000Z,0,2106.0,3.27157,-74.84153,[0.21600564089736946,0.9762196683274318,0.01834999376555323]
2006-12-01T00:00:00.000Z,0,361.0,3.77157,-74.84153,[0.2955675592155449,0.9550888972298393,0.021095410108717322]
2006-12-01T00:00:00.000Z,0,289.0,4.27157,-74.84153,[0.275865355362231,0.9610063608930179,0.019107067645990593]
2006-12-01T00:00:00.000Z,0,277.0,4.77157,-74.84153,[0.28249648083907847,0.9591481305959225,0.015185581578701451]
2006-12-01T00:00:00.000Z,0,325.0,5.27157,-74.84153,[0.29282320967891845,0.9561121467546505,0.010204445185780493]
2006-12-01T00:00:00.000Z,0,379.0,5.77157,-74.84153,[0.26851829416568773,0.9632561028800862,0.00596707320368195]
2006-12-01T00:00:00.000Z,0,978.0,6.27157,-74.84153,[0.23848774346684276,0.9711301757272707,0.005456922943732843]
2006-12-01T00:00:00.000Z,0,1143.0,6.77157,-74.84153,[0.25445519977302833,0.9669297591375077,0.017302953584565926]
2006-12-01T00:00:00.000Z,0,322.0,7.27157,-74.84153,[0.2797343671634602,0.9596879412798858,0.02734482016092251]
2006-12-01T00:00:00.000Z,0,55.0,7.77157,-74.84153,[0.30973425554662887,0.9502204482662651,0.0338495293561673]
2006-12-01T00:00:00.000Z,0,27.0,8.27157,-74.84153,[0.31666679227202105,0.9477545130410844,0.03851656374088767]
2006-12-01T00:00:00.000Z,0,14.0,8.77157,-74.84153,[0.3220531087486196,0.9456753829332257,0.04449567686244179]
2006-12-01T00:00:00.000Z,0,48.0,9.27157,-74.84153,[0.320927538966725,0.9457120031253492,0.051325645416309566]
2006-12-01T00:00:00.000Z,0,15.0,9.77157,-74.84153,[0.31809781924406716,0.9463410122510998,0.05703039473590061]
2006-12-01T00:00:00.000Z,0,5.0,10.27157,-74.84153,[0.3180032050750546,0.9460595350982873,0.06201062498963564]
2006-12-01T00:00:00.000Z,0,171.0,-0.72843,-74.34153,[0.3130592787129688,0.9497303960955233,0.0024622639898772827]
2006-12-01T00:00:00.000Z,0,219.0,-0.22843,-74.34153,[0.30260686514359236,0.9530377132108541,0.012173839402328428]
2006-12-01T00:00:00.000Z,0,201.0,0.27157,-74.34153,[0.29619322259376524,0.9549086519914827,0.0204704968510749]
2006-12-01T00:00:00.000Z,0,242.0,0.77157,-74.34153,[0.2954900243556049,0.9549233605623217,0.02840811431063538]
2006-12-01T00:00:00.000Z,0,251.0,1.27157,-74.34153,[0.29588354371993053,0.954793435311622,0.02867794346823942]
2006-12-01T00:00:00.000Z,0,298.0,1.77157,-74.34153,[0.2995677197204821,0.953796073133029,0.02307015772560034]
2006-12-01T00:00:00.000Z,0,313.0,2.27157,-74.34153,[0.2933464386617777,0.9556676947028225,0.025438636477701032]
2006-12-01T00:00:00.000Z,0,364.0,2.77157,-74.34153,[0.2520857191481034,0.9674342291868002,0.022886729764762016]
2006-12-01T00:00:00.000Z,0,899.0,3.27157,-74.34153,[0.13212472377176765,0.9909354282882574,0.024290622293424977]
2006-12-01T00:00:00.000Z,0,3444.0,3.77157,-74.34153,[0.12550953171094234,0.9918314213254955,0.02275498013946353]
2006-12-01T00:00:00.000Z,0,2263.0,4.27157,-74.34153,[0.14962286012806503,0.9885083625794162,0.021545691858441365]
2006-12-01T00:00:00.000Z,0,2655.0,4.77157,-74.34153,[0.1873555499797003,0.9821057055387515,0.019138470159216693]
2006-12-01T00:00:00.000Z,0,1104.0,5.27157,-74.34153,[0.25848912427393256,0.9658770569577397,0.016275241157988347]
2006-12-01T00:00:00.000Z,0,744.0,5.77157,-74.34153,[0.2907895977505845,0.9566869665772019,0.013836828443150491]
2006-12-01T00:00:00.000Z,0,119.0,6.27157,-74.34153,[0.29932053350867605,0.9541517367803645,0.0012966954520231453]
2006-12-01T00:00:00.000Z,0,97.0,6.77157,-74.34153,[0.2545244674892821,0.9669885391359874,0.012266239397073836]
2006-12-01T00:00:00.000Z,0,575.0,7.27157,-74.34153,[0.2436572319850563,0.9695527356072031,0.02446724704516607]
2006-12-01T00:00:00.000Z,0,1234.0,7.77157,-74.34153,[0.2847904514352797,0.9580307140236611,0.0327345346477333]
2006-12-01T00:00:00.000Z,0,715.0,8.27157,-74.34153,[0.31942490644350346,0.9468257979526071,0.038582865043534295]
2006-12-01T00:00:00.000Z,0,14.0,8.77157,-74.34153,[0.3331062994458561,0.9418463325881073,0.044335979292441416]
2006-12-01T00:00:00.000Z,0,37.0,9.27157,-74.34153,[0.33065259627258675,0.9423598993768723,0.05125115242225095]
2006-12-01T00:00:00.000Z,0,95.0,9.77157,-74.34153,[0.32585231915597435,0.9436870031470512,0.05722854350768009]
2006-12-01T00:00:00.000Z,0,119.0,10.27157,-74.34153,[0.3128906662200244,0.9478074925643076,0.06132200283217268]
2006-12-01T00:00:00.000Z,0,5.0,10.77157,-74.34153,[0.288546386270527,0.9553069601227406,0.06426192427299783]
2006-12-01T00:00:00.000Z,0,156.0,-1.22843,-73.84153,[0.31168332672130994,0.950168947504889,0.0056986876900538014]
2006-12-01T00:00:00.000Z,0,195.0,-0.72843,-73.84153,[0.30477197191164324,0.9524124122238852,0.004964088936439644]
2006-12-01T00:00:00.000Z,0,174.0,-0.22843,-73.84153,[0.2981775563556385,0.9543984332773139,0.01462106164369347]
2006-12-01T00:00:00.000Z,0,241.0,0.27157,-73.84153,[0.29617780841366886,0.9548589576270793,0.02287087323657675]
2006-12-01T00:00:00.000Z,0,232.0,0.77157,-73.84153,[0.2995004005963482,0.9535817352320509,0.03132705339570998]
2006-12-01T00:00:00.000Z,0,267.0,1.27157,-73.84153,[0.300186831120733,0.9532650514979003,0.034257962788205795]
2006-12-01T00:00:00.000Z,0,265.0,1.77157,-73.84153,[0.27959803706880637,0.9595804632201433,0.03209785465549897]
2006-12-01T00:00:00.000Z,0,554.0,2.27157,-73.84153,[0.2594737344632856,0.9653302494015454,0.02847614289236905]
2006-12-01T00:00:00.000Z,0,995.0,2.77157,-73.84153,[0.2879895578782785,0.9569416805089256,0.0363955307397352]
2006-12-01T00:00:00.000Z,0,363.0,3.27157,-73.84153,[0.26989301650370773,0.961983822309896,0.04177182371613401]
2006-12-01T00:00:00.000Z,0,545.0,3.77157,-73.84153,[0.19130081376355076,0.9806794463812795,0.04088792118352816]
2006-12-01T00:00:00.000Z,0,1499.0,4.27157,-73.84153,[0.13482881287056575,0.9901169311563685,0.0385960342186734]
2006-12-01T00:00:00.000Z,0,3610.0,4.77157,-73.84153,[0.12458226032220938,0.991593763052382,0.034943804724522146]
2006-12-01T00:00:00.000Z,0,2585.0,5.27157,-73.84153,[0.15148200806156756,0.988053613872547,0.02834179505668038]
2006-12-01T00:00:00.000Z,0,2622.0,5.77157,-73.84153,[0.2334842811036714,0.9721624270732512,0.019629209473317505]
2006-12-01T00:00:00.000Z,0,616.0,6.27157,-73.84153,[0.2898263246802795,0.957075736350923,0.002595459624002503]
2006-12-01T00:00:00.000Z,0,101.0,6.77157,-73.84153,[0.321313621891831,0.946910108331403,0.010899684700217587]
2006-12-01T00:00:00.000Z,0,89.0,7.27157,-73.84153,[0.32127249380091333,0.9466677041535809,0.02458134739046134]
2006-12-01T00:00:00.000Z,0,59.0,7.77157,-73.84153,[0.31673622806355295,0.9479217800169149,0.03350314614535055]
2006-12-01T00:00:00.000Z,0,38.0,8.27157,-73.84153,[0.32401888409917734,0.9452493345483194,0.03892888751407382]
2006-12-01T00:00:00.000Z,0,29.0,8.77157,-73.84153,[0.3418956106650932,0.9387027897059272,0.04409607699390778]
2006-12-01T00:00:00.000Z,0,52.0,9.27157,-73.84153,[0.3474261687460872,0.9363258448476109,0.050881917621324116]
2006-12-01T00:00:00.000Z,0,46.0,9.77157,-73.84153,[0.29413380756020135,0.9541700717252932,0.055179502298293784]
2006-12-01T00:00:00.000Z,0,931.0,10.27157,-73.84153,[0.13860163776289006,0.9887644394738457,0.055986330844380004]
2006-12-01T00:00:00.000Z,0,2665.0,10.77157,-73.84153,[0.28312231880095506,0.9571139117360222,0.06143868942401293]
2006-12-01T00:00:00.000Z,0,139.0,-1.72843,-73.34153,[0.3079167006960901,0.9513247320013529,0.012983054917409767]
2006-12-01T00:00:00.000Z,0,199.0,-1.22843,-73.34153,[0.3055241074218307,0.9521785152357056,0.003330901923019959]
2006-12-01T00:00:00.000Z,0,223.0,-0.72843,-73.34153,[0.305479652880767,0.9521743142623152,0.0068012451018736805]
2006-12-01T00:00:00.000Z,0,171.0,-0.22843,-73.34153,[0.2996093237218566,0.9539285364477502,0.015956205362964774]
2006-12-01T00:00:00.000Z,0,209.0,0.27157,-73.34153,[0.29956124779064836,0.9537754671035584,0.023987854708140036]
2006-12-01T00:00:00.000Z,0,237.0,0.77157,-73.34153,[0.29043499132319905,0.9563933503338157,0.030972168996575525]
2006-12-01T00:00:00.000Z,0,249.0,1.27157,-73.34153,[0.29016976741949246,0.9563182607171601,0.03545264862635045]
2006-12-01T00:00:00.000Z,0,294.0,1.77157,-73.34153,[0.2992175824010459,0.9534005097037128,0.03868212091876639]
2006-12-01T00:00:00.000Z,0,229.0,2.27157,-73.34153,[0.3023334421117009,0.9524640018406215,0.037507532292053114]
2006-12-01T00:00:00.000Z,0,267.0,2.77157,-73.34153,[0.3042892246363016,0.9517617853285825,0.03946608364643762]
2006-12-01T00:00:00.000Z,0,234.0,3.27157,-73.34153,[0.30585004538238086,0.9508946899670263,0.04748724388831703]
2006-12-01T00:00:00.000Z,0,256.0,3.77157,-73.34153,[0.3078412143101008,0.9501414922879426,0.04964807554098995]
2006-12-01T00:00:00.000Z,0,300.0,4.27157,-73.34153,[0.2310435433846684,0.9719014782754125,0.04501552605851521]
2006-12-01T00:00:00.000Z,0,1229.0,4.77157,-73.34153,[0.16141468111732218,0.9860781481077439,0.039939786481593825]
2006-12-01T00:00:00.000Z,0,2684.0,5.27157,-73.34153,[0.13386442007347996,0.9903875453873868,0.03482566553474127]
2006-12-01T00:00:00.000Z,0,3515.0,5.77157,-73.34153,[0.20109097594338377,0.9792711588909574,0.024298492926492204]
2006-12-01T00:00:00.000Z,0,1301.0,6.27157,-73.34153,[0.21299855494564796,0.9770381475616289,0.005298471516060894]
2006-12-01T00:00:00.000Z,0,1945.0,6.77157,-73.34153,[0.27206771694974363,0.9622722939656916,0.0033450948805296347]
2006-12-01T00:00:00.000Z,0,351.0,7.27157,-73.34153,[0.22380757604892845,0.9744731780120809,0.01766901916175751]
2006-12-01T00:00:00.000Z,0,325.0,7.77157,-73.34153,[0.22985608561889317,0.9727243043582146,0.03120268601879661]
2006-12-01T00:00:00.000Z,0,1339.0,8.27157,-73.34153,[0.25707238391519216,0.9657276723185758,0.03583088536871041]
2006-12-01T00:00:00.000Z,0,1230.0,8.77157,-73.34153,[0.2758803238288204,0.9603428994041217,0.040392604374937]
2006-12-01T00:00:00.000Z,0,809.0,9.27157,-73.34153,[0.30562099289285205,0.9509561571685953,0.04773044988605498]
2006-12-01T00:00:00.000Z,0,74.0,9.77157,-73.34153,[0.29963722364092654,0.9525053206796933,0.05432447225359887]
2006-12-01T00:00:00.000Z,0,99.0,10.27157,-73.34153,[0.2413468962958143,0.9688190576424393,0.05604738349997583]
2006-12-01T00:00:00.000Z,0,1426.0,10.77157,-73.34153,[0.30697049249605224,0.9496899611596616,0.06211356059099806]
2006-12-01T00:00:00.000Z,0,146.0,-2.22843,-72.84153,[0.3012319359611566,0.9533370257946717,0.020194950013875296]
2006-12-01T00:00:00.000Z,0,165.0,-1.72843,-72.84153,[0.30225326184438583,0.9531732077639434,0.01018831219700177]
2006-12-01T00:00:00.000Z,0,168.0,-1.22843,-72.84153,[0.30523184532228925,0.9522776297882657,9.145523455349492E-4]
2006-12-01T00:00:00.000Z,0,178.0,-0.72843,-72.84153,[0.29943048473472866,0.9540788829190212,0.008652744045566303]
2006-12-01T00:00:00.000Z,0,191.0,-0.22843,-72.84153,[0.30102980287488496,0.9534518091056242,0.01762684016833927]
2006-12-01T00:00:00.000Z,0,247.0,0.27157,-72.84153,[0.2912072196807779,0.95633810665594,0.024814934284081852]
2006-12-01T00:00:00.000Z,0,264.0,0.77157,-72.84153,[0.28855685680586735,0.9569717633913335,0.030659166035623405]
2006-12-01T00:00:00.000Z,0,246.0,1.27157,-72.84153,[0.2854278269519998,0.957744153717843,0.035455487879193726]
2006-12-01T00:00:00.000Z,0,259.0,1.77157,-72.84153,[0.2896829882516589,0.9562894013713064,0.03992927675901244]
2006-12-01T00:00:00.000Z,0,271.0,2.27157,-72.84153,[0.303680957062244,0.9518358355682275,0.04226604365082725]
2006-12-01T00:00:00.000Z,0,193.0,2.77157,-72.84153,[0.3039179259547472,0.9515932063601822,0.04587225623961166]
2006-12-01T00:00:00.000Z,0,182.0,3.27157,-72.84153,[0.3092550007211277,0.9496897969906273,0.04950387884677754]
2006-12-01T00:00:00.000Z,0,203.0,3.77157,-72.84153,[0.3102421086064968,0.9492482427512215,0.0517456054280239]
2006-12-01T00:00:00.000Z,0,165.0,4.27157,-72.84153,[0.30343119610094027,0.9515144300372881,0.05049553112472251]
2006-12-01T00:00:00.000Z,0,293.0,4.77157,-72.84153,[0.2124426395840111,0.976173928888531,0.04418806903347431]
2006-12-01T00:00:00.000Z,0,1653.0,5.27157,-72.84153,[0.14055491832947428,0.9892903867036074,0.039355377132252796]
2006-12-01T00:00:00.000Z,0,2686.0,5.77157,-72.84153,[0.14424824901042285,0.9891308503571854,0.028506201590154996]
2006-12-01T00:00:00.000Z,0,2685.0,6.27157,-72.84153,[0.16604104422262134,0.9860804871180165,0.008697388030708738]
2006-12-01T00:00:00.000Z,0,1547.0,6.77157,-72.84153,[0.13953596135765295,0.9902157257749232,0.0015911995593416565]
2006-12-01T00:00:00.000Z,0,3795.0,7.27157,-72.84153,[0.20032198225464967,0.9795965066298804,0.01617985241287555]
2006-12-01T00:00:00.000Z,0,1328.0,7.77157,-72.84153,[0.2880732376826089,0.9571465639131845,0.02973659227691447]
2006-12-01T00:00:00.000Z,0,973.0,8.27157,-72.84153,[0.3326813327264193,0.9423954843413842,0.034840808663712274]
2006-12-01T00:00:00.000Z,0,83.0,8.77157,-72.84153,[0.34565345842778933,0.937491754153069,0.040409127334184]
2006-12-01T00:00:00.000Z,0,223.0,10.77157,-72.84153,[0.3192914621904358,0.9456876895411381,0.061055352121148224]
2006-12-01T00:00:00.000Z,0,51.0,11.27157,-72.84153,[0.35050615917976047,0.9342628199719514,0.06556230315592641]
2006-12-01T00:00:00.000Z,0,149.0,-2.22843,-72.34153,[0.2986724402939589,0.9541857362200259,0.018009836287388534]
2006-12-01T00:00:00.000Z,0,147.0,-1.72843,-72.34153,[0.3006353112445152,0.9537007813636867,0.00855740960845811]
2006-12-01T00:00:00.000Z,0,145.0,-1.22843,-72.34153,[0.30226875656865154,0.9532220712764218,0.0011320927212309048]
2006-12-01T00:00:00.000Z,0,205.0,-0.72843,-72.34153,[0.3018222745214828,0.9533028066961552,0.010820043803600327]
2006-12-01T00:00:00.000Z,0,176.0,-0.22843,-72.34153,[0.3003639671066305,0.953627043855652,0.019415161371911478]
2006-12-01T00:00:00.000Z,0,150.0,0.27157,-72.34153,[0.29668956106267214,0.95461564876272,0.0261585071013272]
2006-12-01T00:00:00.000Z,0,218.0,0.77157,-72.34153,[0.294735490966398,0.9550779840857707,0.0309359771052517]
2006-12-01T00:00:00.000Z,0,234.0,1.27157,-72.34153,[0.29044667645314637,0.9562398270918973,0.035300442215074716]
2006-12-01T00:00:00.000Z,0,237.0,1.77157,-72.34153,[0.2944054354575315,0.9548586937082675,0.03962719549504416]
2006-12-01T00:00:00.000Z,0,203.0,2.27157,-72.34153,[0.302037095785049,0.9523184549939046,0.043164256599132006]
2006-12-01T00:00:00.000Z,0,188.0,2.77157,-72.34153,[0.30391314762665805,0.9515782450033189,0.04621301046307984]
2006-12-01T00:00:00.000Z,0,220.0,3.27157,-72.34153,[0.3075726715474489,0.950261835974954,0.04900504878759726]
2006-12-01T00:00:00.000Z,0,180.0,3.77157,-72.34153,[0.31199174560568754,0.948686011638035,0.051536414274124684]
2006-12-01T00:00:00.000Z,0,190.0,4.27157,-72.34153,[0.3171872158026392,0.9469142156745456,0.05239979279376933]
2006-12-01T00:00:00.000Z,0,177.0,4.77157,-72.34153,[0.3109790409879319,0.9491219057661416,0.04959479873004565]
2006-12-01T00:00:00.000Z,0,257.0,5.27157,-72.34153,[0.24178943762111468,0.9694069545553529,0.04228503653280889]
2006-12-01T00:00:00.000Z,0,1342.0,5.77157,-72.34153,[0.1737585273488917,0.9842429334393596,0.03276922562754266]
2006-12-01T00:00:00.000Z,0,3317.0,6.27157,-72.34153,[0.1748119896633743,0.9845314140069203,0.011775529859268961]
2006-12-01T00:00:00.000Z,0,3467.0,6.77157,-72.34153,[0.2192389810815179,0.975670858216179,8.034936479427358E-4]
2006-12-01T00:00:00.000Z,0,2203.0,7.27157,-72.34153,[0.230029952857638,0.9731169084124589,0.011388737862069334]
2006-12-01T00:00:00.000Z,0,97.0,11.27157,-72.34153,[0.3492999851159946,0.934817226353597,0.06408021309681915]
2006-12-01T00:00:00.000Z,0,19.0,11.77157,-72.34153,[0.3572170902145629,0.9315913323940939,0.06733156664475934]
2006-12-01T00:00:00.000Z,0,109.0,-2.22843,-71.84153,[0.2951380864901476,0.9553153852181092,0.016310262674455525]
2006-12-01T00:00:00.000Z,0,140.0,-1.72843,-71.84153,[0.29610957208184385,0.9551203490459473,0.008014995936049908]
2006-12-01T00:00:00.000Z,0,153.0,-1.22843,-71.84153,[0.3006461289032586,0.9537350980564048,0.0011260154640571486]
2006-12-01T00:00:00.000Z,0,136.0,-0.72843,-71.84153,[0.3039356654011068,0.9526341751377974,0.010547021224739899]
2006-12-01T00:00:00.000Z,0,192.0,-0.22843,-71.84153,[0.2933979260884744,0.9558001669112994,0.01907086519575084]
2006-12-01T00:00:00.000Z,0,216.0,0.27157,-71.84153,[0.29572947595511506,0.9549127353359821,0.02618673222197965]
2006-12-01T00:00:00.000Z,0,215.0,0.77157,-71.84153,[0.2921308393948138,0.9558610607018047,0.03145163443292823]
2006-12-01T00:00:00.000Z,0,232.0,1.27157,-71.84153,[0.2819907011740943,0.9587683839919207,0.03527648379393572]
2006-12-01T00:00:00.000Z,0,233.0,1.77157,-71.84153,[0.2951172620226418,0.9546596279065763,0.03912539458633509]
2006-12-01T00:00:00.000Z,0,159.0,2.27157,-71.84153,[0.3039578624527304,0.9517182509755902,0.04291839481074133]
2006-12-01T00:00:00.000Z,0,186.0,2.77157,-71.84153,[0.30862613719941157,0.9500618029459497,0.046178761573494036]
2006-12-01T00:00:00.000Z,0,222.0,3.27157,-71.84153,[0.3130464009374187,0.948449132951659,0.04945900386557731]
2006-12-01T00:00:00.000Z,0,206.0,3.77157,-71.84153,[0.3157933529519887,0.947380058855966,0.05239830448981146]
2006-12-01T00:00:00.000Z,0,189.0,4.27157,-71.84153,[0.32178161269511396,0.9453071552435216,0.053394531337321104]
2006-12-01T00:00:00.000Z,0,149.0,4.77157,-71.84153,[0.32360773811542554,0.9448401112859139,0.0505489459537964]
2006-12-01T00:00:00.000Z,0,172.0,5.27157,-71.84153,[0.32451581529641976,0.9448080378925284,0.04502507252821174]
2006-12-01T00:00:00.000Z,0,213.0,5.77157,-71.84153,[0.31603675467587183,0.9481102640276154,0.034751934326427286]
2006-12-01T00:00:00.000Z,0,412.0,6.27157,-71.84153,[0.3020020870640034,0.9531185867739947,0.018965731067619413]
2006-12-01T00:00:00.000Z,0,325.0,6.77157,-71.84153,[0.33229541832399984,0.9431693264459394,0.003372923419078194]
2006-12-01T00:00:00.000Z,0,174.0,11.77157,-71.84153,[0.33854410053672673,0.938746828228213,0.06436058175038871]
2006-12-01T00:00:00.000Z,0,107.0,-2.22843,-71.34153,[0.2923606545957261,0.9562171785649688,0.013189202462965085]
2006-12-01T00:00:00.000Z,0,121.0,-1.72843,-71.34153,[0.29517185378166977,0.9554246846090889,0.006103177427816481]
2006-12-01T00:00:00.000Z,0,140.0,-1.22843,-71.34153,[0.2961189001161432,0.9551504372167325,0.0011132289478050497]
2006-12-01T00:00:00.000Z,0,186.0,-0.72843,-71.34153,[0.3032852639576877,0.9528589263148247,0.008826959174887924]
2006-12-01T00:00:00.000Z,0,201.0,-0.22843,-71.34153,[0.2965025313643503,0.954895985040322,0.016121620526654785]
2006-12-01T00:00:00.000Z,0,185.0,0.27157,-71.34153,[0.29717371165896506,0.9545579829045545,0.02251315997416402]
2006-12-01T00:00:00.000Z,0,228.0,0.77157,-71.34153,[0.2869333392617311,0.9575566089315909,0.027469974727770383]
2006-12-01T00:00:00.000Z,0,342.0,1.27157,-71.34153,[0.2869971777341542,0.9573959905880665,0.03202400940740176]
2006-12-01T00:00:00.000Z,0,222.0,1.77157,-71.34153,[0.3006487483744339,0.9529998061680169,0.0374392780994578]
2006-12-01T00:00:00.000Z,0,164.0,2.27157,-71.34153,[0.30696599902815414,0.9507898172145449,0.042078485260039114]
2006-12-01T00:00:00.000Z,0,189.0,2.77157,-71.34153,[0.31764284157949385,0.9470679557056494,0.046532918120685995]
2006-12-01T00:00:00.000Z,0,209.0,3.27157,-71.34153,[0.32043782117979414,0.9459419075418276,0.050134921099716866]
2006-12-01T00:00:00.000Z,0,171.0,3.77157,-71.34153,[0.32077091738979646,0.945680186082511,0.05286779934757757]
2006-12-01T00:00:00.000Z,0,165.0,4.27157,-71.34153,[0.32508104287043155,0.9441692053957388,0.05354276000218874]
2006-12-01T00:00:00.000Z,0,131.0,4.77157,-71.34153,[0.32874466378055683,0.94304126179386,0.050991416827276155]
2006-12-01T00:00:00.000Z,0,146.0,5.27157,-71.34153,[0.33481905722131217,0.9411459317529973,0.04626590608876313]
2006-12-01T00:00:00.000Z,0,151.0,5.77157,-71.34153,[0.33735298644988665,0.9406484731668373,0.037059579898326964]
2006-12-01T00:00:00.000Z,0,157.0,6.27157,-71.34153,[0.3399549964385927,0.9401685798942766,0.022663666429239514]
2006-12-01T00:00:00.000Z,0,154.0,6.77157,-71.34153,[0.3342966684548715,0.9424452202934385,0.006537905324025162]
2006-12-01T00:00:00.000Z,0,97.0,-2.22843,-70.84153,[0.28803177040210265,0.9575697725443487,0.009890902304374092]
2006-12-01T00:00:00.000Z,0,137.0,-1.72843,-70.84153,[0.2933090752637076,0.9560111588482499,0.0035285302287363317]
2006-12-01T00:00:00.000Z,0,114.0,-1.22843,-70.84153,[0.28997665108679344,0.9570332058682003,9.923155360384566E-4]
2006-12-01T00:00:00.000Z,0,155.0,-0.72843,-70.84153,[0.2934567125308314,0.9559574726383143,0.005335576591469661]
2006-12-01T00:00:00.000Z,0,183.0,-0.22843,-70.84153,[0.2972351159597575,0.9547552209616453,0.009682659080507252]
2006-12-01T00:00:00.000Z,0,193.0,0.27157,-70.84153,[0.2962588017589609,0.9549857587002868,0.015261817060310108]
2006-12-01T00:00:00.000Z,0,250.0,0.77157,-70.84153,[0.29269706572237136,0.9559953591464525,0.020032498794687013]
2006-12-01T00:00:00.000Z,0,316.0,1.27157,-70.84153,[0.2981100814408636,0.9541781015815521,0.025971711640681298]
2006-12-01T00:00:00.000Z,0,186.0,1.77157,-70.84153,[0.3043552988360758,0.9519684535023123,0.03352485058607903]
2006-12-01T00:00:00.000Z,0,191.0,2.27157,-70.84153,[0.3104101749655955,0.949762475641001,0.03995951879221285]
2006-12-01T00:00:00.000Z,0,160.0,2.77157,-70.84153,[0.3194273646996686,0.9464951064717115,0.04596925174644677]
2006-12-01T00:00:00.000Z,0,240.0,3.27157,-70.84153,[0.3262019310363906,0.943954305929482,0.05042388824079005]
2006-12-01T00:00:00.000Z,0,186.0,3.77157,-70.84153,[0.3284354880928859,0.9430445448549408,0.05288777345025149]
2006-12-01T00:00:00.000Z,0,176.0,4.27157,-70.84153,[0.3291787177470813,0.9427581659006483,0.053370520046493695]
2006-12-01T00:00:00.000Z,0,146.0,4.77157,-70.84153,[0.33358906902553903,0.9413277002320664,0.051190758955919076]
2006-12-01T00:00:00.000Z,0,123.0,5.27157,-70.84153,[0.337428878308053,0.9401550993438144,0.04743565390707411]
2006-12-01T00:00:00.000Z,0,120.0,5.77157,-70.84153,[0.33989503408288696,0.9396373587146476,0.039408119893668055]
2006-12-01T00:00:00.000Z,0,126.0,6.27157,-70.84153,[0.3377018283264551,0.9409156013878405,0.025205281389583244]
2006-12-01T00:00:00.000Z,0,122.0,6.77157,-70.84153,[0.33779375841845005,0.9411717399412612,0.009546345346608372]
2006-12-01T00:00:00.000Z,0,97.0,-3.72843,-70.34153,[0.2722392854903468,0.9617035295865891,0.03181340309369953]
2006-12-01T00:00:00.000Z,0,132.0,-2.22843,-70.34153,[0.2846717339032202,0.9586104978786469,0.0052836799095673445]
2006-12-01T00:00:00.000Z,0,129.0,-1.72843,-70.34153,[0.2889479998975336,0.9573446940001301,4.3614792437363564E-4]
2006-12-01T00:00:00.000Z,0,144.0,-1.22843,-70.34153,[0.2890614334283995,0.9573099183123039,0.0010990929027695799]
2006-12-01T00:00:00.000Z,0,134.0,-0.72843,-70.34153,[0.2899753115391025,0.9570287848514866,0.0031974464010015103]
2006-12-01T00:00:00.000Z,0,170.0,-0.22843,-70.34153,[0.2927524596701929,0.9561762846262194,0.0047864470592465]
2006-12-01T00:00:00.000Z,0,177.0,0.27157,-70.34153,[0.29604319152081,0.955158221699217,0.005585720594732264]
2006-12-01T00:00:00.000Z,0,190.0,0.77157,-70.34153,[0.2989062138301802,0.9542439883031412,0.008572404623054223]
2006-12-01T00:00:00.000Z,0,195.0,1.27157,-70.34153,[0.3008166420034684,0.9535319972940132,0.016913841380572375]
2006-12-01T00:00:00.000Z,0,216.0,1.77157,-70.34153,[0.3078041409731927,0.9510802108722246,0.02651496345461959]
2006-12-01T00:00:00.000Z,0,168.0,2.27157,-70.34153,[0.3125270926322416,0.9492427365770324,0.035567448974937944]
2006-12-01T00:00:00.000Z,0,193.0,2.77157,-70.34153,[0.3223052522234145,0.9455867326260469,0.04455396133676612]
2006-12-01T00:00:00.000Z,0,177.0,3.27157,-70.34153,[0.33056756770677315,0.9424180839349461,0.050727095844457545]
2006-12-01T00:00:00.000Z,0,174.0,3.77157,-70.34153,[0.3284333882932467,0.9430385156508297,0.05300818288997621]
2006-12-01T00:00:00.000Z,0,118.0,4.27157,-70.34153,[0.3339939728417494,0.9410341132621555,0.05387785985257418]
2006-12-01T00:00:00.000Z,0,116.0,4.77157,-70.34153,[0.33288659773284035,0.9415588074560265,0.05151237862727165]
2006-12-01T00:00:00.000Z,0,124.0,5.27157,-70.34153,[0.3423332151425302,0.9383378055345611,0.04827144616398267]
2006-12-01T00:00:00.000Z,0,105.0,5.77157,-70.34153,[0.33745490489487473,0.9404880381907701,0.04008038401097971]
2006-12-01T00:00:00.000Z,0,104.0,6.27157,-70.34153,[0.3346023854246557,0.9419784546194111,0.026792437383640906]
2006-12-01T00:00:00.000Z,0,109.0,6.77157,-70.34153,[0.33701478696842585,0.9414434809878851,0.010256971777299916]
2006-12-01T00:00:00.000Z,0,140.0,-3.72843,-69.84153,[0.2755748162565253,0.9608445114343487,0.028919638512091627]
2006-12-01T00:00:00.000Z,0,128.0,-3.22843,-69.84153,[0.2773149593707923,0.9605852775163185,0.019296059910591253]
2006-12-01T00:00:00.000Z,0,61.0,-2.72843,-69.84153,[0.2796229073497209,0.9600740887330722,0.008292998773109593]
2006-12-01T00:00:00.000Z,0,111.0,-2.22843,-69.84153,[0.2830985905333896,0.9590906622252856,5.382102481623377E-4]
2006-12-01T00:00:00.000Z,0,145.0,-1.72843,-69.84153,[0.28486051487822,0.9585610481643525,0.0038992313823634677]
2006-12-01T00:00:00.000Z,0,68.0,-1.22843,-69.84153,[0.28664577727318863,0.9580290426735087,0.00381467764432]
2006-12-01T00:00:00.000Z,0,122.0,-0.72843,-69.84153,[0.2875446956974104,0.957753435098599,0.005138631444022163]
2006-12-01T00:00:00.000Z,0,188.0,0.77157,-69.84153,[0.3022644875342981,0.9532086086287603,0.005433968315223336]
2006-12-01T00:00:00.000Z,0,195.0,1.77157,-69.84153,[0.3088936123001423,0.9509758401150449,0.015155454386261666]
2006-12-01T00:00:00.000Z,0,182.0,2.27157,-69.84153,[0.3189439761296916,0.947416608060523,0.026009822407624294]
2006-12-01T00:00:00.000Z,0,180.0,2.77157,-69.84153,[0.32526579534441924,0.9448196912385511,0.038960408453342525]
2006-12-01T00:00:00.000Z,0,198.0,3.27157,-69.84153,[0.32696467644445815,0.9437661723012197,0.048984817826294276]
2006-12-01T00:00:00.000Z,0,149.0,3.77157,-69.84153,[0.33171853517308086,0.941886935637434,0.053026539564164026]
2006-12-01T00:00:00.000Z,0,188.0,4.27157,-69.84153,[0.33027195366265943,0.9424243659458303,0.052504772120730465]
2006-12-01T00:00:00.000Z,0,143.0,4.77157,-69.84153,[0.3359019160773096,0.940525365016467,0.05081279894114939]
2006-12-01T00:00:00.000Z,0,100.0,5.27157,-69.84153,[0.333668029593908,0.9415505125995367,0.0463495226563174]
2006-12-01T00:00:00.000Z,0,112.0,5.77157,-69.84153,[0.32712586350563877,0.9442314301921002,0.03762546561932988]
2006-12-01T00:00:00.000Z,0,98.0,6.27157,-69.84153,[0.33271747834699983,0.9426995219831661,0.024833261065029696]
2006-12-01T00:00:00.000Z,0,169.0,0.77157,-69.34153,[0.2996764948682515,0.9540262945243962,0.005275204216781955]
2006-12-01T00:00:00.000Z,0,182.0,1.77157,-69.34153,[0.3123884215467415,0.9498922003328695,0.010875745046442111]
2006-12-01T00:00:00.000Z,0,167.0,2.27157,-69.34153,[0.3147829541604095,0.9489951053470649,0.017888035033469765]
2006-12-01T00:00:00.000Z,0,128.0,2.77157,-69.34153,[0.31641722443189,0.9480883746764353,0.03175805230511249]
2006-12-01T00:00:00.000Z,0,182.0,3.27157,-69.34153,[0.3236814307444539,0.9450552722465807,0.045835180703959165]
2006-12-01T00:00:00.000Z,0,123.0,3.77157,-69.34153,[0.32469450197746436,0.944458095168026,0.05071870322859663]
2006-12-01T00:00:00.000Z,0,172.0,4.27157,-69.34153,[0.330150333684326,0.9426031266059741,0.05000102879711893]
2006-12-01T00:00:00.000Z,0,142.0,4.77157,-69.34153,[0.33426399678316693,0.9412487996060297,0.048148496287539214]
2006-12-01T00:00:00.000Z,0,117.0,5.27157,-69.34153,[0.33432900953388184,0.9414318680015445,0.043933487173405415]
2006-12-01T00:00:00.000Z,0,83.0,5.77157,-69.34153,[0.3362783375748854,0.9410954914865497,0.03544228521922353]
2006-12-01T00:00:00.000Z,0,139.0,1.77157,-68.84153,[0.30761826540224285,0.9514438543296136,0.01120691078417093]
2006-12-01T00:00:00.000Z,0,178.0,2.27157,-68.84153,[0.3123611016273777,0.9498091275410261,0.017122015941056258]
2006-12-01T00:00:00.000Z,0,155.0,2.77157,-68.84153,[0.31748822288300127,0.9478128265554799,0.029190309136862016]
2006-12-01T00:00:00.000Z,0,154.0,3.27157,-68.84153,[0.3197915784742952,0.9465830722839138,0.04139847343158149]
2006-12-01T00:00:00.000Z,0,118.0,3.77157,-68.84153,[0.32787116920919696,0.943514155997689,0.047765404147383006]
2006-12-01T00:00:00.000Z,0,168.0,4.27157,-68.84153,[0.33625793162424483,0.9405648905930833,0.047626568251405495]
2006-12-01T00:00:00.000Z,0,130.0,4.77157,-68.84153,[0.3430438486471334,0.9382188652045275,0.045456340368436404]
2006-12-01T00:00:00.000Z,0,118.0,5.27157,-68.84153,[0.34252753842192757,0.9385985928287695,0.04132271726869518]
2006-12-01T00:00:00.000Z,0,76.0,5.77157,-68.84153,[0.3502528603601904,0.9360631021598047,0.033298687428609655]
2006-12-01T00:00:00.000Z,0,140.0,1.77157,-68.34153,[0.30661229220205066,0.9517519107387076,0.012538049123503934]
2006-12-01T00:00:00.000Z,0,115.0,2.27157,-68.34153,[0.3079005101792356,0.9512747105537577,0.01654390800963057]
2006-12-01T00:00:00.000Z,0,126.0,2.77157,-68.34153,[0.31648708685477983,0.948301967205897,0.023649584512225305]
2006-12-01T00:00:00.000Z,0,132.0,3.27157,-68.34153,[0.3198912614928639,0.9468781340188772,0.033036043005081214]
2006-12-01T00:00:00.000Z,0,110.0,3.77157,-68.34153,[0.32682600096418796,0.9441640027854319,0.04170252915528707]
2006-12-01T00:00:00.000Z,0,121.0,4.27157,-68.34153,[0.34246803554095295,0.9384825816052078,0.04434059828582864]
2006-12-01T00:00:00.000Z,0,109.0,4.77157,-68.34153,[0.3513430709866378,0.9352826001177398,0.04247945840848897]
2006-12-01T00:00:00.000Z,0,89.0,5.27157,-68.34153,[0.3548032112520085,0.9341497135411272,0.038457690730112806]
2006-12-01T00:00:00.000Z,0,65.0,5.77157,-68.34153,[0.36292792218878983,0.9312629670052628,0.03213424311046576]
2006-12-01T00:00:00.000Z,0,136.0,2.27157,-67.84153,[0.3130661751794083,0.9495955571862496,0.016057637767504705]
2006-12-01T00:00:00.000Z,0,120.0,2.77157,-67.84153,[0.3165155718902511,0.9483873179715215,0.019477881347092375]
2006-12-01T00:00:00.000Z,0,103.0,3.27157,-67.84153,[0.3234440767532721,0.9458111991702179,0.028724636419243655]
2006-12-01T00:00:00.000Z,0,95.0,3.77157,-67.84153,[0.3315897402849246,0.9426622616671427,0.0378959703182771]
2006-12-01T00:00:00.000Z,0,110.0,4.27157,-67.84153,[0.3393355152555454,0.9397909128176628,0.04055179739046766]
2006-12-01T00:00:00.000Z,0,101.0,4.77157,-67.84153,[0.3556152633135503,0.9338009187009659,0.039416097367271134]
2006-12-01T00:00:00.000Z,0,80.0,5.77157,-67.84153,[0.37612960953305713,0.9260570386434579,0.030738868089425702]
2006-12-01T00:00:00.000Z,0,54.0,6.27157,-67.84153,[0.3653667369958556,0.9306030827316042,0.02202384860637039]
2006-12-01T00:00:00.000Z,0,114.0,2.27157,-67.34153,[0.3193397801850334,0.9475300777023072,0.014451873263848228]
