2005-04-01T00:00:00.000Z,2,10.0,1.77157,-78.84153,[0.2942411915109238,0.9557307874640533,8.849359143185678E-4]
2005-04-01T00:00:00.000Z,2,235.0,1.27157,-78.34153,[0.30085964873055643,0.9536683205044053,4.5412777166876445E-4]
2005-04-01T00:00:00.000Z,2,57.0,1.77157,-78.34153,[0.29941984642143,0.9541214509100792,1.1172382329157834E-4]
2005-04-01T00:00:00.000Z,8,1772.0,1.27157,-77.84153,[0.26850921201112027,0.963276798089894,7.831518683657676E-4]
2005-04-01T00:00:00.000Z,2,528.0,1.77157,-77.84153,[0.30064625088492686,0.9537354850169778,6.756095525503974E-4]
2005-04-01T00:00:00.000Z,2,116.0,2.27157,-77.84153,[0.29928091622598524,0.9541649875249124,3.31307287335039E-4]
2005-04-01T00:00:00.000Z,0,167.0,7.27157,-77.84153,[0.27232559647498034,0.9611491640293424,0.045067216357820274]
2005-04-01T00:00:00.000Z,1,2201.0,0.77157,-77.34153,[0.18256118344029068,0.9831909517808425,0.0026394387967270936]
2005-04-01T00:00:00.000Z,1,2447.0,1.27157,-77.34153,[0.2271243737336207,0.9738649976187932,0.0012187161517413793]
2005-04-01T00:00:00.000Z,1,1706.0,1.77157,-77.34153,[0.21122148931775359,0.9774382184245025,1.077660659784457E-4]
2005-04-01T00:00:00.000Z,8,2096.0,2.27157,-77.34153,[0.27811220513058676,0.9605481783626691,8.93533189174576E-4]
2005-04-01T00:00:00.000Z,2,57.0,2.77157,-77.34153,[0.29846522186596336,0.9544205042504873,1.1136762009924006E-4]
2005-04-01T00:00:00.000Z,2,74.0,3.27157,-77.34153,[0.29232867832429016,0.9563168658935887,0.0014127408246155289]
2005-04-01T00:00:00.000Z,8,28.0,4.27157,-77.34153,[0.28091382645478324,0.9597018829440366,0.007727740950800729]
2005-04-01T00:00:00.000Z,8,14.0,5.27157,-77.34153,[0.26921158416972096,0.9627910472023992,0.023633077999631994]
2005-04-01T00:00:00.000Z,0,499.0,6.27157,-77.34153,[0.2829370656211191,0.9583695343031138,0.03839860176286616]
2005-04-01T00:00:00.000Z,0,695.0,6.77157,-77.34153,[0.29910825942364067,0.9532021454159977,0.04404451292611851]
2005-04-01T00:00:00.000Z,0,345.0,7.27157,-77.34153,[0.2999449459542965,0.9527662989136477,0.04763831494568239]
2005-04-01T00:00:00.000Z,8,279.0,0.27157,-76.84153,[0.27382460859785807,0.9617528260998541,0.007182284815681525]
2005-04-01T00:00:00.000Z,1,485.0,0.77157,-76.84153,[0.1938358016850417,0.9810245296392943,0.004307462259667594]
2005-04-01T00:00:00.000Z,11,3335.0,1.27157,-76.84153,[0.1578660222186587,0.9874572664952342,0.0025428084115757103]
2005-04-01T00:00:00.000Z,11,2008.0,1.77157,-76.84153,[0.16320352215048722,0.9865916145484294,0.0012635111392295785]
2005-04-01T00:00:00.000Z,1,1013.0,2.27157,-76.84153,[0.2036987165462045,0.9790336219341137,0.0]
2005-04-01T00:00:00.000Z,8,2856.0,2.77157,-76.84153,[0.24669811628962326,0.9690921518821075,6.637617478644572E-4]
2005-04-01T00:00:00.000Z,8,1911.0,3.27157,-76.84153,[0.2575938395567812,0.9662532865777974,0.0]
2005-04-01T00:00:00.000Z,8,794.0,3.77157,-76.84153,[0.2786146747412356,0.9604011729315532,0.0018574311649415707]
2005-04-01T00:00:00.000Z,2,70.0,4.27157,-76.84153,[0.2873448087509883,0.9578160291699609,0.00462765047801217]
2005-04-01T00:00:00.000Z,2,24.0,4.77157,-76.84153,[0.2881970147762975,0.9574545268679218,0.014943548914326536]
2005-04-01T00:00:00.000Z,8,133.0,5.27157,-76.84153,[0.28484788029418884,0.958317218090115,0.022131303710589394]
2005-04-01T00:00:00.000Z,0,76.0,5.77157,-76.84153,[0.2820243860394126,0.9588829125340028,0.03171444039235659]
2005-04-01T00:00:00.000Z,0,38.0,6.27157,-76.84153,[0.2803302154768695,0.9591374805396338,0.038344017979020074]
2005-04-01T00:00:00.000Z,0,20.0,6.77157,-76.84153,[0.3049123119476006,0.9513264132765138,0.044794390555211144]
2005-04-01T00:00:00.000Z,0,15.0,7.27157,-76.84153,[0.30485538042484617,0.9511487869255201,0.04877686086797539]
2005-04-01T00:00:00.000Z,5,8.0,7.77157,-76.84153,[0.3225935286969556,0.9450627319572784,0.05281901086059309]
2005-04-01T00:00:00.000Z,8,294.0,0.77157,-76.34153,[0.2556751187283781,0.9667372515008631,0.00702283587923442]
2005-04-01T00:00:00.000Z,1,1412.0,1.27157,-76.34153,[0.185425837834586,0.9826521801629472,0.0034570918918312645]
2005-04-01T00:00:00.000Z,11,2388.0,1.77157,-76.34153,[0.136743122653855,0.9906047587672397,0.0018789131357018244]
2005-04-01T00:00:00.000Z,11,3852.0,2.27157,-76.34153,[0.1446251979019048,0.9894860662209458,9.364221446885923E-4]
2005-04-01T00:00:00.000Z,1,2450.0,2.77157,-76.34153,[0.20850136428233376,0.9780218633862049,6.448495802546405E-4]
2005-04-01T00:00:00.000Z,1,990.0,3.27157,-76.34153,[0.21681611619436295,0.976211866447256,0.0010786871452455869]
2005-04-01T00:00:00.000Z,1,962.0,3.77157,-76.34153,[0.23793146965667267,0.9712818898313488,3.259335200776338E-4]
2005-04-01T00:00:00.000Z,1,1899.0,4.27157,-76.34153,[0.20585315101762927,0.9785782957923481,0.0029998700399554014]
2005-04-01T00:00:00.000Z,1,1358.0,4.77157,-76.34153,[0.23977632685785244,0.9707758366147565,0.01007909338561769]
2005-04-01T00:00:00.000Z,1,407.0,5.27157,-76.34153,[0.2211758158482202,0.9750426811337032,0.019313944482520638]
2005-04-01T00:00:00.000Z,1,480.0,5.77157,-76.34153,[0.21329475850678065,0.9765554139477115,0.029066638659257363]
2005-04-01T00:00:00.000Z,1,1095.0,6.27157,-76.34153,[0.2171223659013644,0.9754772960785938,0.03608217095172433]
2005-04-01T00:00:00.000Z,8,1485.0,6.77157,-76.34153,[0.2495594951546516,0.9674412769612238,0.04215962535165817]
2005-04-01T00:00:00.000Z,0,827.0,7.27157,-76.34153,[0.2863158201078393,0.9569262580790523,0.04811847623105132]
2005-04-01T00:00:00.000Z,0,201.0,7.77157,-76.34153,[0.3083922392199337,0.9497587077425494,0.053409960270698664]
2005-04-01T00:00:00.000Z,5,165.0,8.27157,-76.34153,[0.3147213556110268,0.947524081305796,0.05611224169435033]
2005-04-01T00:00:00.000Z,5,99.0,8.77157,-76.34153,[0.33911715407717874,0.9387326064420174,0.06148698572195214]
2005-04-01T00:00:00.000Z,2,267.0,0.27157,-75.84153,[0.28967352020462067,0.9570367455991122,0.01303530840920793]
2005-04-01T00:00:00.000Z,2,241.0,0.77157,-75.84153,[0.28449203123724637,0.958638517709943,0.0087450857851138]
2005-04-01T00:00:00.000Z,1,250.0,1.27157,-75.84153,[0.2237728745645079,0.9746316195487335,0.004348193297225035]
2005-04-01T00:00:00.000Z,1,1712.0,1.77157,-75.84153,[0.23660256424479606,0.9716040485422875,0.002190764483748112]
2005-04-01T00:00:00.000Z,1,1262.0,2.27157,-75.84153,[0.20369852077255973,0.9790326809906273,0.0013864297225357467]
2005-04-01T00:00:00.000Z,11,2705.0,2.77157,-75.84153,[0.1643989796866749,0.9863938781200495,3.0444255497532387E-4]
2005-04-01T00:00:00.000Z,11,1867.0,3.27157,-75.84153,[0.1446098632198299,0.9894880366891101,0.0011885742182451773]
2005-04-01T00:00:00.000Z,11,3782.0,3.77157,-75.84153,[0.16423752018538468,0.9864205000225225,7.963031281715622E-4]
2005-04-01T00:00:00.000Z,1,2035.0,4.27157,-75.84153,[0.21659475440008424,0.9762612344667213,8.452478220491093E-4]
2005-04-01T00:00:00.000Z,1,1185.0,4.77157,-75.84153,[0.22139119459660636,0.9751755000088613,0.004322399513552791]
2005-04-01T00:00:00.000Z,1,1530.0,5.27157,-75.84153,[0.23940693846260128,0.9708061174355025,0.014825659033234483]
2005-04-01T00:00:00.000Z,1,1704.0,5.77157,-75.84153,[0.22606718695470915,0.9737430540536984,0.026797232404875283]
2005-04-01T00:00:00.000Z,1,488.0,6.27157,-75.84153,[0.1888624092089999,0.9814653068729995,0.032509103224499986]
2005-04-01T00:00:00.000Z,1,896.0,6.77157,-75.84153,[0.20383814645212617,0.9782182405114598,0.039231160849831324]
2005-04-01T00:00:00.000Z,0,2421.0,7.27157,-75.84153,[0.26337055369065293,0.9635766040649992,0.04643360364264925]
2005-04-01T00:00:00.000Z,5,131.0,7.77157,-75.84153,[0.3181151172308636,0.9464767798882939,0.05463036995554761]
2005-04-01T00:00:00.000Z,5,43.0,8.27157,-75.84153,[0.3217831245352544,0.9450262288982734,0.0581467751353179]
2005-04-01T00:00:00.000Z,5,10.0,8.77157,-75.84153,[0.3306967442129782,0.9417419394023565,0.06133337539728592]
2005-04-01T00:00:00.000Z,5,155.0,9.27157,-75.84153,[0.34914913155983185,0.9346638264093092,0.06707022836492989]
2005-04-01T00:00:00.000Z,2,228.0,0.27157,-75.34153,[0.2892443228996333,0.9571558318854277,0.013799824565822199]
2005-04-01T00:00:00.000Z,8,189.0,0.77157,-75.34153,[0.28173929230602324,0.9594365089340252,0.010225287056666482]
2005-04-01T00:00:00.000Z,8,244.0,1.27157,-75.34153,[0.2763016890385253,0.9610493531774793,0.006443399072439918]
2005-04-01T00:00:00.000Z,1,1357.0,1.77157,-75.34153,[0.21160253342945323,0.9773522954934647,0.0026188432355130353]
2005-04-01T00:00:00.000Z,8,2437.0,2.27157,-75.34153,[0.2456444754203014,0.969359364887288,0.0011015447328264637]
2005-04-01T00:00:00.000Z,2,485.0,2.77157,-75.34153,[0.2901036210058937,0.9569952119238246,2.311582637497161E-4]
2005-04-01T00:00:00.000Z,2,694.0,3.27157,-75.34153,[0.28631339050836896,0.9581353619374553,0.0011272180728675945]
2005-04-01T00:00:00.000Z,1,442.0,3.77157,-75.34153,[0.22927149477143924,0.9733617096205649,0.0012505717896623958]
2005-04-01T00:00:00.000Z,11,2270.0,4.27157,-75.34153,[0.11860406306946238,0.9929414536311189,5.881193210055985E-4]
2005-04-01T00:00:00.000Z,11,4229.0,4.77157,-75.34153,[0.1550607876047091,0.9879030053054735,0.0019504501585497999]
2005-04-01T00:00:00.000Z,11,3209.0,5.27157,-75.34153,[0.176933460576736,0.984192374458094,0.0077408389002321994]
2005-04-01T00:00:00.000Z,1,1992.0,5.77157,-75.34153,[0.19412170993760827,0.9808254817900208,0.017266615252345158]
2005-04-01T00:00:00.000Z,1,2185.0,6.27157,-75.34153,[0.1991368908032988,0.9795925840525911,0.02725560475136059]
2005-04-01T00:00:00.000Z,8,2092.0,6.77157,-75.34153,[0.2445389808718104,0.9689473426175919,0.036629688348162395]
2005-04-01T00:00:00.000Z,0,869.0,7.27157,-75.34153,[0.3060248191430582,0.9508628309087879,0.0469966686541125]
2005-04-01T00:00:00.000Z,5,83.0,7.77157,-75.34153,[0.3299998611819348,0.9423707376020198,0.055113378877807664]
2005-04-01T00:00:00.000Z,5,30.0,8.27157,-75.34153,[0.33522279685603507,0.9402310637845641,0.059926815054400784]
2005-04-01T00:00:00.000Z,5,74.0,8.77157,-75.34153,[0.3407617590848818,0.9379730894398293,0.06393674242623557]
2005-04-01T00:00:00.000Z,5,180.0,9.27157,-75.34153,[0.33626633995699573,0.9394293902994391,0.06631266284466628]
2005-04-01T00:00:00.000Z,5,136.0,9.77157,-75.34153,[0.3445390206052706,0.9361956835757008,0.06950183691520113]
2005-04-01T00:00:00.000Z,5,79.0,10.27157,-75.34153,[0.3250726962590585,0.9430554191826396,0.07052813975373212]
2005-04-01T00:00:00.000Z,8,205.0,0.27157,-74.84153,[0.2840305502860038,0.9587391371722963,0.012079460184577175]
2005-04-01T00:00:00.000Z,8,239.0,0.77157,-74.84153,[0.27911825523256223,0.9602099050664593,0.00948355461794034]
2005-04-01T00:00:00.000Z,8,226.0,1.27157,-74.84153,[0.2806975833243078,0.959769813751191,0.007125400192078583]
2005-04-01T00:00:00.000Z,8,258.0,1.77157,-74.84153,[0.27702331430796356,0.9608564563201413,0.003599121800064094]
2005-04-01T00:00:00.000Z,1,576.0,2.27157,-74.84153,[0.19886077881938555,0.9800267099765615,0.0014277184120366142]
2005-04-01T00:00:00.000Z,1,1998.0,2.77157,-74.84153,[0.2128607054798524,0.9770825553977613,0.0]
2005-04-01T00:00:00.000Z,1,2106.0,3.27157,-74.84153,[0.21714734856339538,0.9761387885892254,3.072839838161255E-4]
2005-04-01T00:00:00.000Z,2,361.0,3.77157,-74.84153,[0.2870416444602447,0.9579180460475607,3.3376935402354034E-4]
2005-04-01T00:00:00.000Z,8,289.0,4.27157,-74.84153,[0.27096704337590516,0.9625885694119855,3.2778271376117553E-4]
2005-04-01T00:00:00.000Z,8,277.0,4.77157,-74.84153,[0.2800410378951751,0.959985036520036,0.002397238456690215]
2005-04-01T00:00:00.000Z,2,325.0,5.27157,-74.84153,[0.29323618354032166,0.9560153641816437,0.006867613220461066]
2005-04-01T00:00:00.000Z,8,379.0,5.77157,-74.84153,[0.2674031873177311,0.9634838578062996,0.013942422996333062]
2005-04-01T00:00:00.000Z,1,978.0,6.27157,-74.84153,[0.24270828340689843,0.9698343341074006,0.022672749108381046]
2005-04-01T00:00:00.000Z,8,1143.0,6.77157,-74.84153,[0.2640116413737928,0.963949481295011,0.0331549503120577]
2005-04-01T00:00:00.000Z,0,322.0,7.27157,-74.84153,[0.29754826495636194,0.9536528923601384,0.044846303243422904]
2005-04-01T00:00:00.000Z,5,55.0,7.77157,-74.84153,[0.3409207778572586,0.9383988868477763,0.056396386303166846]
2005-04-01T00:00:00.000Z,5,27.0,8.27157,-74.84153,[0.3582647393675969,0.9314883223557519,0.06305459412869706]
2005-04-01T00:00:00.000Z,3,14.0,8.77157,-74.84153,[0.37477691706576566,0.9246141046030403,0.06805159809878376]
2005-04-01T00:00:00.000Z,3,48.0,9.27157,-74.84153,[0.3738840224126144,0.9248058435172946,0.07031990885111424]
2005-04-01T00:00:00.000Z,5,15.0,9.77157,-74.84153,[0.35460339972820093,0.9323415918023787,0.070679453143104]
2005-04-01T00:00:00.000Z,5,5.0,10.27157,-74.84153,[0.34512326916871094,0.9357465957873297,0.0725826256808423]
2005-04-01T00:00:00.000Z,2,171.0,-0.72843,-74.34153,[0.29515161818007846,0.9553591851618328,0.013204151339635088]
2005-04-01T00:00:00.000Z,8,219.0,-0.22843,-74.34153,[0.2840347886125747,0.958753443554323,0.010773733361166627]
2005-04-01T00:00:00.000Z,8,201.0,0.27157,-74.34153,[0.28069232753609075,0.9597518429984027,0.009392397113707651]
2005-04-01T00:00:00.000Z,8,242.0,0.77157,-74.34153,[0.27896100348601227,0.9602696081537729,0.007939659329986503]
2005-04-01T00:00:00.000Z,8,251.0,1.27157,-74.34153,[0.27880484357474317,0.9603277945352264,0.006195663190549847]
2005-04-01T00:00:00.000Z,8,298.0,1.77157,-74.34153,[0.2832769471349943,0.9590330233158013,0.003135508193478944]
2005-04-01T00:00:00.000Z,2,313.0,2.27157,-74.34153,[0.28442465289614144,0.9586977682561062,0.0010981646829966852]
2005-04-01T00:00:00.000Z,8,364.0,2.77157,-74.34153,[0.24553564215948798,0.9693874703439526,4.2516994313331253E-4]
2005-04-01T00:00:00.000Z,11,899.0,3.27157,-74.34153,[0.13203649269040255,0.991244551741919,7.76685251120015E-4]
2005-04-01T00:00:00.000Z,11,3444.0,3.77157,-74.34153,[0.12984375830281614,0.9915341543124142,7.86931868501916E-4]
2005-04-01T00:00:00.000Z,11,2263.0,4.27157,-74.34153,[0.15054366313394726,0.988602017140762,0.0016300906199217223]
2005-04-01T00:00:00.000Z,1,2655.0,4.77157,-74.34153,[0.18399535033783743,0.982922529436342,0.0030020294002489263]
2005-04-01T00:00:00.000Z,8,1104.0,5.27157,-74.34153,[0.25948180126496817,0.9657326716434097,0.005440747445878365]
2005-04-01T00:00:00.000Z,2,744.0,5.77157,-74.34153,[0.2927147227112955,0.956130207396385,0.011537660603218949]
2005-04-01T00:00:00.000Z,2,119.0,6.27157,-74.34153,[0.30675603444348676,0.9515917829039149,0.019334271184994412]
2005-04-01T00:00:00.000Z,8,97.0,6.77157,-74.34153,[0.26721788792942547,0.9632272704432779,0.028068235515067562]
2005-04-01T00:00:00.000Z,0,575.0,7.27157,-74.34153,[0.271235911874242,0.961557899350254,0.04286591077855668]
2005-04-01T00:00:00.000Z,5,1234.0,7.77157,-74.34153,[0.3329967710419534,0.9411291720582868,0.05821539295166065]
2005-04-01T00:00:00.000Z,3,715.0,8.27157,-74.34153,[0.3769969240094573,0.9237672972417166,0.06728521259638989]
2005-04-01T00:00:00.000Z,3,14.0,8.77157,-74.34153,[0.40241249415303076,0.9125676883534859,0.07269386991151523]
2005-04-01T00:00:00.000Z,3,37.0,9.27157,-74.34153,[0.38602919306559913,0.9195446226845002,0.07361486937530029]
2005-04-01T00:00:00.000Z,3,95.0,9.77157,-74.34153,[0.3673888664506807,0.9271604163468192,0.07347777329013613]
2005-04-01T00:00:00.000Z,5,119.0,10.27157,-74.34153,[0.3427309030896731,0.9365597942068496,0.07342533583553065]
2005-04-01T00:00:00.000Z,5,5.0,10.77157,-74.34153,[0.31282619639407067,0.9468365409942673,0.07510216699689712]
2005-04-01T00:00:00.000Z,2,156.0,-1.22843,-73.84153,[0.29523243405512184,0.9553588877289336,0.011278542424577688]
2005-04-01T00:00:00.000Z,2,195.0,-0.72843,-73.84153,[0.2866369670789427,0.9579995971954016,0.008718995196317648]
2005-04-01T00:00:00.000Z,8,174.0,-0.22843,-73.84153,[0.2740105713620878,0.9617024722513744,0.006823609559211526]
2005-04-01T00:00:00.000Z,8,241.0,0.27157,-73.84153,[0.2747155213437469,0.9615043247031141,0.006388733054505742]
2005-04-01T00:00:00.000Z,8,232.0,0.77157,-73.84153,[0.2740180672246368,0.9617081973250766,0.005607319522357433]
2005-04-01T00:00:00.000Z,8,267.0,1.27157,-73.84153,[0.27710147876569885,0.9608307980189941,0.004352935107047376]
2005-04-01T00:00:00.000Z,8,265.0,1.77157,-73.84153,[0.2619636750118294,0.9650741787435793,0.0026196367501182937]
2005-04-01T00:00:00.000Z,8,554.0,2.27157,-73.84153,[0.24350645981062524,0.9698986111101174,0.0011349877364054566]
2005-04-01T00:00:00.000Z,8,995.0,2.77157,-73.84153,[0.2742948363993403,0.9616454264353343,6.453996150572712E-4]
2005-04-01T00:00:00.000Z,8,363.0,3.27157,-73.84153,[0.25859311599750584,0.9659842019080384,0.0020302765305589303]
2005-04-01T00:00:00.000Z,1,545.0,3.77157,-73.84153,[0.19043186439839616,0.9816915362569727,0.004175244085740236]
2005-04-01T00:00:00.000Z,11,1499.0,4.27157,-73.84153,[0.13931382279978086,0.9902306253682265,0.005913320536105805]
2005-04-01T00:00:00.000Z,11,3610.0,4.77157,-73.84153,[0.13426012319799802,0.9909198644986571,0.007213976768847654]
2005-04-01T00:00:00.000Z,11,2585.0,5.27157,-73.84153,[0.16169023114466916,0.9868003803798899,0.009015455312308825]
2005-04-01T00:00:00.000Z,8,2622.0,5.77157,-73.84153,[0.24845617759547647,0.9685579804569421,0.012843921045189884]
2005-04-01T00:00:00.000Z,2,616.0,6.27157,-73.84153,[0.30887631374306207,0.9509847795888544,0.014945628084341717]
2005-04-01T00:00:00.000Z,4,101.0,6.77157,-73.84153,[0.3439529994924056,0.9385836087843611,0.027516239959392445]
2005-04-01T00:00:00.000Z,4,89.0,7.27157,-73.84153,[0.36161428079909064,0.9312474789809358,0.044869196714536]
2005-04-01T00:00:00.000Z,3,59.0,7.77157,-73.84153,[0.37413150014486707,0.9253519103583046,0.06123285552370991]
2005-04-01T00:00:00.000Z,3,38.0,8.27157,-73.84153,[0.3990339692316856,0.9141268380111489,0.07172179185536832]
2005-04-01T00:00:00.000Z,3,29.0,8.77157,-73.84153,[0.4160242384545142,0.9060980986404145,0.07687697092476622]
2005-04-01T00:00:00.000Z,3,52.0,9.27157,-73.84153,[0.4080190301218645,0.9096817720749766,0.07745672735756051]
2005-04-01T00:00:00.000Z,5,46.0,9.77157,-73.84153,[0.33667077262748263,0.938673157883316,0.07446807052540973]
2005-04-01T00:00:00.000Z,11,931.0,10.27157,-73.84153,[0.16287335780039108,0.9841221196671517,0.07054022186425389]
2005-04-01T00:00:00.000Z,5,2665.0,10.77157,-73.84153,[0.30896429303572975,0.9482007613855152,0.07386732523153078]
2005-04-01T00:00:00.000Z,2,139.0,-1.72843,-73.34153,[0.28892491730632874,0.957268216584742,0.012647279399069485]
2005-04-01T00:00:00.000Z,2,199.0,-1.22843,-73.34153,[0.2864402355033456,0.9580557876873262,0.009005507404082454]
2005-04-01T00:00:00.000Z,2,223.0,-0.72843,-73.34153,[0.2839733866091649,0.9588150848248608,0.005722657600869102]
2005-04-01T00:00:00.000Z,8,171.0,-0.22843,-73.34153,[0.2781081817990809,0.9605428740599026,0.00363679930044952]
2005-04-01T00:00:00.000Z,8,209.0,0.27157,-73.34153,[0.2748599871381172,0.9614793372476225,0.0030775828675696526]
2005-04-01T00:00:00.000Z,8,237.0,0.77157,-73.34153,[0.2665641686789419,0.9638124059685664,0.00303151407517228]
2005-04-01T00:00:00.000Z,8,249.0,1.27157,-73.34153,[0.26726608331097634,0.9636195113126217,0.0025056195310404032]
2005-04-01T00:00:00.000Z,8,294.0,1.77157,-73.34153,[0.27808334067728496,0.960555050812759,0.0019104962336607362]
2005-04-01T00:00:00.000Z,2,229.0,2.27157,-73.34153,[0.28547634985551756,0.958384888800666,0.001287863232430906]
2005-04-01T00:00:00.000Z,2,267.0,2.77157,-73.34153,[0.28973583011697446,0.9571048770156235,0.001844759967036916]
2005-04-01T00:00:00.000Z,2,234.0,3.27157,-73.34153,[0.29338840289751794,0.955984683598654,0.004065681987718413]
2005-04-01T00:00:00.000Z,2,256.0,3.77157,-73.34153,[0.2968132314839254,0.9549159769464118,0.006114130236560262]
2005-04-01T00:00:00.000Z,1,300.0,4.27157,-73.34153,[0.22332986018990866,0.9747200440064239,0.006679023856146802]
2005-04-01T00:00:00.000Z,11,1229.0,4.77157,-73.34153,[0.16838893875609576,0.9856913488161704,0.00759803748045798]
2005-04-01T00:00:00.000Z,11,2684.0,5.27157,-73.34153,[0.14654014390437214,0.9891459713545121,0.01078116773010738]
2005-04-01T00:00:00.000Z,1,3515.0,5.77157,-73.34153,[0.22578913339561715,0.9740565030062132,0.015270762645114204]
2005-04-01T00:00:00.000Z,8,1301.0,6.27157,-73.34153,[0.24487470366476832,0.9694354706728501,0.015206830912515295]
2005-04-01T00:00:00.000Z,2,1945.0,6.77157,-73.34153,[0.3101353400316047,0.9504527911234729,0.02134391503639561]
2005-04-01T00:00:00.000Z,0,351.0,7.27157,-73.34153,[0.27113384202417334,0.9618239309736839,0.037164035242968595]
2005-04-01T00:00:00.000Z,0,325.0,7.77157,-73.34153,[0.29271789423197114,0.9541357743901696,0.06277864625230359]
2005-04-01T00:00:00.000Z,5,1339.0,8.27157,-73.34153,[0.32078465637270204,0.9445325993196227,0.07039441070400962]
2005-04-01T00:00:00.000Z,5,1230.0,8.77157,-73.34153,[0.3372660627892588,0.9384235105853805,0.07491940784097277]
2005-04-01T00:00:00.000Z,5,809.0,9.27157,-73.34153,[0.357398350807652,0.9308066938616869,0.07658536088735399]
2005-04-01T00:00:00.000Z,5,74.0,9.77157,-73.34153,[0.3430091017199955,0.9361827362733711,0.07685467091169823]
2005-04-01T00:00:00.000Z,9,99.0,10.27157,-73.34153,[0.27099695640869537,0.9598306297470974,0.07270358874576895]
2005-04-01T00:00:00.000Z,5,1426.0,10.77157,-73.34153,[0.3311533525282616,0.940524763314468,0.07583288667561679]
2005-04-01T00:00:00.000Z,2,146.0,-2.22843,-72.84153,[0.2855230576366824,0.9582326858564417,0.016331053675431455]
2005-04-01T00:00:00.000Z,2,165.0,-1.72843,-72.84153,[0.28653532346749544,0.9580011192158526,0.011461412938699818]
2005-04-01T00:00:00.000Z,2,168.0,-1.22843,-72.84153,[0.2890340475499021,0.9572894582385855,0.0074974997296779105]
2005-04-01T00:00:00.000Z,8,178.0,-0.72843,-72.84153,[0.28065600123316814,0.959800675972972,0.00385634200167712]
2005-04-01T00:00:00.000Z,8,191.0,-0.22843,-72.84153,[0.2822241464463309,0.9593474787947524,0.0013950242980236892]
2005-04-01T00:00:00.000Z,8,247.0,0.27157,-72.84153,[0.2680758708984783,0.9633976610414063,5.235856853485904E-4]
2005-04-01T00:00:00.000Z,8,264.0,0.77157,-72.84153,[0.26426159085034445,0.9644507666073595,7.28279974784414E-4]
2005-04-01T00:00:00.000Z,8,246.0,1.27157,-72.84153,[0.2672668042998751,0.9636221108155651,9.396098588667483E-4]
2005-04-01T00:00:00.000Z,8,259.0,1.77157,-72.84153,[0.2715347180643578,0.9624280740659478,0.0010483965948430804]
2005-04-01T00:00:00.000Z,2,271.0,2.27157,-72.84153,[0.2874459121119638,0.9577955205820287,0.0016088390603281556]
2005-04-01T00:00:00.000Z,2,193.0,2.77157,-72.84153,[0.288237717937708,0.9575537670814497,0.0031306718427691134]
2005-04-01T00:00:00.000Z,2,182.0,3.27157,-72.84153,[0.297577658286715,0.9546822271428812,0.005420559574739418]
2005-04-01T00:00:00.000Z,2,203.0,3.77157,-72.84153,[0.2984581091334756,0.9543977594305545,0.006904627897863988]
2005-04-01T00:00:00.000Z,2,165.0,4.27157,-72.84153,[0.2954085370711134,0.9553400613960158,0.0076917694558138955]
2005-04-01T00:00:00.000Z,1,293.0,4.77157,-72.84153,[0.21838789077588303,0.9758210143937016,0.00894857698788984]
2005-04-01T00:00:00.000Z,11,1653.0,5.27157,-72.84153,[0.15155646356714045,0.9883646516914231,0.012882299403206938]
2005-04-01T00:00:00.000Z,11,2686.0,5.77157,-72.84153,[0.16361425283934872,0.9863602099743594,0.017997567812328356]
2005-04-01T00:00:00.000Z,1,2685.0,6.27157,-72.84153,[0.19700415148643222,0.980273669444536,0.015902744758543322]
2005-04-01T00:00:00.000Z,11,1547.0,6.77157,-72.84153,[0.18383644450404293,0.9826653112698122,0.02393841471599408]
2005-04-01T00:00:00.000Z,8,3795.0,7.27157,-72.84153,[0.265230666565093,0.9633377983732151,0.04041014400968162]
2005-04-01T00:00:00.000Z,5,1328.0,7.77157,-72.84153,[0.3584394546034047,0.9311633657631926,0.06675285495150361]
2005-04-01T00:00:00.000Z,3,973.0,8.27157,-72.84153,[0.39973647900540116,0.913683380583774,0.07343995777075975]
2005-04-01T00:00:00.000Z,3,83.0,8.77157,-72.84153,[0.4056218168449595,0.9106344100029223,0.07884106175099048]
2005-04-01T00:00:00.000Z,5,223.0,10.77157,-72.84153,[0.3453994253470148,0.9353517284944707,0.07626520158209632]
2005-04-01T00:00:00.000Z,3,51.0,11.27157,-72.84153,[0.3722703108396923,0.9248791805636647,0.0775455803202404]
2005-04-01T00:00:00.000Z,8,149.0,-2.22843,-72.34153,[0.28317920232271704,0.95894775332011,0.01512434376041784]
2005-04-01T00:00:00.000Z,2,147.0,-1.72843,-72.34153,[0.28476984352794993,0.9585460393469106,0.009778888966431488]
2005-04-01T00:00:00.000Z,2,145.0,-1.22843,-72.34153,[0.28390218568472836,0.9588394573125731,0.005142379212402627]
2005-04-01T00:00:00.000Z,8,205.0,-0.72843,-72.34153,[0.2832112764916538,0.9590563681194642,0.001501877981395134]
2005-04-01T00:00:00.000Z,8,176.0,-0.22843,-72.34153,[0.2780837479324865,0.9605564575530546,8.491106807098826E-4]
2005-04-01T00:00:00.000Z,8,150.0,0.27157,-72.34153,[0.2780836226230031,0.9605560247092284,0.0012736654471282587]
2005-04-01T00:00:00.000Z,8,218.0,0.77157,-72.34153,[0.2740275338795614,0.9617211533857403,0.0011549053152012166]
2005-04-01T00:00:00.000Z,8,234.0,1.27157,-72.34153,[0.2748601898799795,0.9614841124920355,4.212416703141448E-4]
2005-04-01T00:00:00.000Z,8,237.0,1.77157,-72.34153,[0.27821213050237564,0.960519446753449,6.347044802335566E-4]
2005-04-01T00:00:00.000Z,2,203.0,2.27157,-72.34153,[0.2899170482961793,0.9570495869405474,0.002047741233318739]
2005-04-01T00:00:00.000Z,2,188.0,2.77157,-72.34153,[0.29163566516861955,0.956521454041853,0.003917494009727725]
2005-04-01T00:00:00.000Z,2,220.0,3.27157,-72.34153,[0.30016745677123985,0.9538654737397178,0.006336868531837285]
2005-04-01T00:00:00.000Z,2,180.0,3.77157,-72.34153,[0.30570722603593425,0.9520918773960462,0.00800930370795252]
2005-04-01T00:00:00.000Z,2,190.0,4.27157,-72.34153,[0.3083801342816025,0.9512166641995018,0.009410129097563604]
2005-04-01T00:00:00.000Z,2,177.0,4.77157,-72.34153,[0.3120566678328805,0.9499880109303558,0.01197560644081903]
2005-04-01T00:00:00.000Z,8,257.0,5.27157,-72.34153,[0.2532244936257011,0.9672719396152907,0.016197242385067367]
2005-04-01T00:00:00.000Z,1,1342.0,5.77157,-72.34153,[0.19398319114427234,0.9807597365927807,0.021928534651091656]
2005-04-01T00:00:00.000Z,1,3317.0,6.27157,-72.34153,[0.20688349134825504,0.9782268788442182,0.016474055792546235]
2005-04-01T00:00:00.000Z,8,3467.0,6.77157,-72.34153,[0.2761669776410716,0.9608574567696271,0.022016998678297414]
2005-04-01T00:00:00.000Z,0,2203.0,7.27157,-72.34153,[0.30589436693405203,0.9513833276677719,0.03603331949477392]
2005-04-01T00:00:00.000Z,5,97.0,11.27157,-72.34153,[0.3639343280100245,0.9283517770641678,0.07559618322173141]
2005-04-01T00:00:00.000Z,3,19.0,11.77157,-72.34153,[0.37027964232351235,0.9256991058087808,0.07729263862487303]
2005-04-01T00:00:00.000Z,8,109.0,-2.22843,-71.84153,[0.2823101631536355,0.9592129407151934,0.014543250829126678]
2005-04-01T00:00:00.000Z,8,140.0,-1.72843,-71.84153,[0.28389551256218426,0.9588169197854902,0.008570430567914997]
2005-04-01T00:00:00.000Z,2,153.0,-1.22843,-71.84153,[0.2848888067781156,0.9585544438586973,0.0034272337657517667]
2005-04-01T00:00:00.000Z,2,136.0,-0.72843,-71.84153,[0.28558096574426894,0.9583541022729024,9.626324688009065E-4]
2005-04-01T00:00:00.000Z,8,192.0,-0.22843,-71.84153,[0.2747196541624248,0.9615187895684868,0.00327550356885968]
2005-04-01T00:00:00.000Z,8,216.0,0.27157,-71.84153,[0.2740259707022959,0.9617156672923486,0.0035696869746659234]
2005-04-01T00:00:00.000Z,8,215.0,0.77157,-71.84153,[0.2740262652119093,0.961716700896969,0.0032547180925552445]
2005-04-01T00:00:00.000Z,8,232.0,1.27157,-71.84153,[0.2649629081945102,0.9642571717823742,0.0016625123651420246]
2005-04-01T00:00:00.000Z,8,233.0,1.77157,-71.84153,[0.28073214645365663,0.9597861308943881,2.118733180782314E-4]
2005-04-01T00:00:00.000Z,2,159.0,2.27157,-71.84153,[0.29163727966671293,0.9565267493546294,0.0020675777289804274]
2005-04-01T00:00:00.000Z,2,186.0,2.77157,-71.84153,[0.29858689919822107,0.9543722000298694,0.004423509617751423]
2005-04-01T00:00:00.000Z,2,222.0,3.27157,-71.84153,[0.3030565965536524,0.9529446313853738,0.00729580695406941]
2005-04-01T00:00:00.000Z,2,206.0,3.77157,-71.84153,[0.3083521396393631,0.9512265267103599,0.009330212343331281]
2005-04-01T00:00:00.000Z,2,189.0,4.27157,-71.84153,[0.31447877191229,0.9491960002041281,0.011404175245170955]
2005-04-01T00:00:00.000Z,2,149.0,4.77157,-71.84153,[0.32003100696087233,0.9472917806041822,0.014779613776011195]
2005-04-01T00:00:00.000Z,4,172.0,5.27157,-71.84153,[0.3345815712613152,0.9421430526491908,0.02053388704491826]
2005-04-01T00:00:00.000Z,4,213.0,5.77157,-71.84153,[0.33843832580185573,0.9406594643610402,0.024885171014842333]
2005-04-01T00:00:00.000Z,4,412.0,6.27157,-71.84153,[0.34094187203095777,0.9398247858231644,0.02209099021024558]
2005-04-01T00:00:00.000Z,4,325.0,6.77157,-71.84153,[0.3870070097109384,0.9218291967420267,0.021366011994458055]
2005-04-01T00:00:00.000Z,5,174.0,11.77157,-71.84153,[0.3431342363823054,0.9364963274549561,0.07234310254413948]
2005-04-01T00:00:00.000Z,8,107.0,-2.22843,-71.34153,[0.28059011822821084,0.9597457453033121,0.012541528011715484]
2005-04-01T00:00:00.000Z,8,121.0,-1.72843,-71.34153,[0.28216112724530695,0.9593478326340437,0.006069126133200942]
2005-04-01T00:00:00.000Z,2,140.0,-1.22843,-71.34153,[0.28401520659763035,0.9588182538521505,0.0017083621449481524]
2005-04-01T00:00:00.000Z,2,186.0,-0.72843,-71.34153,[0.28470468478047734,0.9586124030623563,0.0023458812978166673]
2005-04-01T00:00:00.000Z,8,201.0,-0.22843,-71.34153,[0.27820917294370234,0.9605092358664704,0.0046544500416436894]
2005-04-01T00:00:00.000Z,8,185.0,0.27157,-71.34153,[0.27890089783494404,0.9603065004998643,0.005070925415180801]
2005-04-01T00:00:00.000Z,8,228.0,0.77157,-71.34153,[0.2689315667543945,0.963150262329692,0.0041694816551068915]
2005-04-01T00:00:00.000Z,8,342.0,1.27157,-71.34153,[0.27223029005018484,0.9622293713696919,0.0023034870696554102]
2005-04-01T00:00:00.000Z,2,222.0,1.77157,-71.34153,[0.28390593789365515,0.9588521298672504,1.0713431618628497E-4]
2005-04-01T00:00:00.000Z,2,164.0,2.27157,-71.34153,[0.29664128202972523,0.9549864321105652,0.002205511390555578]
2005-04-01T00:00:00.000Z,2,189.0,2.77157,-71.34153,[0.3018204308102881,0.9533516190907992,0.005011778371388548]
2005-04-01T00:00:00.000Z,2,209.0,3.27157,-71.34153,[0.30636551819298075,0.9518810565257925,0.007913500469929391]
2005-04-01T00:00:00.000Z,2,171.0,3.77157,-71.34153,[0.3110416813543874,0.9503413732894198,0.010215022007579514]
2005-04-01T00:00:00.000Z,2,165.0,4.27157,-71.34153,[0.31377732046229373,0.9494071130164254,0.013035601916264407]
2005-04-01T00:00:00.000Z,4,131.0,4.77157,-71.34153,[0.32107813059741724,0.9468885960527468,0.017630108261894546]
2005-04-01T00:00:00.000Z,4,146.0,5.27157,-71.34153,[0.3370809346949548,0.9411686312808955,0.024042690324120434]
2005-04-01T00:00:00.000Z,4,151.0,5.77157,-71.34153,[0.35647833985738814,0.9338728339925944,0.02836764253794708]
2005-04-01T00:00:00.000Z,4,157.0,6.27157,-71.34153,[0.37485636702332353,0.9267282406965499,0.025641216772081504]
2005-04-01T00:00:00.000Z,4,154.0,6.77157,-71.34153,[0.3902844617703082,0.9204319559156414,0.021978476516075374]
2005-04-01T00:00:00.000Z,8,97.0,-2.22843,-70.84153,[0.27735148456968595,0.9607117963611553,0.010440226985703006]
2005-04-01T00:00:00.000Z,8,137.0,-1.72843,-70.84153,[0.2821649787920804,0.9593609278930734,0.0030878431641397476]
2005-04-01T00:00:00.000Z,8,114.0,-1.22843,-70.84153,[0.2755544610654904,0.9612854099765583,3.1552037526582873E-4]
2005-04-01T00:00:00.000Z,8,155.0,-0.72843,-70.84153,[0.27975485869633976,0.960067810526075,0.0026491937376547326]
2005-04-01T00:00:00.000Z,8,183.0,-0.22843,-70.84153,[0.2773646021919152,0.960757234208497,0.003796625733425455]
2005-04-01T00:00:00.000Z,8,193.0,0.27157,-70.84153,[0.2780552248733121,0.9605544131987146,0.004528929799072886]
2005-04-01T00:00:00.000Z,8,250.0,0.77157,-70.84153,[0.2780561872435323,0.9605577377503844,0.0036863509672437995]
2005-04-01T00:00:00.000Z,2,316.0,1.27157,-70.84153,[0.2854759289775985,0.9583834758533663,0.002146435556222545]
2005-04-01T00:00:00.000Z,2,186.0,1.77157,-70.84153,[0.2925513092795661,0.956249801973507,2.183218725966911E-4]
2005-04-01T00:00:00.000Z,2,191.0,2.27157,-70.84153,[0.3001728140236415,0.9538824978973496,0.002112327209795996]
2005-04-01T00:00:00.000Z,2,160.0,2.77157,-70.84153,[0.30375439263455006,0.9527351798500647,0.005380151603859189]
2005-04-01T00:00:00.000Z,2,240.0,3.27157,-70.84153,[0.3134693915857078,0.9495605657523266,0.008465961670562912]
2005-04-01T00:00:00.000Z,2,186.0,3.77157,-70.84153,[0.3103622892560669,0.9505560888654447,0.01087985884845991]
2005-04-01T00:00:00.000Z,2,176.0,4.27157,-70.84153,[0.311024866646564,0.9502899984625645,0.014575704082698756]
2005-04-01T00:00:00.000Z,2,146.0,4.77157,-70.84153,[0.3144382181676586,0.9490735962276583,0.01969558069841378]
2005-04-01T00:00:00.000Z,4,123.0,5.27157,-70.84153,[0.337742501439723,0.9408541111535141,0.02689877779323508]
2005-04-01T00:00:00.000Z,4,120.0,5.77157,-70.84153,[0.3590503237642946,0.9327775893596882,0.031762144025302974]
2005-04-01T00:00:00.000Z,4,126.0,6.27157,-70.84153,[0.3759019091965104,0.9261913020408864,0.029452108349417305]
2005-04-01T00:00:00.000Z,4,122.0,6.77157,-70.84153,[0.3847739707549338,0.9226722768103004,0.02499722054904502]
2005-04-01T00:00:00.000Z,8,97.0,-3.72843,-70.34153,[0.26806482665949033,0.9629713388460153,0.028765417937691464]
2005-04-01T00:00:00.000Z,8,132.0,-2.22843,-70.34153,[0.2788929731542523,0.9602792143833917,0.00908514988305519]
2005-04-01T00:00:00.000Z,8,129.0,-1.72843,-70.34153,[0.2789043281301001,0.9603183116297765,0.0010564557883715913]
2005-04-01T00:00:00.000Z,8,144.0,-1.22843,-70.34153,[0.27555425532344985,0.9612846922352412,0.001262080558733358]
2005-04-01T00:00:00.000Z,8,134.0,-0.72843,-70.34153,[0.27652518831029493,0.9610038863711391,0.002313138457348475]
2005-04-01T00:00:00.000Z,8,170.0,-0.22843,-70.34153,[0.27890386120408006,0.9603167039185939,0.002112908039424849]
2005-04-01T00:00:00.000Z,8,177.0,0.27157,-70.34153,[0.27902927901530283,0.9602818960828535,0.001158234743082389]
2005-04-01T00:00:00.000Z,2,190.0,0.77157,-70.34153,[0.28646178386998944,0.958091284628841,8.583124610336762E-4]
2005-04-01T00:00:00.000Z,2,195.0,1.27157,-70.34153,[0.28913565318607437,0.9572880802115722,3.2487152043379145E-4]
2005-04-01T00:00:00.000Z,2,216.0,1.77157,-70.34153,[0.2940857850956007,0.9557788015607022,6.584010114080612E-4]
2005-04-01T00:00:00.000Z,2,168.0,2.27157,-70.34153,[0.2968861837276147,0.9549100387059848,0.0023263469620447425]
2005-04-01T00:00:00.000Z,2,193.0,2.77157,-70.34153,[0.3064056004300503,0.9518850454536488,0.005519806772453111]
2005-04-01T00:00:00.000Z,2,177.0,3.27157,-70.34153,[0.31076641626780893,0.9504461928190653,0.008733216807526019]
2005-04-01T00:00:00.000Z,2,174.0,3.77157,-70.34153,[0.3073454884328414,0.9515234863289812,0.011908220031530754]
2005-04-01T00:00:00.000Z,2,118.0,4.27157,-70.34153,[0.3073262957705234,0.951464066979591,0.016330253354596078]
2005-04-01T00:00:00.000Z,2,116.0,4.77157,-70.34153,[0.3072981723967006,0.9513769986746561,0.0212047078369679]
2005-04-01T00:00:00.000Z,4,124.0,5.27157,-70.34153,[0.33468313591070636,0.9418939682058449,0.028687125935203398]
2005-04-01T00:00:00.000Z,4,105.0,5.77157,-70.34153,[0.35091172005617105,0.9357645868164562,0.03472179124766324]
2005-04-01T00:00:00.000Z,4,104.0,6.27157,-70.34153,[0.3665772707834821,0.9297617283193509,0.034120860152510965]
2005-04-01T00:00:00.000Z,4,109.0,6.77157,-70.34153,[0.373004363847577,0.9273660218417346,0.029325860330085364]
2005-04-01T00:00:00.000Z,8,140.0,-3.72843,-69.84153,[0.268238042470201,0.9629848497876564,0.026618257854322626]
2005-04-01T00:00:00.000Z,8,128.0,-3.22843,-69.84153,[0.27218990107277086,0.9620146885243732,0.020985633594160193]
2005-04-01T00:00:00.000Z,8,61.0,-2.72843,-69.84153,[0.2764980753575722,0.9609096611285969,0.014192866986035075]
2005-04-01T00:00:00.000Z,8,111.0,-2.22843,-69.84153,[0.2755459025857604,0.9612555532953626,0.007887764386996957]
2005-04-01T00:00:00.000Z,8,145.0,-1.72843,-69.84153,[0.2747210312425952,0.9615236093490834,8.388428434888405E-4]
2005-04-01T00:00:00.000Z,8,68.0,-1.22843,-69.84153,[0.27652518831029493,0.9610038863711391,0.002313138457348475]
2005-04-01T00:00:00.000Z,8,122.0,-0.72843,-69.84153,[0.278056594403172,0.9605591443018671,0.003265058494885732]
2005-04-01T00:00:00.000Z,2,188.0,0.77157,-69.84153,[0.28982728562659,0.95707890962512,3.244335286864813E-4]
2005-04-01T00:00:00.000Z,2,195.0,1.77157,-69.84153,[0.29594706303403534,0.9552022743449275,0.0019877041547062073]
2005-04-01T00:00:00.000Z,2,182.0,2.27157,-69.84153,[0.30375759637032346,0.9527452284678041,0.0028021918484347178]
2005-04-01T00:00:00.000Z,2,180.0,2.77157,-69.84153,[0.3027840334455844,0.9530434705870239,0.005474692855658167]
2005-04-01T00:00:00.000Z,2,198.0,3.27157,-69.84153,[0.3027770733199893,0.9530215628854276,0.008714616870464638]
2005-04-01T00:00:00.000Z,2,149.0,3.77157,-69.84153,[0.30110911868951595,0.9535122091834671,0.01215588664339157]
2005-04-01T00:00:00.000Z,2,188.0,4.27157,-69.84153,[0.3020536672738075,0.9531471278417927,0.01655701583574945]
2005-04-01T00:00:00.000Z,2,143.0,4.77157,-69.84153,[0.30298832393401226,0.9527299519258386,0.022443579550667576]
2005-04-01T00:00:00.000Z,4,100.0,5.27157,-69.84153,[0.31886437842263987,0.9473170806228974,0.03026312827938509]
2005-04-01T00:00:00.000Z,4,112.0,5.77157,-69.84153,[0.33763316741898075,0.9405495378100178,0.03701906514200967]
2005-04-01T00:00:00.000Z,4,98.0,6.27157,-69.84153,[0.3616113794103546,0.9316515400086219,0.03553334040733693]
2005-04-01T00:00:00.000Z,2,169.0,0.77157,-69.34153,[0.29324309192733017,0.9560378870641955,2.1802460366344251E-4]
2005-04-01T00:00:00.000Z,2,182.0,1.77157,-69.34153,[0.29922084411325894,0.9541820251167257,0.001883983092564964]
2005-04-01T00:00:00.000Z,2,167.0,2.27157,-69.34153,[0.3018231431967396,0.9533601866288157,0.0026729724858751843]
2005-04-01T00:00:00.000Z,2,128.0,2.77157,-69.34153,[0.3018205974074861,0.953352145316635,0.00490040822359018]
2005-04-01T00:00:00.000Z,2,182.0,3.27157,-69.34153,[0.30117437180944745,0.9535336199723465,0.008223949636125133]
2005-04-01T00:00:00.000Z,2,123.0,3.77157,-69.34153,[0.299199945190003,0.9541153807725649,0.01196799780760012]
2005-04-01T00:00:00.000Z,2,172.0,4.27157,-69.34153,[0.2985487471583019,0.9542502548059796,0.016586041508794547]
2005-04-01T00:00:00.000Z,2,142.0,4.77157,-69.34153,[0.30174326607389906,0.9531078810304708,0.02315963075401144]
2005-04-01T00:00:00.000Z,4,117.0,5.27157,-69.34153,[0.3181516876167436,0.9475135714840475,0.03158378571613491]
2005-04-01T00:00:00.000Z,4,83.0,5.77157,-69.34153,[0.34511110892674574,0.937775416129567,0.03841342731870138]
2005-04-01T00:00:00.000Z,2,139.0,1.77157,-68.84153,[0.2940857850956007,0.9557788015607022,6.584010114080612E-4]
2005-04-01T00:00:00.000Z,2,178.0,2.27157,-68.84153,[0.2975815039277424,0.9546945646455083,0.0018806266047478148]
2005-04-01T00:00:00.000Z,2,155.0,2.77157,-68.84153,[0.30118214641850777,0.9535582347862718,0.004000943642459881]
2005-04-01T00:00:00.000Z,2,154.0,3.27157,-68.84153,[0.3028278179203529,0.9530169563964046,0.007348027934832093]
2005-04-01T00:00:00.000Z,2,118.0,3.77157,-68.84153,[0.30089926988379356,0.9535851861758459,0.011615596815367033]
2005-04-01T00:00:00.000Z,2,168.0,4.27157,-68.84153,[0.3054617022922026,0.952059466268398,0.016610873591802258]
2005-04-01T00:00:00.000Z,2,130.0,4.77157,-68.84153,[0.307050335456474,0.9514077912501695,0.023308930574798027]
2005-04-01T00:00:00.000Z,4,118.0,5.27157,-68.84153,[0.32449268017067806,0.9453631512553691,0.03151210504184564]
2005-04-01T00:00:00.000Z,4,76.0,5.77157,-68.84153,[0.35755079400323564,0.9331203648377127,0.037997558247730615]
2005-04-01T00:00:00.000Z,2,140.0,1.77157,-68.34153,[0.2924689026833847,0.9562747267512915,7.667724040388363E-4]
2005-04-01T00:00:00.000Z,2,115.0,2.27157,-68.34153,[0.28894785561415776,0.9573442159593605,0.0010903692664685199]
2005-04-01T00:00:00.000Z,2,126.0,2.77157,-68.34153,[0.29664048660872055,0.9549838713871821,0.0031979829411349055]
2005-04-01T00:00:00.000Z,2,132.0,3.27157,-68.34153,[0.30117808234321264,0.953545367713935,0.006557013600830089]
2005-04-01T00:00:00.000Z,2,110.0,3.77157,-68.34153,[0.3081001938161602,0.9512874597389472,0.011244532621027746]
2005-04-01T00:00:00.000Z,2,121.0,4.27157,-68.34153,[0.31686778139717464,0.9483237198649256,0.016641257584168165]
2005-04-01T00:00:00.000Z,4,109.0,4.77157,-68.34153,[0.32237427888904807,0.9463244960936574,0.02334035997691316]
2005-04-01T00:00:00.000Z,4,89.0,5.27157,-68.34153,[0.34215214957595924,0.9390984530914627,0.03203126506668555]
2005-04-01T00:00:00.000Z,4,65.0,5.77157,-68.34153,[0.3671163778556983,0.9292633314472363,0.041173121544232825]
2005-04-01T00:00:00.000Z,2,136.0,2.27157,-67.84153,[0.2959475592563676,0.9552038759580522,7.72997356266632E-4]
2005-04-01T00:00:00.000Z,2,120.0,2.77157,-67.84153,[0.29758070274023335,0.9546919942930162,0.0029868695070581043]
2005-04-01T00:00:00.000Z,2,103.0,3.27157,-67.84153,[0.30643751279238424,0.9518645086005195,0.007071634910593483]
2005-04-01T00:00:00.000Z,2,95.0,3.77157,-67.84153,[0.31346934344746097,0.9495271385153999,0.011626862920596734]
2005-04-01T00:00:00.000Z,4,110.0,4.27157,-67.84153,[0.32177376246010586,0.9466677359333548,0.01678819630226639]
2005-04-01T00:00:00.000Z,4,101.0,4.77157,-67.84153,[0.3347995647608487,0.9419987754023881,0.02339996958005932]
2005-04-01T00:00:00.000Z,4,80.0,5.77157,-67.84153,[0.3805246758542467,0.9237564544875507,0.04330108380410393]
2005-04-01T00:00:00.000Z,3,54.0,6.27157,-67.84153,[0.3885421040838915,0.9203010929495588,0.04561722996752855]
2005-04-01T00:00:00.000Z,2,114.0,2.27157,-67.34153,[0.3027884785013468,0.9530574618511027,7.821104610735897E-4]
