2009-11-01T00:00:00.000Z,2,10.0,1.77157,-78.84153,[0.30362197709557687,0.952744824679224,0.009539081272734598]
2009-11-01T00:00:00.000Z,2,235.0,1.27157,-78.34153,[0.3194589113621935,0.9475679739277094,0.007806326781406985]
2009-11-01T00:00:00.000Z,2,57.0,1.77157,-78.34153,[0.3141007599777981,0.9493607239778394,0.007411366246667148]
2009-11-01T00:00:00.000Z,2,1772.0,1.27157,-77.84153,[0.28864804664741606,0.9574087473161207,0.007127112262899161]
2009-11-01T00:00:00.000Z,2,528.0,1.77157,-77.84153,[0.31871780429651037,0.9478286941205925,0.006303001353625019]
2009-11-01T00:00:00.000Z,2,116.0,2.27157,-77.84153,[0.3130910175171105,0.9497094198019018,0.005102223989167726]
2009-11-01T00:00:00.000Z,0,167.0,7.27157,-77.84153,[0.2707468178710693,0.9608210243961117,0.05932216863110014]
2009-11-01T00:00:00.000Z,1,2201.0,0.77157,-77.34153,[0.20267829972012757,0.9792189945780582,0.0071880094668184775]
2009-11-01T00:00:00.000Z,8,2447.0,1.27157,-77.34153,[0.24782738864514167,0.968779791976463,0.006877506479147473]
2009-11-01T00:00:00.000Z,1,1706.0,1.77157,-77.34153,[0.2297424875917324,0.9732307388936202,0.006349666742485068]
2009-11-01T00:00:00.000Z,2,2096.0,2.27157,-77.34153,[0.30112641447695826,0.9535669791770345,0.005735741228132539]
2009-11-01T00:00:00.000Z,2,57.0,2.77157,-77.34153,[0.31551761165674647,0.9489074440124539,0.004826948536539778]
2009-11-01T00:00:00.000Z,2,74.0,3.27157,-77.34153,[0.3059326923243668,0.952044273875082,0.004109543628237763]
2009-11-01T00:00:00.000Z,2,28.0,4.27157,-77.34153,[0.2891271226988508,0.9572598369505024,0.007688399142928243]
2009-11-01T00:00:00.000Z,8,14.0,5.27157,-77.34153,[0.2748555296831447,0.961463744760344,0.006473431394081787]
2009-11-01T00:00:00.000Z,0,499.0,6.27157,-77.34153,[0.2882339577476076,0.957112760459613,0.02926344761865024]
2009-11-01T00:00:00.000Z,0,695.0,6.77157,-77.34153,[0.298391354309008,0.9535062073784089,0.04229080472725413]
2009-11-01T00:00:00.000Z,0,345.0,7.27157,-77.34153,[0.29773806818236065,0.9529873773261165,0.05627700606931741]
2009-11-01T00:00:00.000Z,2,279.0,0.27157,-76.84153,[0.3031862746706318,0.9528711489648428,0.010707769224478664]
2009-11-01T00:00:00.000Z,1,485.0,0.77157,-76.84153,[0.21853083239852766,0.9757927542928909,0.008530882762081561]
2009-11-01T00:00:00.000Z,11,3335.0,1.27157,-76.84153,[0.17806719276794747,0.9839946821137876,0.006822054787862922]
2009-11-01T00:00:00.000Z,1,2008.0,1.77157,-76.84153,[0.18449584920075307,0.9828175111511815,0.00556968601360764]
2009-11-01T00:00:00.000Z,1,1013.0,2.27157,-76.84153,[0.22897082858484402,0.9734195738299266,0.005166521260375968]
2009-11-01T00:00:00.000Z,8,2856.0,2.77157,-76.84153,[0.27074289351423386,0.9626413991617203,0.004452216471122957]
2009-11-01T00:00:00.000Z,8,1911.0,3.27157,-76.84153,[0.28009046359278494,0.9599681700915108,0.0032318130414552113]
2009-11-01T00:00:00.000Z,2,794.0,3.77157,-76.84153,[0.2993394831374656,0.9541446025006716,0.0019878012552097327]
2009-11-01T00:00:00.000Z,2,70.0,4.27157,-76.84153,[0.30325046630090513,0.9529106412976008,6.814617220245059E-4]
2009-11-01T00:00:00.000Z,2,24.0,4.77157,-76.84153,[0.3010777844484616,0.953599525465016,3.3577448079754083E-4]
2009-11-01T00:00:00.000Z,2,133.0,5.27157,-76.84153,[0.30204092146966616,0.9532815699916231,0.005052729169566906]
2009-11-01T00:00:00.000Z,2,76.0,5.77157,-76.84153,[0.2962659932034402,0.9550089402126045,0.013578858021824342]
2009-11-01T00:00:00.000Z,2,38.0,6.27157,-76.84153,[0.28973266340087206,0.9567915861145077,0.024593586544492625]
2009-11-01T00:00:00.000Z,0,20.0,6.77157,-76.84153,[0.3111478330326849,0.9495770904404903,0.03860537928368498]
2009-11-01T00:00:00.000Z,0,15.0,7.27157,-76.84153,[0.3072072232265834,0.950172526856942,0.052876187492159145]
2009-11-01T00:00:00.000Z,5,8.0,7.77157,-76.84153,[0.3155000224383572,0.9465000673150715,0.06780382300402513]
2009-11-01T00:00:00.000Z,2,294.0,0.77157,-76.34153,[0.28743346417047866,0.957713990576325,0.01288083573876004]
2009-11-01T00:00:00.000Z,1,1412.0,1.27157,-76.34153,[0.21022872695202147,0.9776210198697828,0.007811777832096973]
2009-11-01T00:00:00.000Z,11,2388.0,1.77157,-76.34153,[0.16304487087900882,0.9865999850999878,0.0060695535874667516]
2009-11-01T00:00:00.000Z,11,3852.0,2.27157,-76.34153,[0.17113851600329025,0.9852349289356085,0.0048726938584270135]
2009-11-01T00:00:00.000Z,1,2450.0,2.77157,-76.34153,[0.23745075287731704,0.9713894435890241,0.00443721103861653]
2009-11-01T00:00:00.000Z,1,990.0,3.27157,-76.34153,[0.2416892895269002,0.9703466030015646,0.003709093057095993]
2009-11-01T00:00:00.000Z,8,962.0,3.77157,-76.34153,[0.26362350467190115,0.9646223693676383,0.0025164061809590564]
2009-11-01T00:00:00.000Z,1,1899.0,4.27157,-76.34153,[0.22420118149496882,0.9745428240861711,3.3799173089693797E-4]
2009-11-01T00:00:00.000Z,8,1358.0,4.77157,-76.34153,[0.25673906362298005,0.9664799417273959,0.0012551687554901245]
2009-11-01T00:00:00.000Z,1,407.0,5.27157,-76.34153,[0.23882119847742486,0.9710560051299068,0.0038301512963360594]
2009-11-01T00:00:00.000Z,1,480.0,5.77157,-76.34153,[0.2320710609829152,0.9726507702960417,0.0096696275409548]
2009-11-01T00:00:00.000Z,1,1095.0,6.27157,-76.34153,[0.23366963945122107,0.9721110728626041,0.019964008030783933]
2009-11-01T00:00:00.000Z,8,1485.0,6.77157,-76.34153,[0.2584273786139924,0.9654667867700234,0.03300263060221981]
2009-11-01T00:00:00.000Z,0,827.0,7.27157,-76.34153,[0.292615030622196,0.9549684332708879,0.04910942180597321]
2009-11-01T00:00:00.000Z,0,201.0,7.77157,-76.34153,[0.30530091893593275,0.9500782328080893,0.06436381313388136]
2009-11-01T00:00:00.000Z,9,165.0,8.27157,-76.34153,[0.3055949460481243,0.9492473049406938,0.07443979455018412]
2009-11-01T00:00:00.000Z,5,99.0,8.77157,-76.34153,[0.31410972417101196,0.9457310828831191,0.08323340705470136]
2009-11-01T00:00:00.000Z,4,267.0,0.27157,-75.84153,[0.3262678477925869,0.9449683591622332,0.024167988725376805]
2009-11-01T00:00:00.000Z,2,241.0,0.77157,-75.84153,[0.3147545172497223,0.949032559586284,0.016333851842125744]
2009-11-01T00:00:00.000Z,8,250.0,1.27157,-75.84153,[0.2548838594862971,0.9669217972255398,0.009821212934334383]
2009-11-01T00:00:00.000Z,8,1712.0,1.77157,-75.84153,[0.26719931963690147,0.9636102160661106,0.007737898849213436]
2009-11-01T00:00:00.000Z,1,1262.0,2.27157,-75.84153,[0.2338210536908478,0.9722661161124538,0.005129747606482885]
2009-11-01T00:00:00.000Z,1,2705.0,2.77157,-75.84153,[0.19012737213610853,0.9817486124846332,0.004609148415420813]
2009-11-01T00:00:00.000Z,11,1867.0,3.27157,-75.84153,[0.16403276347817544,0.9864436050262879,0.004718750730194088]
2009-11-01T00:00:00.000Z,1,3782.0,3.77157,-75.84153,[0.18884551235111727,0.9819966642258097,0.004463621201026408]
2009-11-01T00:00:00.000Z,1,2035.0,4.27157,-75.84153,[0.24086811619712664,0.9705568211472457,0.0014168712717478038]
2009-11-01T00:00:00.000Z,1,1185.0,4.77157,-75.84153,[0.2419880872831137,0.9702791576640232,3.490212797352601E-4]
2009-11-01T00:00:00.000Z,8,1530.0,5.27157,-75.84153,[0.26005914644782674,0.9655899789405419,0.002287557306716994]
2009-11-01T00:00:00.000Z,8,1704.0,5.77157,-75.84153,[0.254428396870418,0.9670749259686275,0.005681410803902538]
2009-11-01T00:00:00.000Z,1,488.0,6.27157,-75.84153,[0.20810698779105444,0.9779891229524962,0.015124715506125814]
2009-11-01T00:00:00.000Z,1,896.0,6.77157,-75.84153,[0.2149836311776279,0.9762011823882082,0.028518236788869007]
2009-11-01T00:00:00.000Z,0,2421.0,7.27157,-75.84153,[0.2629442886236061,0.9637668760708206,0.04487437652956583]
2009-11-01T00:00:00.000Z,5,131.0,7.77157,-75.84153,[0.31288283489099156,0.9477505507788944,0.06223524024922632]
2009-11-01T00:00:00.000Z,9,43.0,8.27157,-75.84153,[0.30733930824742733,0.9488402643711484,0.07242031699793924]
2009-11-01T00:00:00.000Z,5,10.0,8.77157,-75.84153,[0.31151444752242535,0.946825274190024,0.08050247909092068]
2009-11-01T00:00:00.000Z,7,155.0,9.27157,-75.84153,[0.3174442003992309,0.9443394019070644,0.08632655233878364]
2009-11-01T00:00:00.000Z,4,228.0,0.27157,-75.34153,[0.32762167621200783,0.9443213020228463,0.0303531847078772]
2009-11-01T00:00:00.000Z,2,189.0,0.77157,-75.34153,[0.3168405351536914,0.9481482681190991,0.025038708957838534]
2009-11-01T00:00:00.000Z,2,244.0,1.27157,-75.34153,[0.3058326528880604,0.9518744971671026,0.020033224162047364]
2009-11-01T00:00:00.000Z,1,1357.0,1.77157,-75.34153,[0.23548392765971418,0.9718019648786252,0.012176242113136442]
2009-11-01T00:00:00.000Z,8,2437.0,2.27157,-75.34153,[0.27487496195527794,0.9614569153854217,0.006659966038564003]
2009-11-01T00:00:00.000Z,2,485.0,2.77157,-75.34153,[0.30588600122032267,0.9520548230753015,0.005036677128527401]
2009-11-01T00:00:00.000Z,2,694.0,3.27157,-75.34153,[0.30499105505964774,0.9523436106605602,0.004701443141235676]
2009-11-01T00:00:00.000Z,8,442.0,3.77157,-75.34153,[0.248179144243678,0.9686992404350013,0.0053753086541257445]
2009-11-01T00:00:00.000Z,11,2270.0,4.27157,-75.34153,[0.14058609122187712,0.9900596763167786,0.004169926434547203]
2009-11-01T00:00:00.000Z,11,4229.0,4.77157,-75.34153,[0.17340442231036624,0.9848481933781056,0.0022231336193636697]
2009-11-01T00:00:00.000Z,1,3209.0,5.27157,-75.34153,[0.1961159844093445,0.9805799220467226,0.001239813694541833]
2009-11-01T00:00:00.000Z,1,1992.0,5.77157,-75.34153,[0.214407245175667,0.976744116911372,6.806579211925938E-4]
2009-11-01T00:00:00.000Z,1,2185.0,6.27157,-75.34153,[0.2175049270635867,0.9760119569756887,0.009605547540371595]
2009-11-01T00:00:00.000Z,1,2092.0,6.77157,-75.34153,[0.24197072997703473,0.9699870132122871,0.023986663667288657]
2009-11-01T00:00:00.000Z,0,869.0,7.27157,-75.34153,[0.2954953799293713,0.9543406344385622,0.043777093322869824]
2009-11-01T00:00:00.000Z,0,83.0,7.77157,-75.34153,[0.3057193208458834,0.9502683582971321,0.059377976395337644]
2009-11-01T00:00:00.000Z,9,30.0,8.27157,-75.34153,[0.3071452544905239,0.9490567395948202,0.0703782471620373]
2009-11-01T00:00:00.000Z,9,74.0,8.77157,-75.34153,[0.3078657232491861,0.9481371911659716,0.07908579629843222]
2009-11-01T00:00:00.000Z,9,180.0,9.27157,-75.34153,[0.29989992493517736,0.9504181444636871,0.08225196470648614]
2009-11-01T00:00:00.000Z,7,136.0,9.77157,-75.34153,[0.3146979659540316,0.9452178191690733,0.08676672489875442]
2009-11-01T00:00:00.000Z,7,79.0,10.27157,-75.34153,[0.3146489761253326,0.9450666756219955,0.08857200715841214]
2009-11-01T00:00:00.000Z,2,205.0,0.27157,-74.84153,[0.3146390243873241,0.948613178003574,0.03369455223849329]
2009-11-01T00:00:00.000Z,2,239.0,0.77157,-74.84153,[0.3084046366253769,0.9508173136714452,0.028862018823808858]
2009-11-01T00:00:00.000Z,2,226.0,1.27157,-74.84153,[0.3059999765941371,0.9517413720684567,0.02350265979924551]
2009-11-01T00:00:00.000Z,2,258.0,1.77157,-74.84153,[0.297176499673127,0.9547087548554001,0.014741826361737797]
2009-11-01T00:00:00.000Z,1,576.0,2.27157,-74.84153,[0.21894289702335246,0.9756993718630426,0.008645437472204174]
2009-11-01T00:00:00.000Z,1,1998.0,2.77157,-74.84153,[0.23311026737057108,0.9724354780997843,0.005370677728635706]
2009-11-01T00:00:00.000Z,1,2106.0,3.27157,-74.84153,[0.23027066584191924,0.97311497728388,0.004760403188078138]
2009-11-01T00:00:00.000Z,2,361.0,3.77157,-74.84153,[0.3053815406315736,0.9522133077960878,0.005650760791214157]
2009-11-01T00:00:00.000Z,2,289.0,4.27157,-74.84153,[0.2886521195358446,0.9574222565674514,0.00475147521869703]
2009-11-01T00:00:00.000Z,2,277.0,4.77157,-74.84153,[0.29474082361792286,0.9555684638723929,0.004093622550248929]
2009-11-01T00:00:00.000Z,2,325.0,5.27157,-74.84153,[0.30107387881589104,0.9535914108503317,0.004235640120223563]
2009-11-01T00:00:00.000Z,8,379.0,5.77157,-74.84153,[0.27486271106117455,0.9614719534331125,0.004708803416585859]
2009-11-01T00:00:00.000Z,8,978.0,6.27157,-74.84153,[0.24920639113133336,0.9684349630040423,0.005467819552248665]
2009-11-01T00:00:00.000Z,8,1143.0,6.77157,-74.84153,[0.2586404491421395,0.9657300641355693,0.02169242476676009]
2009-11-01T00:00:00.000Z,0,322.0,7.27157,-74.84153,[0.28203730180152564,0.9585027098818767,0.04156339184443535]
2009-11-01T00:00:00.000Z,5,55.0,7.77157,-74.84153,[0.31099806658148776,0.9485441030735378,0.059533915602741946]
2009-11-01T00:00:00.000Z,5,27.0,8.27157,-74.84153,[0.3161031980271181,0.94606772742868,0.07095507955715098]
2009-11-01T00:00:00.000Z,5,14.0,8.77157,-74.84153,[0.3282537231397809,0.9411470383727983,0.08057136840703713]
2009-11-01T00:00:00.000Z,5,48.0,9.27157,-74.84153,[0.33275486670566073,0.9391339443609241,0.08544959469061741]
2009-11-01T00:00:00.000Z,5,15.0,9.77157,-74.84153,[0.3211781691104261,0.9430337731327406,0.08678644144047686]
2009-11-01T00:00:00.000Z,5,5.0,10.27157,-74.84153,[0.32628889819116047,0.941085874782926,0.08884217017415456]
2009-11-01T00:00:00.000Z,4,171.0,-0.72843,-74.34153,[0.3302836049915325,0.9429836258453899,0.04116578265111854]
2009-11-01T00:00:00.000Z,0,219.0,-0.22843,-74.34153,[0.3152806041660128,0.9481859062093099,0.039263569663797133]
2009-11-01T00:00:00.000Z,0,201.0,0.27157,-74.34153,[0.3080200974909078,0.9506936091730649,0.03612867308915911]
2009-11-01T00:00:00.000Z,0,242.0,0.77157,-74.34153,[0.30026814472095625,0.953322816889728,0.03185354082781247]
2009-11-01T00:00:00.000Z,2,251.0,1.27157,-74.34153,[0.30098372401515505,0.9533058635156813,0.024834018293265644]
2009-11-01T00:00:00.000Z,2,298.0,1.77157,-74.34153,[0.3023218024784931,0.9531214078138751,0.012692900104058871]
2009-11-01T00:00:00.000Z,2,313.0,2.27157,-74.34153,[0.3020755019607748,0.9532421482108496,0.0089329720424198]
2009-11-01T00:00:00.000Z,8,364.0,2.77157,-74.34153,[0.2610774433049454,0.965299494324864,0.005954397829761913]
2009-11-01T00:00:00.000Z,11,899.0,3.27157,-74.34153,[0.1457458846548352,0.9893053988691846,0.00574150454700866]
2009-11-01T00:00:00.000Z,11,3444.0,3.77157,-74.34153,[0.1412613130739163,0.9899592820220053,0.005085407270660987]
2009-11-01T00:00:00.000Z,11,2263.0,4.27157,-74.34153,[0.16492875608878094,0.986295806279266,0.004368973671225985]
2009-11-01T00:00:00.000Z,1,2655.0,4.77157,-74.34153,[0.1938844015058655,0.9810129228367434,0.004741738080306494]
2009-11-01T00:00:00.000Z,8,1104.0,5.27157,-74.34153,[0.26008609128474103,0.9655696138946009,0.005526829439800747]
2009-11-01T00:00:00.000Z,2,744.0,5.77157,-74.34153,[0.2908499030367313,0.9567431020945107,0.006997892403891279]
2009-11-01T00:00:00.000Z,2,119.0,6.27157,-74.34153,[0.3046147189194375,0.9524728348821541,0.0023177206874305024]
2009-11-01T00:00:00.000Z,8,97.0,6.77157,-74.34153,[0.2650322622802059,0.9640416552264061,0.019534250407106806]
2009-11-01T00:00:00.000Z,8,575.0,7.27157,-74.34153,[0.2513059912248833,0.9671160891810059,0.03913781830551461]
2009-11-01T00:00:00.000Z,0,1234.0,7.77157,-74.34153,[0.2918911783238103,0.9546816734650937,0.05815876861339076]
2009-11-01T00:00:00.000Z,5,715.0,8.27157,-74.34153,[0.32395501216008,0.9433478699168528,0.07174919107348252]
2009-11-01T00:00:00.000Z,5,14.0,8.77157,-74.34153,[0.3422109968635061,0.9360823144445045,0.08149560853141227]
2009-11-01T00:00:00.000Z,5,37.0,9.27157,-74.34153,[0.3300588365375733,0.9402028125313269,0.08414175973704334]
2009-11-01T00:00:00.000Z,5,95.0,9.77157,-74.34153,[0.3236614573126486,0.9422909803322145,0.08562108055150208]
2009-11-01T00:00:00.000Z,7,119.0,10.27157,-74.34153,[0.31573202850693716,0.9449246320783156,0.08620165814272134]
2009-11-01T00:00:00.000Z,9,5.0,10.77157,-74.34153,[0.2852714093441335,0.9546484170965097,0.08524448806779421]
2009-11-01T00:00:00.000Z,4,156.0,-1.22843,-73.84153,[0.3265747420492445,0.9442269715771634,0.042241732938978364]
2009-11-01T00:00:00.000Z,0,195.0,-0.72843,-73.84153,[0.31280262374621903,0.9488346253635311,0.04321310320642211]
2009-11-01T00:00:00.000Z,0,174.0,-0.22843,-73.84153,[0.30185383604718646,0.9524403235882816,0.04173357960500874]
2009-11-01T00:00:00.000Z,0,241.0,0.27157,-73.84153,[0.29657891985578333,0.9542596543451349,0.037808152378561694]
2009-11-01T00:00:00.000Z,0,232.0,0.77157,-73.84153,[0.2956669493750869,0.9547108365317692,0.03329074429986666]
2009-11-01T00:00:00.000Z,2,267.0,1.27157,-73.84153,[0.2931169371827557,0.9557184426916671,0.026167144200606163]
2009-11-01T00:00:00.000Z,8,265.0,1.77157,-73.84153,[0.27718181210852333,0.9606743126492195,0.01658638152777911]
2009-11-01T00:00:00.000Z,8,554.0,2.27157,-73.84153,[0.2583381141796588,0.9660079055863311,0.00949447770061994]
2009-11-01T00:00:00.000Z,2,995.0,2.77157,-73.84153,[0.28955204766373527,0.9571303797773472,0.007813309222672224]
2009-11-01T00:00:00.000Z,8,363.0,3.27157,-73.84153,[0.27139807250120396,0.9624368621471266,0.007640197839319607]
2009-11-01T00:00:00.000Z,1,545.0,3.77157,-73.84153,[0.2001501411216752,0.9797404698000233,0.006966551873295877]
2009-11-01T00:00:00.000Z,11,1499.0,4.27157,-73.84153,[0.14899891332711293,0.9888109702617495,0.007224189737072143]
2009-11-01T00:00:00.000Z,11,3610.0,4.77157,-73.84153,[0.14204241218934205,0.9898231085635254,0.008612020266597905]
2009-11-01T00:00:00.000Z,11,2585.0,5.27157,-73.84153,[0.16972121327511833,0.9854437945786559,0.009758969763319305]
2009-11-01T00:00:00.000Z,8,2622.0,5.77157,-73.84153,[0.25019777549982014,0.9681566095427823,0.008593749680211213]
2009-11-01T00:00:00.000Z,2,616.0,6.27157,-73.84153,[0.303756033606261,0.9527403268093058,0.004259309696323955]
2009-11-01T00:00:00.000Z,4,101.0,6.77157,-73.84153,[0.33135644702414435,0.9432690495425992,0.02112830306809004]
2009-11-01T00:00:00.000Z,4,89.0,7.27157,-73.84153,[0.3318136097793883,0.9424428222206236,0.04124627510452118]
2009-11-01T00:00:00.000Z,5,59.0,7.77157,-73.84153,[0.3269683598410939,0.9431779610800786,0.05922014349569463]
2009-11-01T00:00:00.000Z,5,38.0,8.27157,-73.84153,[0.3377406419397746,0.9384281504416574,0.07269020044516948]
2009-11-01T00:00:00.000Z,5,29.0,8.77157,-73.84153,[0.34308759155204455,0.9358009824747144,0.08103965524591396]
2009-11-01T00:00:00.000Z,5,52.0,9.27157,-73.84153,[0.336586261014351,0.9379694056938384,0.08320506522277839]
2009-11-01T00:00:00.000Z,9,46.0,9.77157,-73.84153,[0.2832394641390651,0.9556544124692079,0.08062288683958428]
2009-11-01T00:00:00.000Z,11,931.0,10.27157,-73.84153,[0.14525286747108265,0.9864655172136837,0.07607488310715696]
2009-11-01T00:00:00.000Z,9,2665.0,10.77157,-73.84153,[0.28322925078551275,0.9556199524534822,0.08106600996892432]
2009-11-01T00:00:00.000Z,4,139.0,-1.72843,-73.34153,[0.3181011372037335,0.947337693278272,0.0369183071645209]
2009-11-01T00:00:00.000Z,0,199.0,-1.22843,-73.34153,[0.31456241359916787,0.9483131586445501,0.0418645565157716]
2009-11-01T00:00:00.000Z,0,223.0,-0.72843,-73.34153,[0.3100637306008274,0.9497137229884602,0.043638599121597926]
2009-11-01T00:00:00.000Z,0,171.0,-0.22843,-73.34153,[0.29794491168806037,0.9536494332439812,0.04220886248914189]
2009-11-01T00:00:00.000Z,0,209.0,0.27157,-73.34153,[0.2937095408011688,0.9551165219946406,0.03856339008992445]
2009-11-01T00:00:00.000Z,0,237.0,0.77157,-73.34153,[0.2852500279929743,0.9578629344666802,0.033630645323685295]
2009-11-01T00:00:00.000Z,0,249.0,1.27157,-73.34153,[0.28530416012997223,0.958044708918934,0.02742028309420356]
2009-11-01T00:00:00.000Z,2,294.0,1.77157,-73.34153,[0.29576779192618724,0.9550364578990627,0.020658590046752776]
2009-11-01T00:00:00.000Z,2,229.0,2.27157,-73.34153,[0.300124773046355,0.9538056234314085,0.013414667886162836]
2009-11-01T00:00:00.000Z,2,267.0,2.77157,-73.34153,[0.3010645776088434,0.9535619511337132,0.00892891142718243]
2009-11-01T00:00:00.000Z,2,234.0,3.27157,-73.34153,[0.30506027690436444,0.952298430944803,0.008119475050686506]
2009-11-01T00:00:00.000Z,2,256.0,3.77157,-73.34153,[0.3033381664531138,0.9528523320263841,0.007641343124391416]
2009-11-01T00:00:00.000Z,1,300.0,4.27157,-73.34153,[0.23340759232208907,0.9723472684887028,0.007853999552070294]
2009-11-01T00:00:00.000Z,11,1229.0,4.77157,-73.34153,[0.17452841060023402,0.9846036748956599,0.009769200341774106]
2009-11-01T00:00:00.000Z,11,2684.0,5.27157,-73.34153,[0.15401839030791553,0.987999451901147,0.011636945045486952]
2009-11-01T00:00:00.000Z,1,3515.0,5.77157,-73.34153,[0.22682745157234982,0.9738909985419795,0.009253657228324719]
2009-11-01T00:00:00.000Z,1,1301.0,6.27157,-73.34153,[0.23572609523046328,0.9718141850538912,0.003224555076265771]
2009-11-01T00:00:00.000Z,2,1945.0,6.77157,-73.34153,[0.29535595479543836,0.9552919162914959,0.013498690121510268]
2009-11-01T00:00:00.000Z,8,351.0,7.27157,-73.34153,[0.24757172413196793,0.9682805210494746,0.03377978635933963]
2009-11-01T00:00:00.000Z,6,325.0,7.77157,-73.34153,[0.2562763232152109,0.9647379811701494,0.06002560992640717]
2009-11-01T00:00:00.000Z,9,1339.0,8.27157,-73.34153,[0.2733053563995854,0.9594038652035238,0.06963049329018482]
2009-11-01T00:00:00.000Z,9,1230.0,8.77157,-73.34153,[0.277032698150042,0.9578377498790928,0.07615595224448524]
2009-11-01T00:00:00.000Z,9,809.0,9.27157,-73.34153,[0.29134158472671756,0.9533784932107761,0.0786735641246467]
2009-11-01T00:00:00.000Z,9,74.0,9.77157,-73.34153,[0.2874771686710143,0.9544696509235258,0.07965276491635613]
2009-11-01T00:00:00.000Z,6,99.0,10.27157,-73.34153,[0.23506057663344432,0.9690906500297,0.07489884737274748]
2009-11-01T00:00:00.000Z,9,1426.0,10.77157,-73.34153,[0.2975368157261144,0.9514390191089818,0.07896604462997257]
2009-11-01T00:00:00.000Z,2,146.0,-2.22843,-72.84153,[0.31265816000639723,0.9494271598729059,0.028860753231359747]
2009-11-01T00:00:00.000Z,0,165.0,-1.72843,-72.84153,[0.31257843532007956,0.9491850654957726,0.03663923051370896]
2009-11-01T00:00:00.000Z,0,168.0,-1.22843,-72.84153,[0.3081085964886442,0.9504752275443046,0.040815862044067626]
2009-11-01T00:00:00.000Z,0,178.0,-0.72843,-72.84153,[0.30367657632939216,0.9518221049130201,0.04260537041039233]
2009-11-01T00:00:00.000Z,0,191.0,-0.22843,-72.84153,[0.29936308843668036,0.9532350973904822,0.04152818783200565]
2009-11-01T00:00:00.000Z,0,247.0,0.27157,-72.84153,[0.28948802717468136,0.956423905165582,0.03807880972836193]
2009-11-01T00:00:00.000Z,0,264.0,0.77157,-72.84153,[0.281833571945862,0.9588946920501789,0.033027371712405704]
2009-11-01T00:00:00.000Z,8,246.0,1.27157,-72.84153,[0.2818814042519549,0.959057433997862,0.02741737096044405]
2009-11-01T00:00:00.000Z,2,259.0,1.77157,-72.84153,[0.28697482341834735,0.9576950502449497,0.021578727032232316]
2009-11-01T00:00:00.000Z,2,271.0,2.27157,-72.84153,[0.3015306074230485,0.9533354918901644,0.015189887742364096]
2009-11-01T00:00:00.000Z,2,193.0,2.77157,-72.84153,[0.3011144261434735,0.9535290161209994,0.010607440011872363]
2009-11-01T00:00:00.000Z,2,182.0,3.27157,-72.84153,[0.30112121309520606,0.9535505081348192,0.008212396720778347]
2009-11-01T00:00:00.000Z,2,203.0,3.77157,-72.84153,[0.30112231001937284,0.953553981728014,0.007756180712620211]
2009-11-01T00:00:00.000Z,2,165.0,4.27157,-72.84153,[0.29249336758242717,0.9562283170963966,0.00866230357840265]
2009-11-01T00:00:00.000Z,1,293.0,4.77157,-72.84153,[0.21898410621165038,0.9756717603489373,0.010515573417094103]
2009-11-01T00:00:00.000Z,11,1653.0,5.27157,-72.84153,[0.15712886028035944,0.987503275192624,0.01215741546694752]
2009-11-01T00:00:00.000Z,11,2686.0,5.77157,-72.84153,[0.16207346491229915,0.9867413893189978,0.00858035990712172]
2009-11-01T00:00:00.000Z,1,2685.0,6.27157,-72.84153,[0.18331938038716272,0.98305017732616,0.0025206414803234873]
2009-11-01T00:00:00.000Z,11,1547.0,6.77157,-72.84153,[0.15816242550808296,0.9873169592322756,0.013779302222295106]
2009-11-01T00:00:00.000Z,1,3795.0,7.27157,-72.84153,[0.22733867536656663,0.9731887137613123,0.03494072251939349]
2009-11-01T00:00:00.000Z,5,1328.0,7.77157,-72.84153,[0.3134959923179433,0.9475328307137838,0.06246437000492354]
2009-11-01T00:00:00.000Z,5,973.0,8.27157,-72.84153,[0.339734805903264,0.9378096204621349,0.07136790193453983]
2009-11-01T00:00:00.000Z,5,83.0,8.77157,-72.84153,[0.33596583057854784,0.9385898553575515,0.07858781141854843]
2009-11-01T00:00:00.000Z,9,223.0,10.77157,-72.84153,[0.306749068074788,0.9486498957127703,0.07725532084846512]
2009-11-01T00:00:00.000Z,5,51.0,11.27157,-72.84153,[0.3408400222265078,0.9367141869581647,0.07996631290698836]
2009-11-01T00:00:00.000Z,2,149.0,-2.22843,-72.34153,[0.30727242355342027,0.9511888993822789,0.02869382190535616]
2009-11-01T00:00:00.000Z,0,147.0,-1.72843,-72.34153,[0.30819853667830804,0.9506565157099283,0.035578801660657626]
2009-11-01T00:00:00.000Z,0,145.0,-1.22843,-72.34153,[0.3054830671150457,0.951393758838002,0.039115359516206955]
2009-11-01T00:00:00.000Z,0,205.0,-0.72843,-72.34153,[0.3010972843789466,0.9527257356468161,0.040670603337753235]
2009-11-01T00:00:00.000Z,0,176.0,-0.22843,-72.34153,[0.2977830393298757,0.9538013139438123,0.03985366992535178]
2009-11-01T00:00:00.000Z,0,150.0,0.27157,-72.34153,[0.29420254392028206,0.955043864165461,0.03655243727494413]
2009-11-01T00:00:00.000Z,0,218.0,0.77157,-72.34153,[0.292606531507926,0.9556996599441386,0.03193082682234782]
2009-11-01T00:00:00.000Z,2,234.0,1.27157,-72.34153,[0.28775498635022484,0.9573387045882481,0.02645132374527067]
2009-11-01T00:00:00.000Z,2,237.0,1.77157,-72.34153,[0.2903453148051758,0.9566933744538358,0.02091376213922339]
2009-11-01T00:00:00.000Z,2,203.0,2.27157,-72.34153,[0.300555522278539,0.9536423338461915,0.0152537577096251]
2009-11-01T00:00:00.000Z,2,188.0,2.77157,-72.34153,[0.2998688419896607,0.9539223916878639,0.010523698983033375]
2009-11-01T00:00:00.000Z,2,220.0,3.27157,-72.34153,[0.30253701370042013,0.9531053288757596,0.007847764641101122]
2009-11-01T00:00:00.000Z,2,180.0,3.77157,-72.34153,[0.3005823860587519,0.9537275708029572,0.007345058305946945]
2009-11-01T00:00:00.000Z,2,190.0,4.27157,-72.34153,[0.3023071582407586,0.9531699578859739,0.008798491918947451]
2009-11-01T00:00:00.000Z,2,177.0,4.77157,-72.34153,[0.3015482773173142,0.9533913579844407,0.010656217318732156]
2009-11-01T00:00:00.000Z,8,257.0,5.27157,-72.34153,[0.24331003298238235,0.9698918287233499,0.01049135004602933]
2009-11-01T00:00:00.000Z,11,1342.0,5.77157,-72.34153,[0.17898171180037445,0.9838294094504659,0.00672606432880388]
2009-11-01T00:00:00.000Z,11,3317.0,6.27157,-72.34153,[0.18010365817132468,0.9836430561664656,0.003001727636188745]
2009-11-01T00:00:00.000Z,1,3467.0,6.77157,-72.34153,[0.24036060499350728,0.9705990144499722,0.01281923226632039]
2009-11-01T00:00:00.000Z,8,2203.0,7.27157,-72.34153,[0.2614527179654651,0.96474911214331,0.030027102543632018]
2009-11-01T00:00:00.000Z,5,97.0,11.27157,-72.34153,[0.3426136585469781,0.9362394072099716,0.07792081470426065]
2009-11-01T00:00:00.000Z,5,19.0,11.77157,-72.34153,[0.3429525390024865,0.9362002643646824,0.0768935692710838]
2009-11-01T00:00:00.000Z,2,109.0,-2.22843,-71.84153,[0.3026589208368752,0.9526496659551827,0.02926075175618498]
2009-11-01T00:00:00.000Z,0,140.0,-1.72843,-71.84153,[0.30358143652737535,0.9521926975950886,0.03416691444311788]
2009-11-01T00:00:00.000Z,0,153.0,-1.22843,-71.84153,[0.3035708252554144,0.9521594150077572,0.03517388897793362]
2009-11-01T00:00:00.000Z,0,136.0,-0.72843,-71.84153,[0.3035537078535715,0.9521057257399843,0.036740079769731156]
2009-11-01T00:00:00.000Z,0,192.0,-0.22843,-71.84153,[0.2890823690342926,0.9566199005829453,0.03619046452032365]
2009-11-01T00:00:00.000Z,0,216.0,0.27157,-71.84153,[0.2907299609726472,0.9562031035792388,0.03393691939870824]
2009-11-01T00:00:00.000Z,0,215.0,0.77157,-71.84153,[0.287522990625695,0.9573083480985783,0.029853919716307794]
2009-11-01T00:00:00.000Z,8,232.0,1.27157,-71.84153,[0.2778145135860013,0.9603194603484612,0.0246095533688387]
2009-11-01T00:00:00.000Z,2,233.0,1.77157,-71.84153,[0.2926996469680836,0.9560037899071628,0.019587504892160726]
2009-11-01T00:00:00.000Z,2,159.0,2.27157,-71.84153,[0.2943697603760686,0.9555866842511016,0.014160969533242695]
2009-11-01T00:00:00.000Z,2,186.0,2.77157,-71.84153,[0.2986446291716971,0.9543155443456486,0.009655427860438326]
2009-11-01T00:00:00.000Z,2,222.0,3.27157,-71.84153,[0.29865107975566035,0.9543361571139523,0.007073315046844587]
2009-11-01T00:00:00.000Z,2,206.0,3.77157,-71.84153,[0.30128600770145886,0.9535081517143549,0.00699615448595148]
2009-11-01T00:00:00.000Z,2,189.0,4.27157,-71.84153,[0.30665947591951737,0.9517801511872428,0.008631896359216044]
2009-11-01T00:00:00.000Z,2,149.0,4.77157,-71.84153,[0.31208029811096993,0.950009142778982,0.009408303104816005]
2009-11-01T00:00:00.000Z,2,172.0,5.27157,-71.84153,[0.31937374605556607,0.9475924333516795,0.008306057131848054]
2009-11-01T00:00:00.000Z,2,213.0,5.77157,-71.84153,[0.3176472930182871,0.9482008746814539,0.003911328608060998]
2009-11-01T00:00:00.000Z,2,412.0,6.27157,-71.84153,[0.3133652055276837,0.9496276380439692,0.003097906974798394]
2009-11-01T00:00:00.000Z,4,325.0,6.77157,-71.84153,[0.3524521440638011,0.9357356219158665,0.013279006836206593]
2009-11-01T00:00:00.000Z,5,174.0,11.77157,-71.84153,[0.34002798761874653,0.9374715292446427,0.07435119025043718]
2009-11-01T00:00:00.000Z,2,107.0,-2.22843,-71.34153,[0.30106743905707395,0.9531950653541307,0.02788484398646699]
2009-11-01T00:00:00.000Z,2,121.0,-1.72843,-71.34153,[0.30170161622072034,0.9529763228226441,0.02850022647693889]
2009-11-01T00:00:00.000Z,2,140.0,-1.22843,-71.34153,[0.3000684604640845,0.9535508854747574,0.026450479107574854]
2009-11-01T00:00:00.000Z,2,186.0,-0.72843,-71.34153,[0.3000462254966029,0.9534802276892049,0.029115596696337027]
2009-11-01T00:00:00.000Z,0,201.0,-0.22843,-71.34153,[0.2934038440201706,0.9555000656204047,0.030558287150780034]
2009-11-01T00:00:00.000Z,0,185.0,0.27157,-71.34153,[0.2908630558587414,0.9563224715355588,0.02908630558587414]
2009-11-01T00:00:00.000Z,8,228.0,0.77157,-71.34153,[0.282434775876335,0.9589645878591838,0.02484988144338296]
2009-11-01T00:00:00.000Z,2,342.0,1.27157,-71.34153,[0.28526470552221417,0.9582250726035765,0.020706472833272687]
2009-11-01T00:00:00.000Z,2,222.0,1.77157,-71.34153,[0.2908558791720715,0.9566172451857106,0.016920513122938]
2009-11-01T00:00:00.000Z,2,164.0,2.27157,-71.34153,[0.29445304368945374,0.9555834625393593,0.012555922240342743]
2009-11-01T00:00:00.000Z,2,189.0,2.77157,-71.34153,[0.29775479641565905,0.9545996469355961,0.009033010677778421]
2009-11-01T00:00:00.000Z,2,209.0,3.27157,-71.34153,[0.30133905520313553,0.9534907418367871,0.007083716596193112]
2009-11-01T00:00:00.000Z,2,171.0,3.77157,-71.34153,[0.30128624363516576,0.9535088983959366,0.006883318674810903]
2009-11-01T00:00:00.000Z,2,165.0,4.27157,-71.34153,[0.30497207761561657,0.9523291643015537,0.007822703849619904]
2009-11-01T00:00:00.000Z,2,131.0,4.77157,-71.34153,[0.3083568664043028,0.9512411081697311,0.0075097982223926146]
2009-11-01T00:00:00.000Z,2,146.0,5.27157,-71.34153,[0.32004714754020613,0.9473859403635811,0.005450078237097713]
2009-11-01T00:00:00.000Z,4,151.0,5.77157,-71.34153,[0.3299827887402046,0.9439864777889424,9.42807967829156E-4]
2009-11-01T00:00:00.000Z,4,157.0,6.27157,-71.34153,[0.33905397660556963,0.9407553998774256,0.004656022918175077]
2009-11-01T00:00:00.000Z,4,154.0,6.77157,-71.34153,[0.35418205012395954,0.9350896340642946,0.012745651630758406]
2009-11-01T00:00:00.000Z,2,97.0,-2.22843,-70.84153,[0.3001299026142711,0.9535492477892523,0.02580452668233401]
2009-11-01T00:00:00.000Z,2,137.0,-1.72843,-70.84153,[0.30111883620948304,0.9533577913938613,0.020889424799772252]
2009-11-01T00:00:00.000Z,2,114.0,-1.22843,-70.84153,[0.2942831790792298,0.9555936938640158,0.015430578678311673]
2009-11-01T00:00:00.000Z,2,155.0,-0.72843,-70.84153,[0.2952038494772136,0.9552663893195229,0.017911244799741054]
2009-11-01T00:00:00.000Z,2,183.0,-0.22843,-70.84153,[0.2916311999183417,0.9563302367133545,0.01958881267376031]
2009-11-01T00:00:00.000Z,2,193.0,0.27157,-70.84153,[0.2900078292352005,0.9568061335752259,0.020432369787025492]
2009-11-01T00:00:00.000Z,2,250.0,0.77157,-70.84153,[0.28901692227763803,0.9571625068586415,0.017582778541605355]
2009-11-01T00:00:00.000Z,2,316.0,1.27157,-70.84153,[0.28651245017081206,0.9579576578230204,0.015091113787622925]
2009-11-01T00:00:00.000Z,2,186.0,1.77157,-70.84153,[0.290041466467575,0.9569171109593099,0.013623159788628523]
2009-11-01T00:00:00.000Z,2,191.0,2.27157,-70.84153,[0.29422401924926955,0.9556750098923643,0.010839832288130983]
2009-11-01T00:00:00.000Z,2,160.0,2.77157,-70.84153,[0.29845508873579785,0.95438810092007,0.008240924091958597]
2009-11-01T00:00:00.000Z,2,240.0,3.27157,-70.84153,[0.30636782637357646,0.9518882280684553,0.006896102364866481]
2009-11-01T00:00:00.000Z,2,186.0,3.77157,-70.84153,[0.3013399847868673,0.9534936832062069,0.006633977277024317]
2009-11-01T00:00:00.000Z,2,176.0,4.27157,-70.84153,[0.30398977245869363,0.9526519635043819,0.006667433671027109]
2009-11-01T00:00:00.000Z,2,146.0,4.77157,-70.84153,[0.30571254999463426,0.9521084582858721,0.0054148348338533]
2009-11-01T00:00:00.000Z,2,123.0,5.27157,-70.84153,[0.3169127377516025,0.9484500346428827,0.0029746321955024064]
2009-11-01T00:00:00.000Z,4,120.0,5.77157,-70.84153,[0.3259191329449355,0.9453966338615505,0.0013868899274252573]
2009-11-01T00:00:00.000Z,4,126.0,6.27157,-70.84153,[0.3387966883841251,0.9408395841189815,0.006138476583963242]
2009-11-01T00:00:00.000Z,4,122.0,6.77157,-70.84153,[0.34728530655282686,0.9376703276926325,0.012933383830243207]
2009-11-01T00:00:00.000Z,2,97.0,-3.72843,-70.34153,[0.2914962382489189,0.9565395077353412,0.007881194589692992]
2009-11-01T00:00:00.000Z,2,132.0,-2.22843,-70.34153,[0.29663792785821713,0.9547346641066322,0.02208304574055616]
2009-11-01T00:00:00.000Z,2,129.0,-1.72843,-70.34153,[0.30115456043824534,0.9534708961476549,0.014113147297290464]
2009-11-01T00:00:00.000Z,2,144.0,-1.22843,-70.34153,[0.2933713013428136,0.9559289594316398,0.011537073648312895]
2009-11-01T00:00:00.000Z,2,134.0,-0.72843,-70.34153,[0.29522897422989064,0.9553476918899834,0.012273564097197704]
2009-11-01T00:00:00.000Z,2,170.0,-0.22843,-70.34153,[0.29075006746481274,0.9567322974691196,0.011300851678821023]
2009-11-01T00:00:00.000Z,2,177.0,0.27157,-70.34153,[0.2907579865325054,0.9567583556843196,0.008558159603598271]
2009-11-01T00:00:00.000Z,2,190.0,0.77157,-70.34153,[0.2907605417730828,0.9567667638721818,0.007461025222856465]
2009-11-01T00:00:00.000Z,2,195.0,1.27157,-70.34153,[0.28823801631532553,0.9575179557141685,0.008843666409674761]
2009-11-01T00:00:00.000Z,2,216.0,1.77157,-70.34153,[0.29075317026219616,0.9567425074288115,0.010313508680998656]
2009-11-01T00:00:00.000Z,2,168.0,2.27157,-70.34153,[0.29167440306765313,0.9564719104369456,0.009355594060660572]
2009-11-01T00:00:00.000Z,2,193.0,2.77157,-70.34153,[0.29851973398148135,0.9543753577103122,0.007324276001032629]
2009-11-01T00:00:00.000Z,2,177.0,3.27157,-70.34153,[0.3054217297098244,0.952197157330629,0.006175807034573656]
2009-11-01T00:00:00.000Z,2,174.0,3.77157,-70.34153,[0.3010734565715114,0.9535858178398802,0.0053723144667035495]
2009-11-01T00:00:00.000Z,2,118.0,4.27157,-70.34153,[0.3020920520663933,0.9532682531872855,0.004475437808391012]
2009-11-01T00:00:00.000Z,2,116.0,4.77157,-70.34153,[0.30017258585226514,0.9538817728194203,0.0024458506995369755]
2009-11-01T00:00:00.000Z,2,124.0,5.27157,-70.34153,[0.31150066022159706,0.9502456963438611,6.74730671960138E-4]
2009-11-01T00:00:00.000Z,2,105.0,5.77157,-70.34153,[0.32032463256117977,0.9472945539442718,0.005015759371064736]
2009-11-01T00:00:00.000Z,4,104.0,6.27157,-70.34153,[0.33116589355827913,0.9435323002432374,0.008714891935744188]
2009-11-01T00:00:00.000Z,4,109.0,6.77157,-70.34153,[0.33333623112883504,0.942698253648565,0.014386089975033933]
2009-11-01T00:00:00.000Z,2,140.0,-3.72843,-69.84153,[0.291573534232607,0.9564903023350098,0.010543987584795382]
2009-11-01T00:00:00.000Z,2,128.0,-3.22843,-69.84153,[0.29395541833481925,0.9556262861733422,0.019199302230724358]
2009-11-01T00:00:00.000Z,2,61.0,-2.72843,-69.84153,[0.2966896304551758,0.9546618367413775,0.024413943760702658]
2009-11-01T00:00:00.000Z,2,111.0,-2.22843,-69.84153,[0.2950124778248045,0.9552262757821736,0.022592033617810307]
2009-11-01T00:00:00.000Z,2,145.0,-1.72843,-69.84153,[0.29598481847789615,0.9550736893636202,0.015074319751476497]
2009-11-01T00:00:00.000Z,2,68.0,-1.22843,-69.84153,[0.2949931045674848,0.9554254282260327,0.011887781825853865]
2009-11-01T00:00:00.000Z,2,122.0,-0.72843,-69.84153,[0.2933720380507187,0.9559313599405442,0.01131734828435357]
2009-11-01T00:00:00.000Z,2,188.0,0.77157,-69.84153,[0.29594446467421426,0.9551938878477438,0.004637935640416791]
2009-11-01T00:00:00.000Z,2,195.0,1.77157,-69.84153,[0.292382017135498,0.9562870485258769,0.0052760664746255275]
2009-11-01T00:00:00.000Z,2,182.0,2.27157,-69.84153,[0.29757710658055797,0.9546804571710839,0.005752419904159486]
2009-11-01T00:00:00.000Z,2,180.0,2.77157,-69.84153,[0.2966374943679657,0.9549742383741944,0.00551370807375401]
2009-11-01T00:00:00.000Z,2,198.0,3.27157,-69.84153,[0.2966374943679657,0.9549742383741944,0.00551370807375401]
2009-11-01T00:00:00.000Z,2,149.0,3.77157,-69.84153,[0.29663939900260067,0.9549803700232423,0.004190445041672426]
2009-11-01T00:00:00.000Z,2,188.0,4.27157,-69.84153,[0.2960179352959642,0.9551805495795426,0.0018707453159968002]
2009-11-01T00:00:00.000Z,2,143.0,4.77157,-69.84153,[0.2941623466175478,0.9557542414265309,0.0015309564507976468]
2009-11-01T00:00:00.000Z,2,100.0,5.27157,-69.84153,[0.30287823425271376,0.9530124660186122,0.005658164815710037]
2009-11-01T00:00:00.000Z,2,112.0,5.77157,-69.84153,[0.3134952862728739,0.949539874306647,0.009733066649627132]
2009-11-01T00:00:00.000Z,4,98.0,6.27157,-69.84153,[0.32693214762977535,0.9449840874952516,0.010974754072377618]
2009-11-01T00:00:00.000Z,2,169.0,0.77157,-69.34153,[0.29852494531679147,0.9543920184849096,0.004328056828012962]
2009-11-01T00:00:00.000Z,2,182.0,1.77157,-69.34153,[0.2985258589370251,0.9543949393525709,0.0035512369836374733]
2009-11-01T00:00:00.000Z,2,167.0,2.27157,-69.34153,[0.2966405894178781,0.9549842023638752,0.0030877087374351626]
2009-11-01T00:00:00.000Z,2,128.0,2.77157,-69.34153,[0.29858732096039015,0.9543735481067285,0.004091752176123865]
2009-11-01T00:00:00.000Z,2,182.0,3.27157,-69.34153,[0.29858659976642393,0.9543712429571253,0.004644680440811039]
2009-11-01T00:00:00.000Z,2,123.0,3.77157,-69.34153,[0.29508693450354534,0.9554673604185427,0.002413350393709293]
2009-11-01T00:00:00.000Z,2,172.0,4.27157,-69.34153,[0.2957787587611723,0.9552558431101565,0.0010954768843006383]
2009-11-01T00:00:00.000Z,2,142.0,4.77157,-69.34153,[0.29677364059477024,0.9549321571905521,0.0054755284242577525]
2009-11-01T00:00:00.000Z,2,117.0,5.27157,-69.34153,[0.3054881284955134,0.9521418311502499,0.010145773610617416]
2009-11-01T00:00:00.000Z,2,83.0,5.77157,-69.34153,[0.320312287535076,0.947209193139439,0.013956463956885453]
2009-11-01T00:00:00.000Z,2,139.0,1.77157,-68.84153,[0.2968839248791014,0.9549027733051695,0.004541880940314611]
2009-11-01T00:00:00.000Z,2,178.0,2.27157,-68.84153,[0.2968850032906696,0.9549062419274522,0.0036556735479821257]
2009-11-01T00:00:00.000Z,2,155.0,2.77157,-68.84153,[0.29921885967568085,0.9541756969657822,0.0041004065955556265]
2009-11-01T00:00:00.000Z,2,154.0,3.27157,-68.84153,[0.30187298947748026,0.9533415366218954,0.0035514469350291793]
2009-11-01T00:00:00.000Z,2,118.0,3.77157,-68.84153,[0.3028830155589177,0.9530275104949096,6.656769572723466E-4]
2009-11-01T00:00:00.000Z,2,168.0,4.27157,-68.84153,[0.30521663485914685,0.9522759007605381,0.0036625996183097622]
2009-11-01T00:00:00.000Z,2,130.0,4.77157,-68.84153,[0.3052083881771346,0.9522501711126599,0.008212880263675622]
2009-11-01T00:00:00.000Z,2,118.0,5.27157,-68.84153,[0.3141586713257782,0.9492808949446799,0.013042688520745303]
2009-11-01T00:00:00.000Z,4,76.0,5.77157,-68.84153,[0.3322819083795631,0.9430254160349573,0.017082098106836696]
2009-11-01T00:00:00.000Z,2,140.0,1.77157,-68.34153,[0.30042989042622176,0.953781139122652,0.006589354474032373]
2009-11-01T00:00:00.000Z,2,115.0,2.27157,-68.34153,[0.29681598984517793,0.9549248512247485,0.004335514458412711]
2009-11-01T00:00:00.000Z,2,126.0,2.77157,-68.34153,[0.30112989960817543,0.9535780154258889,0.0031228285885292273]
2009-11-01T00:00:00.000Z,2,132.0,3.27157,-68.34153,[0.3044504801192698,0.9525270536084507,0.0014550942064523926]
2009-11-01T00:00:00.000Z,2,110.0,3.77157,-68.34153,[0.3097990696926464,0.9508015084385222,0.001013887864448661]
2009-11-01T00:00:00.000Z,2,121.0,4.27157,-68.34153,[0.3169048837336672,0.9484429316043445,0.005224955072311359]
2009-11-01T00:00:00.000Z,2,109.0,4.77157,-68.34153,[0.3224005002512345,0.9465495114137668,0.010096528121746846]
2009-11-01T00:00:00.000Z,4,89.0,5.27157,-68.34153,[0.3316711717335293,0.9432634032989025,0.015760261351876925]
2009-11-01T00:00:00.000Z,4,65.0,5.77157,-68.34153,[0.3382233040202575,0.9408324301971952,0.02096031743224131]
2009-11-01T00:00:00.000Z,2,136.0,2.27157,-67.84153,[0.3073625357809543,0.9515762639122533,0.005557477584231276]
2009-11-01T00:00:00.000Z,2,120.0,2.77157,-67.84153,[0.3057147831445135,0.952115413188079,0.0038355360246913137]
2009-11-01T00:00:00.000Z,2,103.0,3.27157,-67.84153,[0.31451162966508706,0.9492532822618991,8.005750573293125E-4]
2009-11-01T00:00:00.000Z,2,95.0,3.77157,-67.84153,[0.31968736943258486,0.9475210480294302,0.001961980245615142]
2009-11-01T00:00:00.000Z,2,110.0,4.27157,-67.84153,[0.32179178683951104,0.9467881092931462,0.006505537928885422]
2009-11-01T00:00:00.000Z,4,101.0,4.77157,-67.84153,[0.3318038550574475,0.9432709593776009,0.01208714043423559]
2009-11-01T00:00:00.000Z,4,80.0,5.77157,-67.84153,[0.34980989885862807,0.9365086064180113,0.024179842131631483]
2009-11-01T00:00:00.000Z,4,54.0,6.27157,-67.84153,[0.34699926203361997,0.9375067781259205,0.02593362905724949]
2009-11-01T00:00:00.000Z,2,114.0,2.27157,-67.34153,[0.3162216695308891,0.9486650085926673,0.00620944369260655]
