2007-03-01T00:00:00.000Z,2,10.0,1.77157,-78.84153,[0.28965210857265616,0.9569660048611986,0.01782474514293269]
2007-03-01T00:00:00.000Z,2,235.0,1.27157,-78.34153,[0.29597858263538146,0.9551001185810963,0.013432874134990388]
2007-03-01T00:00:00.000Z,2,57.0,1.77157,-78.34153,[0.29388929625327687,0.9557010702587477,0.01626486563233784]
2007-03-01T00:00:00.000Z,8,1772.0,1.27157,-77.84153,[0.2655853805501638,0.9640184238693179,0.011527535666432642]
2007-03-01T00:00:00.000Z,2,528.0,1.77157,-77.84153,[0.29604686472505587,0.9550630655114829,0.014518773442454848]
2007-03-01T00:00:00.000Z,2,116.0,2.27157,-77.84153,[0.295377617920965,0.9552400700311964,0.016385098050710135]
2007-03-01T00:00:00.000Z,9,167.0,7.27157,-77.84153,[0.2709616387451811,0.9597918288082318,0.07334463635110525]
2007-03-01T00:00:00.000Z,11,2201.0,0.77157,-77.34153,[0.17359534677650515,0.984798759700677,0.006004870485979738]
2007-03-01T00:00:00.000Z,1,2447.0,1.27157,-77.34153,[0.22321174561109472,0.9747286780705595,0.008973336506978683]
2007-03-01T00:00:00.000Z,1,1706.0,1.77157,-77.34153,[0.20831567689955263,0.9779872831284261,0.012060381294184627]
2007-03-01T00:00:00.000Z,8,2096.0,2.27157,-77.34153,[0.2751381058321662,0.9612849870432473,0.015172224766053607]
2007-03-01T00:00:00.000Z,2,57.0,2.77157,-77.34153,[0.290579583345446,0.9566773974757758,0.018217104648195266]
2007-03-01T00:00:00.000Z,8,74.0,3.27157,-77.34153,[0.2822193803658334,0.9591133731206676,0.021301616065926888]
2007-03-01T00:00:00.000Z,0,28.0,4.27157,-77.34153,[0.2679932775645512,0.962106134398408,0.05031291417878548]
2007-03-01T00:00:00.000Z,9,14.0,5.27157,-77.34153,[0.25713717769307537,0.9637582408023927,0.07106704674824366]
2007-03-01T00:00:00.000Z,9,499.0,6.27157,-77.34153,[0.27807089037572674,0.9572055649472132,0.08021275683915194]
2007-03-01T00:00:00.000Z,9,695.0,6.77157,-77.34153,[0.2923419008886654,0.9528587521446349,0.0812182950213247]
2007-03-01T00:00:00.000Z,9,345.0,7.27157,-77.34153,[0.29709970200822267,0.9516125793646831,0.078519206959316]
2007-03-01T00:00:00.000Z,8,279.0,0.27157,-76.84153,[0.26937712714429113,0.9630232295408407,0.004714099725025095]
2007-03-01T00:00:00.000Z,1,485.0,0.77157,-76.84153,[0.1886036152257039,0.9820395137614237,0.005202858351053901]
2007-03-01T00:00:00.000Z,11,3335.0,1.27157,-76.84153,[0.15148864557111813,0.9884365526626148,0.00666120285490023]
2007-03-01T00:00:00.000Z,11,2008.0,1.77157,-76.84153,[0.1586153824561109,0.9872998295737515,0.008955834519630751]
2007-03-01T00:00:00.000Z,1,1013.0,2.27157,-76.84153,[0.2028829152304918,0.9791305908949821,0.011908345024398432]
2007-03-01T00:00:00.000Z,8,2856.0,2.77157,-76.84153,[0.24571415312645956,0.9692058262210349,0.016267186989390607]
2007-03-01T00:00:00.000Z,8,1911.0,3.27157,-76.84153,[0.2549399458323715,0.966741299019214,0.020417756723743026]
2007-03-01T00:00:00.000Z,8,794.0,3.77157,-76.84153,[0.2734734623277243,0.9615679804426435,0.024480285740626932]
2007-03-01T00:00:00.000Z,0,70.0,4.27157,-76.84153,[0.2821522299189619,0.9588851645138666,0.030485413347565996]
2007-03-01T00:00:00.000Z,0,24.0,4.77157,-76.84153,[0.2775939318607089,0.9588645356257313,0.059333054138166794]
2007-03-01T00:00:00.000Z,9,133.0,5.27157,-76.84153,[0.277393737098371,0.9581730231833044,0.07040718899634227]
2007-03-01T00:00:00.000Z,9,76.0,5.77157,-76.84153,[0.276340325097806,0.9575513590598392,0.08204522830423232]
2007-03-01T00:00:00.000Z,9,38.0,6.27157,-76.84153,[0.2760153449819005,0.9573603107443084,0.08530395504361886]
2007-03-01T00:00:00.000Z,9,20.0,6.77157,-76.84153,[0.3028550385469432,0.9490959014686732,0.08657826194892168]
2007-03-01T00:00:00.000Z,9,15.0,7.27157,-76.84153,[0.30199554838437925,0.9497703863687169,0.08206644827843168]
2007-03-01T00:00:00.000Z,5,8.0,7.77157,-76.84153,[0.321526852036089,0.9437622707246353,0.07702765591943715]
2007-03-01T00:00:00.000Z,8,294.0,0.77157,-76.34153,[0.2529589562957754,0.967457060920685,0.006213026996738344]
2007-03-01T00:00:00.000Z,11,1412.0,1.27157,-76.34153,[0.1809423679492923,0.9834749881479182,0.006066891160652742]
2007-03-01T00:00:00.000Z,11,2388.0,1.77157,-76.34153,[0.13216002804513688,0.9912002103385268,0.007474624536979053]
2007-03-01T00:00:00.000Z,11,3852.0,2.27157,-76.34153,[0.14172008494041918,0.9898602855838509,0.009593359595966838]
2007-03-01T00:00:00.000Z,1,2450.0,2.77157,-76.34153,[0.20543354479346382,0.978570541328005,0.01402691407998382]
2007-03-01T00:00:00.000Z,1,990.0,3.27157,-76.34153,[0.21760213862096062,0.9758446422692564,0.01940472679454958]
2007-03-01T00:00:00.000Z,1,962.0,3.77157,-76.34153,[0.23875162368810485,0.9707731114110679,0.024438255820905072]
2007-03-01T00:00:00.000Z,1,1899.0,4.27157,-76.34153,[0.20294611587415948,0.9787922046847484,0.02790509093269693]
2007-03-01T00:00:00.000Z,6,1358.0,4.77157,-76.34153,[0.23820864756019314,0.9701588555178775,0.045259643036436696]
2007-03-01T00:00:00.000Z,6,407.0,5.27157,-76.34153,[0.2239517027745508,0.9722518634875931,0.06761618718385476]
2007-03-01T00:00:00.000Z,6,480.0,5.77157,-76.34153,[0.2171849300953177,0.9724209684167239,0.08501862338907161]
2007-03-01T00:00:00.000Z,6,1095.0,6.27157,-76.34153,[0.21895642436808035,0.9716872165986452,0.0887808387363112]
2007-03-01T00:00:00.000Z,6,1485.0,6.77157,-76.34153,[0.24722335456341316,0.9650385331642005,0.08707033057650032]
2007-03-01T00:00:00.000Z,9,827.0,7.27157,-76.34153,[0.2827950155506125,0.9555378455128116,0.08351290302979024]
2007-03-01T00:00:00.000Z,9,201.0,7.77157,-76.34153,[0.3056868235287403,0.9488791734070564,0.07863765125720755]
2007-03-01T00:00:00.000Z,5,165.0,8.27157,-76.34153,[0.31541680369334296,0.9462504110800289,0.07157094018350764]
2007-03-01T00:00:00.000Z,5,99.0,8.77157,-76.34153,[0.34146581827676264,0.9375227590142918,0.06672459275867483]
2007-03-01T00:00:00.000Z,2,267.0,0.27157,-75.84153,[0.29200933787654537,0.9563871725026388,0.007356824403866453]
2007-03-01T00:00:00.000Z,2,241.0,0.77157,-75.84153,[0.28465620934946473,0.9586051002598576,0.006863252478386304]
2007-03-01T00:00:00.000Z,1,250.0,1.27157,-75.84153,[0.2254943294192208,0.9742230737044005,0.006458332735793216]
2007-03-01T00:00:00.000Z,1,1712.0,1.77157,-75.84153,[0.2382539627814296,0.9711685340043035,0.0081687072953633]
2007-03-01T00:00:00.000Z,1,1262.0,2.27157,-75.84153,[0.20600158636910051,0.9785075352532276,0.009292462863388773]
2007-03-01T00:00:00.000Z,11,2705.0,2.77157,-75.84153,[0.1650808916633495,0.9861975346122177,0.012756250719440641]
2007-03-01T00:00:00.000Z,11,1867.0,3.27157,-75.84153,[0.14360051418879133,0.9894809152862702,0.017504588225932958]
2007-03-01T00:00:00.000Z,11,3782.0,3.77157,-75.84153,[0.1674477551733482,0.9856102045013533,0.023103551030246777]
2007-03-01T00:00:00.000Z,1,2035.0,4.27157,-75.84153,[0.22347073292635308,0.9743323955588995,0.027151694050551903]
2007-03-01T00:00:00.000Z,1,1185.0,4.77157,-75.84153,[0.2270041487164698,0.9733494962037901,0.0325557169378742]
2007-03-01T00:00:00.000Z,6,1530.0,5.27157,-75.84153,[0.24955347981040413,0.9665803795473399,0.05869779032160209]
2007-03-01T00:00:00.000Z,6,1704.0,5.77157,-75.84153,[0.2406759890215323,0.9662961350267492,0.09136108438976574]
2007-03-01T00:00:00.000Z,6,488.0,6.27157,-75.84153,[0.19784613076817642,0.9758927124407802,0.09214294517236979]
2007-03-01T00:00:00.000Z,6,896.0,6.77157,-75.84153,[0.2064268822263974,0.9743776668821141,0.08930903971971078]
2007-03-01T00:00:00.000Z,9,2421.0,7.27157,-75.84153,[0.2622745319367826,0.9613120240823395,0.08420963277474383]
2007-03-01T00:00:00.000Z,5,131.0,7.77157,-75.84153,[0.32242054674774906,0.9429061313162589,0.08350460203538825]
2007-03-01T00:00:00.000Z,5,43.0,8.27157,-75.84153,[0.3254332602558084,0.942473384540119,0.07640099837546757]
2007-03-01T00:00:00.000Z,5,10.0,8.77157,-75.84153,[0.33457370907842954,0.9398802074818073,0.06845165284678822]
2007-03-01T00:00:00.000Z,5,155.0,9.27157,-75.84153,[0.351266360481326,0.9342452675257722,0.061625677277425614]
2007-03-01T00:00:00.000Z,2,228.0,0.27157,-75.34153,[0.29272539835696604,0.9561609537065378,0.008250561420872016]
2007-03-01T00:00:00.000Z,2,189.0,0.77157,-75.34153,[0.28908603091612295,0.9572459622942437,0.010461089834707952]
2007-03-01T00:00:00.000Z,2,244.0,1.27157,-75.34153,[0.28460866658288103,0.9585619890511434,0.012522781329646767]
2007-03-01T00:00:00.000Z,1,1357.0,1.77157,-75.34153,[0.21749892057132317,0.9759850039850239,0.012144609778094189]
2007-03-01T00:00:00.000Z,8,2437.0,2.27157,-75.34153,[0.25910760251339676,0.9657647002772062,0.01271982775974857]
2007-03-01T00:00:00.000Z,2,485.0,2.77157,-75.34153,[0.3139368848617249,0.9493151219523872,0.01563430701502614]
2007-03-01T00:00:00.000Z,2,694.0,3.27157,-75.34153,[0.3154269313334915,0.9487450669015173,0.019714183208343217]
2007-03-01T00:00:00.000Z,8,442.0,3.77157,-75.34153,[0.24378699365540704,0.9695307627862502,0.024041666655418025]
2007-03-01T00:00:00.000Z,11,2270.0,4.27157,-75.34153,[0.12293067367239356,0.9920721033210709,0.026095809674315126]
2007-03-01T00:00:00.000Z,11,4229.0,4.77157,-75.34153,[0.15712167278767508,0.9871789310015112,0.028116509867268175]
2007-03-01T00:00:00.000Z,11,3209.0,5.27157,-75.34153,[0.18165562091927154,0.982445192427303,0.04245797056988891]
2007-03-01T00:00:00.000Z,6,1992.0,5.77157,-75.34153,[0.20360037447016743,0.9761812548921001,0.07494694865631568]
2007-03-01T00:00:00.000Z,6,2185.0,6.27157,-75.34153,[0.20729887887394924,0.9741973219620309,0.08925666753588178]
2007-03-01T00:00:00.000Z,6,2092.0,6.77157,-75.34153,[0.24830759178240577,0.9644565260217907,0.09037117503497]
2007-03-01T00:00:00.000Z,7,869.0,7.27157,-75.34153,[0.31497246158072606,0.9449173847421781,0.08901395653368345]
2007-03-01T00:00:00.000Z,5,83.0,7.77157,-75.34153,[0.3413120430938998,0.9359323272296138,0.08681456148381424]
2007-03-01T00:00:00.000Z,5,30.0,8.27157,-75.34153,[0.34824616719443147,0.9338781300196691,0.08121727221074285]
2007-03-01T00:00:00.000Z,5,74.0,8.77157,-75.34153,[0.35338296905427335,0.932538390559888,0.074112261565549]
2007-03-01T00:00:00.000Z,5,180.0,9.27157,-75.34153,[0.34212197898074587,0.9374872733636097,0.0637978352263028]
2007-03-01T00:00:00.000Z,5,136.0,9.77157,-75.34153,[0.34607698798765857,0.9367313526450405,0.052584135983990525]
2007-03-01T00:00:00.000Z,4,79.0,10.27157,-75.34153,[0.32376952152434135,0.9453124716039164,0.039466795689463506]
2007-03-01T00:00:00.000Z,2,205.0,0.27157,-74.84153,[0.29177875866118075,0.9564485177735231,0.008449191853122996]
2007-03-01T00:00:00.000Z,2,239.0,0.77157,-74.84153,[0.29105062248930513,0.9566315033757005,0.01207070411099056]
2007-03-01T00:00:00.000Z,2,226.0,1.27157,-74.84153,[0.2989006503935865,0.9541828454872183,0.013910376422163062]
2007-03-01T00:00:00.000Z,2,258.0,1.77157,-74.84153,[0.29545121204139346,0.955253325888774,0.014130275358501426]
2007-03-01T00:00:00.000Z,1,576.0,2.27157,-74.84153,[0.21500812680564835,0.976495242575653,0.01511775891602215]
2007-03-01T00:00:00.000Z,1,1998.0,2.77157,-74.84153,[0.23649613117986465,0.9714890094545421,0.016693844553872798]
2007-03-01T00:00:00.000Z,1,2106.0,3.27157,-74.84153,[0.23717300112943143,0.9712799093871953,0.01908677961470186]
2007-03-01T00:00:00.000Z,2,361.0,3.77157,-74.84153,[0.3142914241526365,0.948965191530635,0.026190952012719704]
2007-03-01T00:00:00.000Z,0,289.0,4.27157,-74.84153,[0.28917122426169617,0.9568511241830109,0.028564474591704133]
2007-03-01T00:00:00.000Z,0,277.0,4.77157,-74.84153,[0.2964692830438002,0.9545148289370979,0.03173965265527744]
2007-03-01T00:00:00.000Z,0,325.0,5.27157,-74.84153,[0.303518629431955,0.9517886077658664,0.04443970876211266]
2007-03-01T00:00:00.000Z,9,379.0,5.77157,-74.84153,[0.2764429925371695,0.9582628634588839,0.07288042530525377]
2007-03-01T00:00:00.000Z,6,978.0,6.27157,-74.84153,[0.2513175960047739,0.9642603997337978,0.08391273707607096]
2007-03-01T00:00:00.000Z,9,1143.0,6.77157,-74.84153,[0.2722549031946833,0.9582515096694761,0.08735738035577438]
2007-03-01T00:00:00.000Z,7,322.0,7.27157,-74.84153,[0.3079368545219963,0.9474115633651201,0.08709892783012671]
2007-03-01T00:00:00.000Z,10,55.0,7.77157,-74.84153,[0.35516894171226365,0.9304939740064442,0.08964366782258162]
2007-03-01T00:00:00.000Z,10,27.0,8.27157,-74.84153,[0.3651359356519159,0.9270739518755424,0.08490957690075061]
2007-03-01T00:00:00.000Z,3,14.0,8.77157,-74.84153,[0.38008070278629086,0.921600366287829,0.07868560368719534]
2007-03-01T00:00:00.000Z,3,48.0,9.27157,-74.84153,[0.37291092555794325,0.9253247373166592,0.06864089239930955]
2007-03-01T00:00:00.000Z,5,15.0,9.77157,-74.84153,[0.3531455230856189,0.9339284042577867,0.055371249264295645]
2007-03-01T00:00:00.000Z,4,5.0,10.27157,-74.84153,[0.3438574042891923,0.9380138378489629,0.043498569164498534]
2007-03-01T00:00:00.000Z,2,171.0,-0.72843,-74.34153,[0.30822131261890523,0.9513146528575983,2.317453478337633E-4]
2007-03-01T00:00:00.000Z,2,219.0,-0.22843,-74.34153,[0.2976861652350161,0.9546487367881552,0.0053606320942704054]
2007-03-01T00:00:00.000Z,2,201.0,0.27157,-74.34153,[0.2976761223332536,0.9546165302411235,0.00980848525695778]
2007-03-01T00:00:00.000Z,2,242.0,0.77157,-74.34153,[0.2960463752817037,0.955061486540975,0.014632177169095697]
2007-03-01T00:00:00.000Z,2,251.0,1.27157,-74.34153,[0.3030215353499528,0.9528471853019428,0.016130423934978474]
2007-03-01T00:00:00.000Z,2,298.0,1.77157,-74.34153,[0.31265279983777255,0.9497566183751204,0.014511809200017368]
2007-03-01T00:00:00.000Z,2,313.0,2.27157,-74.34153,[0.31725947614768785,0.9481317677976878,0.019813522839874757]
2007-03-01T00:00:00.000Z,8,364.0,2.77157,-74.34153,[0.2756076837117675,0.9610630005293963,0.019957797786024543]
2007-03-01T00:00:00.000Z,11,899.0,3.27157,-74.34153,[0.14481161494797376,0.9891747236446208,0.023726826141475702]
2007-03-01T00:00:00.000Z,11,3444.0,3.77157,-74.34153,[0.14216513235610354,0.9895144529865302,0.025499460247999522]
2007-03-01T00:00:00.000Z,11,2263.0,4.27157,-74.34153,[0.15990273695981286,0.9867682057125293,0.026825788108389655]
2007-03-01T00:00:00.000Z,1,2655.0,4.77157,-74.34153,[0.1966309020205415,0.9800000036531802,0.030598712560415818]
2007-03-01T00:00:00.000Z,0,1104.0,5.27157,-74.34153,[0.2714436770784395,0.9616861702207572,0.038445288141313684]
2007-03-01T00:00:00.000Z,9,744.0,5.77157,-74.34153,[0.3011458582838619,0.9512208660183977,0.06700773156648293]
2007-03-01T00:00:00.000Z,5,119.0,6.27157,-74.34153,[0.3122310824410926,0.9467292464017415,0.07883834831637587]
2007-03-01T00:00:00.000Z,9,97.0,6.77157,-74.34153,[0.2685973402326634,0.9603420775778956,0.07482354477909908]
2007-03-01T00:00:00.000Z,9,575.0,7.27157,-74.34153,[0.26571462012438973,0.9606605496804859,0.08079015373012821]
2007-03-01T00:00:00.000Z,5,1234.0,7.77157,-74.34153,[0.32787976562070553,0.9405602035688851,0.08855146954719785]
2007-03-01T00:00:00.000Z,3,715.0,8.27157,-74.34153,[0.3716849683572501,0.9241554825481287,0.08824357412019068]
2007-03-01T00:00:00.000Z,3,14.0,8.77157,-74.34153,[0.3946121661620116,0.9150807042560933,0.08311764563013799]
2007-03-01T00:00:00.000Z,3,37.0,9.27157,-74.34153,[0.3838493141126294,0.920454987923142,0.07363639903385136]
2007-03-01T00:00:00.000Z,5,95.0,9.77157,-74.34153,[0.36507870225881284,0.9290623526448409,0.059671484438164585]
2007-03-01T00:00:00.000Z,4,119.0,10.27157,-74.34153,[0.3362842925605889,0.9406386261659176,0.04595486417909827]
2007-03-01T00:00:00.000Z,4,5.0,10.77157,-74.34153,[0.3208682226282563,0.9464368892252055,0.03606658316364121]
2007-03-01T00:00:00.000Z,2,156.0,-1.22843,-73.84153,[0.30791016814655836,0.951407822924759,0.0038056312916990363]
2007-03-01T00:00:00.000Z,2,195.0,-0.72843,-73.84153,[0.3037727302360115,0.952741744831127,0.0023013085623940265]
2007-03-01T00:00:00.000Z,2,174.0,-0.22843,-73.84153,[0.2946363108122056,0.9555772242558019,0.00784938434210123]
2007-03-01T00:00:00.000Z,2,241.0,0.27157,-73.84153,[0.2927127400292231,0.9561196064275009,0.01243181521359635]
2007-03-01T00:00:00.000Z,2,232.0,0.77157,-73.84153,[0.29603172167226277,0.9550142132109014,0.017693850030985822]
2007-03-01T00:00:00.000Z,2,267.0,1.27157,-73.84153,[0.30370621065932324,0.9525331152496956,0.021052362329794]
2007-03-01T00:00:00.000Z,2,265.0,1.77157,-73.84153,[0.2921467074706168,0.9561164971765639,0.022170817325833366]
2007-03-01T00:00:00.000Z,8,554.0,2.27157,-73.84153,[0.2752643491092705,0.9611120760916125,0.022206199592008376]
2007-03-01T00:00:00.000Z,2,995.0,2.77157,-73.84153,[0.31570564400183787,0.9483358727159454,0.03144867032914061]
2007-03-01T00:00:00.000Z,0,363.0,3.27157,-73.84153,[0.29556399669253103,0.9545263499742396,0.039004756940571726]
2007-03-01T00:00:00.000Z,1,545.0,3.77157,-73.84153,[0.21232964003463597,0.9762547579853371,0.04292751418091554]
2007-03-01T00:00:00.000Z,11,1499.0,4.27157,-73.84153,[0.15070815809720586,0.9874758418607965,0.04667454150025405]
2007-03-01T00:00:00.000Z,11,3610.0,4.77157,-73.84153,[0.13874578096085524,0.9888389785940319,0.054287039693413995]
2007-03-01T00:00:00.000Z,11,2585.0,5.27157,-73.84153,[0.16324203048526725,0.9846509736913891,0.06176163446385271]
2007-03-01T00:00:00.000Z,6,2622.0,5.77157,-73.84153,[0.24954504807407926,0.9656308381996981,0.07269355748244918]
2007-03-01T00:00:00.000Z,0,616.0,6.27157,-73.84153,[0.308543570738854,0.9493648330426276,0.059222282442182965]
2007-03-01T00:00:00.000Z,5,101.0,6.77157,-73.84153,[0.3343236357515822,0.9400668085419054,0.06709770529369734]
2007-03-01T00:00:00.000Z,5,89.0,7.27157,-73.84153,[0.34511700605349926,0.9350401928715913,0.08120400142435276]
2007-03-01T00:00:00.000Z,10,59.0,7.77157,-73.84153,[0.3579245345085924,0.929369567189552,0.09034508940009989]
2007-03-01T00:00:00.000Z,3,38.0,8.27157,-73.84153,[0.3768848080845183,0.9217012823563561,0.09178555190085548]
2007-03-01T00:00:00.000Z,3,29.0,8.77157,-73.84153,[0.4009478706365148,0.9118546890730104,0.08810125451778938]
2007-03-01T00:00:00.000Z,3,52.0,9.27157,-73.84153,[0.4127507120519829,0.9072205248122442,0.08116507290686643]
2007-03-01T00:00:00.000Z,5,46.0,9.77157,-73.84153,[0.33388716910973326,0.9404913389426838,0.06320917399939989]
2007-03-01T00:00:00.000Z,11,931.0,10.27157,-73.84153,[0.1479640058035621,0.9879442849037837,0.04552738640109603]
2007-03-01T00:00:00.000Z,0,2665.0,10.77157,-73.84153,[0.3083566630471191,0.9505640439602135,0.03666287883473621]
2007-03-01T00:00:00.000Z,2,139.0,-1.72843,-73.34153,[0.30618249909631057,0.9519282960625896,0.009208496213422873]
2007-03-01T00:00:00.000Z,2,199.0,-1.22843,-73.34153,[0.3038176315694145,0.9527262333365413,0.0027515559085531877]
2007-03-01T00:00:00.000Z,2,223.0,-0.72843,-73.34153,[0.30211448425941395,0.9532627476821659,0.004119742967173826]
2007-03-01T00:00:00.000Z,2,171.0,-0.22843,-73.34153,[0.29702721208953814,0.9548116128088985,0.01046992471733238]
2007-03-01T00:00:00.000Z,2,209.0,0.27157,-73.34153,[0.2960412715034511,0.9550450214785664,0.01576618265861291]
2007-03-01T00:00:00.000Z,2,237.0,0.77157,-73.34153,[0.2890379068288278,0.9570866097717214,0.021031162870424436]
2007-03-01T00:00:00.000Z,2,249.0,1.27157,-73.34153,[0.2978488521088387,0.9542618992563947,0.025889938683306746]
2007-03-01T00:00:00.000Z,2,294.0,1.77157,-73.34153,[0.3122090759440728,0.9495381294690035,0.030047189263790467]
2007-03-01T00:00:00.000Z,4,229.0,2.27157,-73.34153,[0.32802420063651166,0.9441286955589634,0.031955125080457225]
2007-03-01T00:00:00.000Z,4,267.0,2.77157,-73.34153,[0.33409009840835713,0.9418628604575087,0.035751338944067734]
2007-03-01T00:00:00.000Z,4,234.0,3.27157,-73.34153,[0.3446061603767936,0.9375314657309827,0.04776342737575412]
2007-03-01T00:00:00.000Z,5,256.0,3.77157,-73.34153,[0.34449267163436686,0.9372227095934982,0.054206935095407735]
2007-03-01T00:00:00.000Z,6,300.0,4.27157,-73.34153,[0.25289396856122315,0.9659144632546718,0.05526201535226728]
2007-03-01T00:00:00.000Z,11,1229.0,4.77157,-73.34153,[0.17863745991375127,0.9819442765070353,0.06224223446051459]
2007-03-01T00:00:00.000Z,11,2684.0,5.27157,-73.34153,[0.14982100704411755,0.9858450997864835,0.0752536050649079]
2007-03-01T00:00:00.000Z,6,3515.0,5.77157,-73.34153,[0.2266374933522202,0.9706494664781955,0.08046775647808627]
2007-03-01T00:00:00.000Z,6,1301.0,6.27157,-73.34153,[0.22963633421678453,0.9717943419029142,0.05369274674440759]
2007-03-01T00:00:00.000Z,0,1945.0,6.77157,-73.34153,[0.28873716338373606,0.9559385767804168,0.05303100889239136]
2007-03-01T00:00:00.000Z,6,351.0,7.27157,-73.34153,[0.238915127915413,0.9689335743236193,0.06393191848847626]
2007-03-01T00:00:00.000Z,9,325.0,7.77157,-73.34153,[0.25623919257486333,0.9626600858661151,0.08733289912069883]
2007-03-01T00:00:00.000Z,9,1339.0,8.27157,-73.34153,[0.285872008101169,0.9541129046752095,0.08913899324336028]
2007-03-01T00:00:00.000Z,7,1230.0,8.77157,-73.34153,[0.3131512640281412,0.9457419700769567,0.08665109273710413]
2007-03-01T00:00:00.000Z,5,809.0,9.27157,-73.34153,[0.3491354677342277,0.9336728796225938,0.0797457147892952]
2007-03-01T00:00:00.000Z,5,74.0,9.77157,-73.34153,[0.3369985155322762,0.9391547777818086,0.06648536604880953]
2007-03-01T00:00:00.000Z,0,99.0,10.27157,-73.34153,[0.25927728259631866,0.9645590650716257,0.049001027720038205]
2007-03-01T00:00:00.000Z,4,1426.0,10.77157,-73.34153,[0.33026295032450514,0.9430702497859442,0.0393050583466046]
2007-03-01T00:00:00.000Z,2,146.0,-2.22843,-72.84153,[0.3010935256068663,0.9534628310884099,0.015853030325513037]
2007-03-01T00:00:00.000Z,2,165.0,-1.72843,-72.84153,[0.3018295102072646,0.9533256605414359,0.008314548771747289]
2007-03-01T00:00:00.000Z,2,168.0,-1.22843,-72.84153,[0.30552560078203955,0.9521831693545518,0.0011485924841430058]
2007-03-01T00:00:00.000Z,2,178.0,-0.72843,-72.84153,[0.2994360351395013,0.9540965682391713,0.006148116310849076]
2007-03-01T00:00:00.000Z,2,191.0,-0.22843,-72.84153,[0.2984455889071511,0.9543450200414983,0.012482515125394153]
2007-03-01T00:00:00.000Z,2,247.0,0.27157,-72.84153,[0.2926875067926345,0.9560371843496864,0.018081081500703294]
2007-03-01T00:00:00.000Z,2,264.0,0.77157,-72.84153,[0.29121443783438805,0.95636181140943,0.02379573227440525]
2007-03-01T00:00:00.000Z,2,246.0,1.27157,-72.84153,[0.29548124970017287,0.9548950038573155,0.02943403954542263]
2007-03-01T00:00:00.000Z,0,259.0,1.77157,-72.84153,[0.30692061175579854,0.9511037968858396,0.0346598561564533]
2007-03-01T00:00:00.000Z,4,271.0,2.27157,-72.84153,[0.3312344846764122,0.9427443025405579,0.0389473514949188]
2007-03-01T00:00:00.000Z,4,193.0,2.77157,-72.84153,[0.3388932911431014,0.9397150966861822,0.04568231909914334]
2007-03-01T00:00:00.000Z,5,182.0,3.27157,-72.84153,[0.3499147570359687,0.9352267142597709,0.05395049344845481]
2007-03-01T00:00:00.000Z,5,203.0,3.77157,-72.84153,[0.3497795683604754,0.9348653917998162,0.06067085603925337]
2007-03-01T00:00:00.000Z,5,165.0,4.27157,-72.84153,[0.34099356828923255,0.9377323127953896,0.06619286913849809]
2007-03-01T00:00:00.000Z,6,293.0,4.77157,-72.84153,[0.239448952614002,0.9683082034975985,0.07101705521429913]
2007-03-01T00:00:00.000Z,11,1653.0,5.27157,-72.84153,[0.1620354369850278,0.9830955990211014,0.0852499873689885]
2007-03-01T00:00:00.000Z,11,2686.0,5.77157,-72.84153,[0.15960823365429436,0.983432270439152,0.08594289504462004]
2007-03-01T00:00:00.000Z,11,2685.0,6.27157,-72.84153,[0.17790293452562148,0.9825358148637264,0.054533644635631685]
2007-03-01T00:00:00.000Z,11,1547.0,6.77157,-72.84153,[0.1480565736426451,0.9874516936331785,0.05494000129384104]
2007-03-01T00:00:00.000Z,6,3795.0,7.27157,-72.84153,[0.2188838571138211,0.9735771561208502,0.06509514708957909]
2007-03-01T00:00:00.000Z,7,1328.0,7.77157,-72.84153,[0.3087583150837528,0.9466194853924358,0.09262749452512584]
2007-03-01T00:00:00.000Z,10,973.0,8.27157,-72.84153,[0.360909382076711,0.9275118735188204,0.09729410265074973]
2007-03-01T00:00:00.000Z,3,83.0,8.77157,-72.84153,[0.37852589915185575,0.9207740730233722,0.09430403023852461]
2007-03-01T00:00:00.000Z,4,223.0,10.77157,-72.84153,[0.3320153001971761,0.9423742543190524,0.041189868069574476]
2007-03-01T00:00:00.000Z,4,51.0,11.27157,-72.84153,[0.3676492492290546,0.9294794399523283,0.03003331895110587]
2007-03-01T00:00:00.000Z,2,149.0,-2.22843,-72.34153,[0.29721672118682896,0.9546961347213293,0.014748253967982801]
2007-03-01T00:00:00.000Z,2,147.0,-1.72843,-72.34153,[0.29987806740052775,0.9539517389382827,0.007016015161823669]
2007-03-01T00:00:00.000Z,2,145.0,-1.22843,-72.34153,[0.30523184532228925,0.9522776297882657,9.145523455349492E-4]
2007-03-01T00:00:00.000Z,2,205.0,-0.72843,-72.34153,[0.2991685500700576,0.9541663604507141,0.008045820854156853]
2007-03-01T00:00:00.000Z,2,176.0,-0.22843,-72.34153,[0.2984388156379499,0.9543233610323797,0.01418435435541587]
2007-03-01T00:00:00.000Z,2,150.0,0.27157,-72.34153,[0.2984106687583199,0.9542333552309772,0.019742759073744356]
2007-03-01T00:00:00.000Z,2,218.0,0.77157,-72.34153,[0.30103399703711786,0.9532743239508733,0.025428250507302002]
2007-03-01T00:00:00.000Z,2,234.0,1.27157,-72.34153,[0.3029111164917668,0.9524999746718295,0.03144286494382218]
2007-03-01T00:00:00.000Z,0,237.0,1.77157,-72.34153,[0.31459424060949265,0.9484957441597064,0.037232876416704]
2007-03-01T00:00:00.000Z,4,203.0,2.27157,-72.34153,[0.33416262011188547,0.9415092800232687,0.043538706343044936]
2007-03-01T00:00:00.000Z,5,188.0,2.77157,-72.34153,[0.3403151289234611,0.9389716695844401,0.05017785112594098]
2007-03-01T00:00:00.000Z,5,220.0,3.27157,-72.34153,[0.3492820842180856,0.935215435641903,0.0580871292232251]
2007-03-01T00:00:00.000Z,5,180.0,3.77157,-72.34153,[0.3551179072725184,0.9325038572263973,0.06578623102350611]
2007-03-01T00:00:00.000Z,5,190.0,4.27157,-72.34153,[0.3632492481623248,0.9287330068263693,0.07419559111400677]
2007-03-01T00:00:00.000Z,5,177.0,4.77157,-72.34153,[0.3552210044326438,0.9310124520509003,0.08386806386243648]
2007-03-01T00:00:00.000Z,9,257.0,5.27157,-72.34153,[0.2750710288993121,0.9571978404747362,0.09004567313744297]
2007-03-01T00:00:00.000Z,6,1342.0,5.77157,-72.34153,[0.1907666170449205,0.9773692262885862,0.09141932686957878]
2007-03-01T00:00:00.000Z,11,3317.0,6.27157,-72.34153,[0.1848054641512927,0.981081356668943,0.057674188476745714]
2007-03-01T00:00:00.000Z,6,3467.0,6.77157,-72.34153,[0.2413536778116069,0.9689991718079861,0.05281105227362884]
2007-03-01T00:00:00.000Z,6,2203.0,7.27157,-72.34153,[0.25418642083601617,0.96520557958008,0.061379578118927414]
2007-03-01T00:00:00.000Z,4,97.0,11.27157,-72.34153,[0.3510867898428211,0.9358104722069438,0.03157255304341916]
2007-03-01T00:00:00.000Z,4,19.0,11.77157,-72.34153,[0.3663839316133565,0.9302514008339121,0.01987827714072466]
2007-03-01T00:00:00.000Z,2,109.0,-2.22843,-71.84153,[0.29531265318508826,0.9552916887123689,0.014430050098816814]
2007-03-01T00:00:00.000Z,2,140.0,-1.72843,-71.84153,[0.2979473997231737,0.954556008924432,0.007083277804739601]
2007-03-01T00:00:00.000Z,2,153.0,-1.22843,-71.84153,[0.30059042548577963,0.9537530793608948,6.780235161333375E-4]
2007-03-01T00:00:00.000Z,2,136.0,-0.72843,-71.84153,[0.30592436056684047,0.9520183459430782,0.008447165179830669]
2007-03-01T00:00:00.000Z,2,192.0,-0.22843,-71.84153,[0.29508371922311916,0.9553476733468801,0.015376009890553337]
2007-03-01T00:00:00.000Z,2,216.0,0.27157,-71.84153,[0.2983987503760148,0.9541952435978267,0.021670783772554686]
2007-03-01T00:00:00.000Z,2,215.0,0.77157,-71.84153,[0.30200316355343876,0.952911497121267,0.027454833050312613]
2007-03-01T00:00:00.000Z,0,232.0,1.27157,-71.84153,[0.29473258751571413,0.9550249735005308,0.03255766955115447]
2007-03-01T00:00:00.000Z,4,233.0,1.77157,-71.84153,[0.31704758917574766,0.9476069208078111,0.03901217547106784]
2007-03-01T00:00:00.000Z,5,159.0,2.27157,-71.84153,[0.33227295816092384,0.9420486066540479,0.04625044838870002]
2007-03-01T00:00:00.000Z,5,186.0,2.77157,-71.84153,[0.3448492799188905,0.9370904345622022,0.05422629981333277]
2007-03-01T00:00:00.000Z,5,222.0,3.27157,-71.84153,[0.3511371617540143,0.9342530260386591,0.06224128029646969]
2007-03-01T00:00:00.000Z,5,206.0,3.77157,-71.84153,[0.35997872105432227,0.9302675909683382,0.07083452253004408]
2007-03-01T00:00:00.000Z,3,189.0,4.27157,-71.84153,[0.3704305889958142,0.9254220014842427,0.07984546264574087]
2007-03-01T00:00:00.000Z,3,149.0,4.77157,-71.84153,[0.3774129897077196,0.9216822485493783,0.08978456386731014]
2007-03-01T00:00:00.000Z,10,172.0,5.27157,-71.84153,[0.3728364440976667,0.9228363048942246,0.09677882165939435]
2007-03-01T00:00:00.000Z,10,213.0,5.77157,-71.84153,[0.3579597375974154,0.9291160836168209,0.09278000551697715]
2007-03-01T00:00:00.000Z,5,412.0,6.27157,-71.84153,[0.3465190032788635,0.9354695525779204,0.06943555693078367]
2007-03-01T00:00:00.000Z,4,325.0,6.77157,-71.84153,[0.3725357605314756,0.9266660136517709,0.05007201082412306]
2007-03-01T00:00:00.000Z,4,174.0,11.77157,-71.84153,[0.34095581008381515,0.9398302218915494,0.02163999975439712]
2007-03-01T00:00:00.000Z,2,107.0,-2.22843,-71.34153,[0.2934325647339067,0.9558788093604538,0.013893587345355432]
2007-03-01T00:00:00.000Z,2,121.0,-1.72843,-71.34153,[0.2960409359618209,0.9551509443296485,0.006814527205158896]
2007-03-01T00:00:00.000Z,2,140.0,-1.22843,-71.34153,[0.2980197912158531,0.9545596320146873,3.361125464840448E-4]
2007-03-01T00:00:00.000Z,2,186.0,-0.72843,-71.34153,[0.3012842487660079,0.95350258504598,0.0077859974400204274]
2007-03-01T00:00:00.000Z,2,201.0,-0.22843,-71.34153,[0.2981775302301808,0.9543939888049349,0.014908876511509041]
2007-03-01T00:00:00.000Z,2,185.0,0.27157,-71.34153,[0.3007911723414483,0.9534512632710059,0.021339147320827274]
2007-03-01T00:00:00.000Z,2,228.0,0.77157,-71.34153,[0.2943016977788524,0.9553485881744287,0.026373959839412545]
2007-03-01T00:00:00.000Z,0,342.0,1.27157,-71.34153,[0.302898807413013,0.9524612689374972,0.03270846437463715]
2007-03-01T00:00:00.000Z,4,222.0,1.77157,-71.34153,[0.3170252291246228,0.9475400900230362,0.04077722277959832]
2007-03-01T00:00:00.000Z,5,164.0,2.27157,-71.34153,[0.32925800009488254,0.9429852282129173,0.048662395602258365]
2007-03-01T00:00:00.000Z,5,189.0,2.77157,-71.34153,[0.34467722853685473,0.9369745598853849,0.05723881773536216]
2007-03-01T00:00:00.000Z,5,209.0,3.27157,-71.34153,[0.3586233463095847,0.931139902739529,0.0660891595341949]
2007-03-01T00:00:00.000Z,3,171.0,3.77157,-71.34153,[0.36965722333937356,0.9261163175477545,0.07524695080075504]
2007-03-01T00:00:00.000Z,3,165.0,4.27157,-71.34153,[0.37627077000110276,0.9227276126528811,0.08363049976349599]
2007-03-01T00:00:00.000Z,3,131.0,4.77157,-71.34153,[0.38441594410701735,0.9185517822346624,0.09212494379827818]
2007-03-01T00:00:00.000Z,3,146.0,5.27157,-71.34153,[0.3903989132676518,0.9154650474882567,0.09753171456895691]
2007-03-01T00:00:00.000Z,3,151.0,5.77157,-71.34153,[0.3961729176936733,0.9133986713493023,0.09354082778878396]
2007-03-01T00:00:00.000Z,3,157.0,6.27157,-71.34153,[0.39942335966836573,0.9139583125744897,0.0717020406071337]
2007-03-01T00:00:00.000Z,3,154.0,6.77157,-71.34153,[0.39828172373848,0.9159091904787344,0.049819908997252374]
2007-03-01T00:00:00.000Z,2,97.0,-2.22843,-70.84153,[0.28842743628405837,0.9574036193003154,0.01370852834049707]
2007-03-01T00:00:00.000Z,2,137.0,-1.72843,-70.84153,[0.29447189159452536,0.9556446293256294,0.005444951957785563]
2007-03-01T00:00:00.000Z,2,114.0,-1.22843,-70.84153,[0.29182383217965885,0.9564720279044332,3.328788960224245E-4]
2007-03-01T00:00:00.000Z,2,155.0,-0.72843,-70.84153,[0.2943950628429598,0.9556688214258203,0.005352637506235633]
2007-03-01T00:00:00.000Z,2,183.0,-0.22843,-70.84153,[0.2962775173959155,0.9550460882724398,0.010324822575918269]
2007-03-01T00:00:00.000Z,2,193.0,0.27157,-70.84153,[0.2998416756526444,0.9538359719818085,0.017085318122094077]
2007-03-01T00:00:00.000Z,2,250.0,0.77157,-70.84153,[0.301763212341566,0.9531162593580783,0.02254683624287927]
2007-03-01T00:00:00.000Z,2,316.0,1.27157,-70.84153,[0.3105073812157332,0.9500598977496314,0.031166599084713517]
2007-03-01T00:00:00.000Z,4,186.0,1.77157,-70.84153,[0.32055988542448455,0.9463022447955263,0.041873874332202035]
2007-03-01T00:00:00.000Z,5,191.0,2.27157,-70.84153,[0.33175812560703927,0.9419993493513743,0.05073235570414214]
2007-03-01T00:00:00.000Z,5,160.0,2.77157,-70.84153,[0.3453051267377183,0.936546998418128,0.06036629194047881]
2007-03-01T00:00:00.000Z,5,240.0,3.27157,-70.84153,[0.3620600006421776,0.9295441151238887,0.06971580863429165]
2007-03-01T00:00:00.000Z,3,186.0,3.77157,-70.84153,[0.37048115302273593,0.9255436634233474,0.07818338923220013]
2007-03-01T00:00:00.000Z,3,176.0,4.27157,-70.84153,[0.381354643821294,0.920371808233017,0.08651225488808155]
2007-03-01T00:00:00.000Z,3,146.0,4.77157,-70.84153,[0.39139401112122246,0.9155335434968456,0.09278501382524085]
2007-03-01T00:00:00.000Z,3,123.0,5.27157,-70.84153,[0.40090559549950944,0.9110234049454371,0.09649382953746814]
2007-03-01T00:00:00.000Z,3,120.0,5.77157,-70.84153,[0.41007802630424733,0.9072274143580266,0.09367193272086745]
2007-03-01T00:00:00.000Z,3,126.0,6.27157,-70.84153,[0.41776046448929416,0.9053853069989822,0.07585275327928481]
2007-03-01T00:00:00.000Z,3,122.0,6.77157,-70.84153,[0.4183503589346771,0.906663747179249,0.05425704313828576]
2007-03-01T00:00:00.000Z,0,97.0,-3.72843,-70.34153,[0.2779431533063978,0.959972891035174,0.03463599295048957]
2007-03-01T00:00:00.000Z,2,132.0,-2.22843,-70.34153,[0.28752693562088577,0.9576942798627222,0.012244493075870423]
2007-03-01T00:00:00.000Z,2,129.0,-1.72843,-70.34153,[0.29098478519714377,0.9567227028451545,0.0030862022672424345]
2007-03-01T00:00:00.000Z,2,144.0,-1.22843,-70.34153,[0.2883574236087111,0.9575227425174757,4.4024034138734515E-4]
2007-03-01T00:00:00.000Z,2,134.0,-0.72843,-70.34153,[0.2918223375253247,0.9564671290753989,0.0032178128472374204]
2007-03-01T00:00:00.000Z,2,170.0,-0.22843,-70.34153,[0.29439470407884605,0.9556676568014056,0.005575657274220569]
2007-03-01T00:00:00.000Z,2,177.0,0.27157,-70.34153,[0.3012837116926202,0.9535008853193411,0.008011664243511624]
2007-03-01T00:00:00.000Z,2,190.0,0.77157,-70.34153,[0.3032251207074085,0.9528309972790853,0.01294669054705789]
2007-03-01T00:00:00.000Z,2,195.0,1.27157,-70.34153,[0.3105784198166492,0.9502083253126479,0.025400465561212948]
2007-03-01T00:00:00.000Z,4,216.0,1.77157,-70.34153,[0.32130246065229384,0.9461884962591446,0.03862717082106621]
2007-03-01T00:00:00.000Z,5,168.0,2.27157,-70.34153,[0.3310090034470636,0.9422884039733926,0.05025538154524761]
2007-03-01T00:00:00.000Z,5,193.0,2.77157,-70.34153,[0.34864847705098917,0.9351250223760458,0.06313027780887553]
2007-03-01T00:00:00.000Z,5,177.0,3.27157,-70.34153,[0.361774209645252,0.9293634290180148,0.07350536061696816]
2007-03-01T00:00:00.000Z,3,174.0,3.77157,-70.34153,[0.36971356154331875,0.9255949448566774,0.08115343779975685]
2007-03-01T00:00:00.000Z,3,118.0,4.27157,-70.34153,[0.3805471088836379,0.9205488162079553,0.08816901325543443]
2007-03-01T00:00:00.000Z,3,116.0,4.77157,-70.34153,[0.3899278394126087,0.9161940842142414,0.09243743885375828]
2007-03-01T00:00:00.000Z,3,124.0,5.27157,-70.34153,[0.40738933552410805,0.908254991185597,0.09542955667756503]
2007-03-01T00:00:00.000Z,3,105.0,5.77157,-70.34153,[0.4187820725124818,0.9030878706561681,0.09515184504705368]
2007-03-01T00:00:00.000Z,3,104.0,6.27157,-70.34153,[0.4292886845913852,0.8993234138219527,0.0832383483343296]
2007-03-01T00:00:00.000Z,3,109.0,6.77157,-70.34153,[0.42932759339266596,0.9010038269499148,0.06220869210383528]
2007-03-01T00:00:00.000Z,0,140.0,-3.72843,-69.84153,[0.2769472962806421,0.9602961805899657,0.03363689383944963]
2007-03-01T00:00:00.000Z,8,128.0,-3.22843,-69.84153,[0.2805606914343256,0.9594747310120447,0.02634272140948248]
2007-03-01T00:00:00.000Z,8,61.0,-2.72843,-69.84153,[0.28323106022500694,0.9588776733571801,0.01826948441909396]
2007-03-01T00:00:00.000Z,2,111.0,-2.22843,-69.84153,[0.2847381991897281,0.958546151470764,0.010650512794119599]
2007-03-01T00:00:00.000Z,2,145.0,-1.72843,-69.84153,[0.2856464836803022,0.958333050209869,0.0019624567581089467]
2007-03-01T00:00:00.000Z,2,68.0,-1.22843,-69.84153,[0.2909858245251926,0.9567261200298001,0.0015431066452093552]
2007-03-01T00:00:00.000Z,2,122.0,-0.72843,-69.84153,[0.29098388021308325,0.9567197273672585,0.00396796200290568]
2007-03-01T00:00:00.000Z,2,188.0,0.77157,-69.84153,[0.30765482433761765,0.9514510308218916,0.009457537192600838]
2007-03-01T00:00:00.000Z,4,195.0,1.77157,-69.84153,[0.32071317793461485,0.9468113304466754,0.026293764220374674]
2007-03-01T00:00:00.000Z,4,182.0,2.27157,-69.84153,[0.33142308277794985,0.9426344926836616,0.03998691542212221]
2007-03-01T00:00:00.000Z,5,180.0,2.77157,-69.84153,[0.34364114469699536,0.9373150936000482,0.057889368461501015]
2007-03-01T00:00:00.000Z,5,198.0,3.27157,-69.84153,[0.3576597901032118,0.9309300919707713,0.0738148928510884]
2007-03-01T00:00:00.000Z,10,149.0,3.77157,-69.84153,[0.36588587855204113,0.9269970845293763,0.08248593304459442]
2007-03-01T00:00:00.000Z,3,188.0,4.27157,-69.84153,[0.3745112757994116,0.9230911727450287,0.08742992107570771]
2007-03-01T00:00:00.000Z,3,143.0,4.77157,-69.84153,[0.3865403454170568,0.9176954354481873,0.09176954354481873]
2007-03-01T00:00:00.000Z,3,100.0,5.27157,-69.84153,[0.40183408303691726,0.9107312262601411,0.09538345362052776]
2007-03-01T00:00:00.000Z,3,112.0,5.77157,-69.84153,[0.41301564213596326,0.9057860289602505,0.09470875931738468]
2007-03-01T00:00:00.000Z,3,98.0,6.27157,-69.84153,[0.43047201944567587,0.8988839456899537,0.0818626450539065]
2007-03-01T00:00:00.000Z,2,169.0,0.77157,-69.34153,[0.3093583601517528,0.9509059557432105,0.008675732609421848]
2007-03-01T00:00:00.000Z,4,182.0,1.77157,-69.34153,[0.3221545817750775,0.946476052295392,0.019987693029840575]
2007-03-01T00:00:00.000Z,4,167.0,2.27157,-69.34153,[0.3322348323683487,0.9427313293917764,0.02962527205595023]
2007-03-01T00:00:00.000Z,5,128.0,2.77157,-69.34153,[0.3436742007693793,0.9377396049564494,0.050323722255516255]
2007-03-01T00:00:00.000Z,5,182.0,3.27157,-69.34153,[0.3503659377131314,0.9338935492780621,0.07132004141349152]
2007-03-01T00:00:00.000Z,10,123.0,3.77157,-69.34153,[0.36023950131227667,0.9292397030316678,0.08210405595279804]
2007-03-01T00:00:00.000Z,3,172.0,4.27157,-69.34153,[0.3713506141458984,0.9244812492023764,0.08621566706044632]
2007-03-01T00:00:00.000Z,3,142.0,4.77157,-69.34153,[0.38568008704963785,0.9181588231493109,0.09074825577638537]
2007-03-01T00:00:00.000Z,3,117.0,5.27157,-69.34153,[0.3974352727702331,0.9127306609137076,0.09469923223594175]
2007-03-01T00:00:00.000Z,3,83.0,5.77157,-69.34153,[0.4205468579856996,0.9023937664574503,0.09394589132629697]
2007-03-01T00:00:00.000Z,4,139.0,1.77157,-68.84153,[0.32502661269714206,0.9455319642098678,0.018083298815513724]
2007-03-01T00:00:00.000Z,4,178.0,2.27157,-68.84153,[0.3304449147134586,0.943444176790599,0.0268187177158749]
2007-03-01T00:00:00.000Z,4,155.0,2.77157,-68.84153,[0.3425578711570677,0.9383638827766818,0.04612297050936233]
2007-03-01T00:00:00.000Z,5,154.0,3.27157,-68.84153,[0.353735497374173,0.9329150969480831,0.06738412115472803]
2007-03-01T00:00:00.000Z,5,118.0,3.77157,-68.84153,[0.36145278239021983,0.928908374324516,0.08050539244145805]
2007-03-01T00:00:00.000Z,3,168.0,4.27157,-68.84153,[0.37604526660061305,0.9226677675355248,0.08528861716714935]
2007-03-01T00:00:00.000Z,3,130.0,4.77157,-68.84153,[0.3864388261244528,0.9179570750260038,0.0895535709687725]
2007-03-01T00:00:00.000Z,3,118.0,5.27157,-68.84153,[0.40353803525210813,0.9100194468440397,0.09498242190287715]
2007-03-01T00:00:00.000Z,3,76.0,5.77157,-68.84153,[0.43139753538029013,0.8973068735910035,0.09346946599906286]
2007-03-01T00:00:00.000Z,4,140.0,1.77157,-68.34153,[0.3232458205383948,0.9461428761744257,0.01804985786218044]
2007-03-01T00:00:00.000Z,4,115.0,2.27157,-68.34153,[0.32541191184396695,0.9452441248800945,0.02491248702395205]
2007-03-01T00:00:00.000Z,4,126.0,2.77157,-68.34153,[0.34080813224280143,0.9393600490849976,0.03811187715403371]
2007-03-01T00:00:00.000Z,5,132.0,3.27157,-68.34153,[0.3520621779932892,0.9342710094450889,0.05647923279468314]
2007-03-01T00:00:00.000Z,3,110.0,3.77157,-68.34153,[0.3670663531379943,0.9271918262655219,0.07468339641700368]
2007-03-01T00:00:00.000Z,3,121.0,4.27157,-68.34153,[0.38236507756987415,0.9202684917783412,0.08308339482111503]
2007-03-01T00:00:00.000Z,3,109.0,4.77157,-68.34153,[0.3974816412930026,0.9132772159474677,0.08906779253053905]
2007-03-01T00:00:00.000Z,3,89.0,5.27157,-68.34153,[0.41546949177522463,0.9045840774102717,0.0954607160032038]
2007-03-01T00:00:00.000Z,3,65.0,5.77157,-68.34153,[0.4450377928038334,0.8900755856076668,0.09852316926216444]
2007-03-01T00:00:00.000Z,4,136.0,2.27157,-67.84153,[0.3345621351256163,0.9420883227363924,0.02318986640581889]
2007-03-01T00:00:00.000Z,4,120.0,2.77157,-67.84153,[0.3451333219425405,0.9380230642795474,0.0315550465776037]
2007-03-01T00:00:00.000Z,5,103.0,3.27157,-67.84153,[0.3568249485840682,0.9327529357723888,0.051457913637913]
2007-03-01T00:00:00.000Z,3,95.0,3.77157,-67.84153,[0.3693498516690024,0.9265696970935182,0.07105831056330981]
2007-03-01T00:00:00.000Z,3,110.0,4.27157,-67.84153,[0.38140761085081976,0.9208642659240682,0.08085318873858131]
2007-03-01T00:00:00.000Z,3,101.0,4.77157,-67.84153,[0.40529062587383774,0.9098638547301928,0.08881032842134766]
2007-03-01T00:00:00.000Z,3,80.0,5.77157,-67.84153,[0.45804914706511013,0.8830586835222451,0.10197225274006878]
2007-03-01T00:00:00.000Z,3,54.0,6.27157,-67.84153,[0.45497154133853873,0.8859972120803123,0.08949769135540993]
2007-03-01T00:00:00.000Z,4,114.0,2.27157,-67.34153,[0.3435344881309019,0.9389127647136394,0.020660970994349617]
