2007-08-01T00:00:00.000Z,2,10.0,1.77157,-78.84153,[0.28530858810469933,0.9584039510619083,0.007802316491026472]
2007-08-01T00:00:00.000Z,2,235.0,1.27157,-78.34153,[0.29518461357810294,0.9554342798670843,0.0033735384408926056]
2007-08-01T00:00:00.000Z,2,57.0,1.77157,-78.34153,[0.28873267326351254,0.9573767587158575,0.007948915701181723]
2007-08-01T00:00:00.000Z,2,1772.0,1.27157,-77.84153,[0.286760460998426,0.957982955990317,0.006090487667223207]
2007-08-01T00:00:00.000Z,2,528.0,1.77157,-77.84153,[0.3066277154827626,0.951772428858495,0.010425342326413928]
2007-08-01T00:00:00.000Z,2,116.0,2.27157,-77.84153,[0.2937294366180562,0.9557862620111353,0.013987116029431248]
2007-08-01T00:00:00.000Z,6,167.0,7.27157,-77.84153,[0.24267803927983192,0.9635140796830615,0.11290698607171841]
2007-08-01T00:00:00.000Z,1,2201.0,0.77157,-77.34153,[0.20047542497081336,0.9796565766907079,0.00908821926534354]
2007-08-01T00:00:00.000Z,8,2447.0,1.27157,-77.34153,[0.27196426841676663,0.9622289090684587,0.012286710603600119]
2007-08-01T00:00:00.000Z,8,1706.0,1.77157,-77.34153,[0.2503758005318362,0.9680305015214844,0.015129660673848926]
2007-08-01T00:00:00.000Z,2,2096.0,2.27157,-77.34153,[0.30389637245956413,0.9525491338438438,0.01723781944623578]
2007-08-01T00:00:00.000Z,2,57.0,2.77157,-77.34153,[0.29726595366979236,0.9545671659675402,0.0208441465521448]
2007-08-01T00:00:00.000Z,8,74.0,3.27157,-77.34153,[0.27507393867858726,0.9611017134553048,0.024856078796257883]
2007-08-01T00:00:00.000Z,6,28.0,4.27157,-77.34153,[0.2565701063671849,0.9647035999406153,0.05931900859209315]
2007-08-01T00:00:00.000Z,6,14.0,5.27157,-77.34153,[0.24727007921828426,0.9647586697369124,0.08999009440403133]
2007-08-01T00:00:00.000Z,9,499.0,6.27157,-77.34153,[0.26296246985885835,0.9589153519351141,0.10645227695491134]
2007-08-01T00:00:00.000Z,9,695.0,6.77157,-77.34153,[0.2742353987164257,0.9549844472948471,0.11313554488222738]
2007-08-01T00:00:00.000Z,9,345.0,7.27157,-77.34153,[0.271422324346586,0.9553210943537318,0.11701080518091009]
2007-08-01T00:00:00.000Z,8,279.0,0.27157,-76.84153,[0.2820793845479463,0.9593184355551303,0.011805084375354581]
2007-08-01T00:00:00.000Z,1,485.0,0.77157,-76.84153,[0.21161237008313155,0.9772644000202803,0.01320974189003791]
2007-08-01T00:00:00.000Z,11,3335.0,1.27157,-76.84153,[0.17767507903877422,0.9839430513435148,0.01695989390824663]
2007-08-01T00:00:00.000Z,1,2008.0,1.77157,-76.84153,[0.18850598579390598,0.9818585159337262,0.020477988384805614]
2007-08-01T00:00:00.000Z,1,1013.0,2.27157,-76.84153,[0.23204070793206436,0.9724852141422471,0.020727231775954064]
2007-08-01T00:00:00.000Z,8,2856.0,2.77157,-76.84153,[0.2677656436407645,0.9631948982148827,0.023603985647953647]
2007-08-01T00:00:00.000Z,8,1911.0,3.27157,-76.84153,[0.2603927257678056,0.9651253322036095,0.02699484221262571]
2007-08-01T00:00:00.000Z,8,794.0,3.77157,-76.84153,[0.2717276143282859,0.9618475385846438,0.03183419749452722]
2007-08-01T00:00:00.000Z,0,70.0,4.27157,-76.84153,[0.27537074966192293,0.9605194006064693,0.039666500844157945]
2007-08-01T00:00:00.000Z,9,24.0,4.77157,-76.84153,[0.2717147245801154,0.9595594801116675,0.07359831909886591]
2007-08-01T00:00:00.000Z,9,133.0,5.27157,-76.84153,[0.2766448844816496,0.9568658357365291,0.08874333941411347]
2007-08-01T00:00:00.000Z,9,76.0,5.77157,-76.84153,[0.272681605762663,0.9565670730154218,0.1030736469782866]
2007-08-01T00:00:00.000Z,9,38.0,6.27157,-76.84153,[0.26633171871847283,0.9577071191468349,0.10892423761465705]
2007-08-01T00:00:00.000Z,7,20.0,6.77157,-76.84153,[0.2842171491022982,0.9517969644356034,0.11533928492639776]
2007-08-01T00:00:00.000Z,7,15.0,7.27157,-76.84153,[0.2813939864967888,0.9521587217507622,0.11921070823294193]
2007-08-01T00:00:00.000Z,7,8.0,7.77157,-76.84153,[0.2919851107718067,0.9484027658151919,0.12359971230415578]
2007-08-01T00:00:00.000Z,8,294.0,0.77157,-76.34153,[0.27136909159651834,0.9622399440555444,0.02128629112981864]
2007-08-01T00:00:00.000Z,1,1412.0,1.27157,-76.34153,[0.20558210757364548,0.9784185490079053,0.020812015828443123]
2007-08-01T00:00:00.000Z,11,2388.0,1.77157,-76.34153,[0.15324370731530548,0.9878746132290229,0.024902102438737143]
2007-08-01T00:00:00.000Z,11,3852.0,2.27157,-76.34153,[0.1619610061263331,0.9864897645876652,0.024628781096896934]
2007-08-01T00:00:00.000Z,1,2450.0,2.77157,-76.34153,[0.2289652019653094,0.9731021083525649,0.025440577996145488]
2007-08-01T00:00:00.000Z,1,990.0,3.27157,-76.34153,[0.2333223474893433,0.9719684956909008,0.028946943645736706]
2007-08-01T00:00:00.000Z,8,962.0,3.77157,-76.34153,[0.24437749753699856,0.9691244877815287,0.0328232521201655]
2007-08-01T00:00:00.000Z,1,1899.0,4.27157,-76.34153,[0.20492449831730872,0.9780990919685599,0.03644332970075382]
2007-08-01T00:00:00.000Z,6,1358.0,4.77157,-76.34153,[0.23636445403589337,0.9699862028831474,0.05708424550300822]
2007-08-01T00:00:00.000Z,6,407.0,5.27157,-76.34153,[0.2214853053402587,0.9716415656384214,0.0828065664186696]
2007-08-01T00:00:00.000Z,6,480.0,5.77157,-76.34153,[0.21819364671691224,0.9705071577929326,0.10250555694721605]
2007-08-01T00:00:00.000Z,6,1095.0,6.27157,-76.34153,[0.21296000751815305,0.971009360704532,0.10857650124241584]
2007-08-01T00:00:00.000Z,6,1485.0,6.77157,-76.34153,[0.2317108017066646,0.9663515002052142,0.11169101317288996]
2007-08-01T00:00:00.000Z,9,827.0,7.27157,-76.34153,[0.2667569586102575,0.9564212906270207,0.11873937791798046]
2007-08-01T00:00:00.000Z,7,201.0,7.77157,-76.34153,[0.2849211809588761,0.9504706577160964,0.12419923293535563]
2007-08-01T00:00:00.000Z,7,165.0,8.27157,-76.34153,[0.2902883039352237,0.9486402687090706,0.12575508411986294]
2007-08-01T00:00:00.000Z,7,99.0,8.77157,-76.34153,[0.30909772916183603,0.9420121269694051,0.1306588935724391]
2007-08-01T00:00:00.000Z,0,267.0,0.27157,-75.84153,[0.2962101076742874,0.954454791394926,0.03571586895002724]
2007-08-01T00:00:00.000Z,0,241.0,0.77157,-75.84153,[0.28833150219888337,0.9570667509962936,0.029802331739884582]
2007-08-01T00:00:00.000Z,8,250.0,1.27157,-75.84153,[0.24362579873176402,0.9695312398508976,0.025605568642216015]
2007-08-01T00:00:00.000Z,8,1712.0,1.77157,-75.84153,[0.2624603120094313,0.9645416466346601,0.02782079307299972]
2007-08-01T00:00:00.000Z,1,1262.0,2.27157,-75.84153,[0.23988355222280003,0.9703764033419481,0.028731815294482266]
2007-08-01T00:00:00.000Z,1,2705.0,2.77157,-75.84153,[0.1983491175070464,0.9796838168760196,0.02961834795206571]
2007-08-01T00:00:00.000Z,11,1867.0,3.27157,-75.84153,[0.16982477638145246,0.9849837030124243,0.03109099752214283]
2007-08-01T00:00:00.000Z,11,3782.0,3.77157,-75.84153,[0.1852910088946177,0.9821634523760454,0.031971781926914425]
2007-08-01T00:00:00.000Z,1,2035.0,4.27157,-75.84153,[0.23580449729649872,0.9711741924737242,0.03488447975468821]
2007-08-01T00:00:00.000Z,1,1185.0,4.77157,-75.84153,[0.23614791620676606,0.9708303221833716,0.041504785272704334]
2007-08-01T00:00:00.000Z,6,1530.0,5.27157,-75.84153,[0.2550494983818559,0.96448329727896,0.06871479203977186]
2007-08-01T00:00:00.000Z,6,1704.0,5.77157,-75.84153,[0.25143967603018014,0.9623630239936845,0.1031285574783683]
2007-08-01T00:00:00.000Z,6,488.0,6.27157,-75.84153,[0.19806311742228092,0.9741941705770328,0.10824379673078144]
2007-08-01T00:00:00.000Z,6,896.0,6.77157,-75.84153,[0.19985306026726418,0.9733384178421892,0.11256588583702122]
2007-08-01T00:00:00.000Z,6,2421.0,7.27157,-75.84153,[0.24462022931089794,0.9625964867688581,0.11648582348137997]
2007-08-01T00:00:00.000Z,7,131.0,7.77157,-75.84153,[0.2956349569786427,0.946920990021818,0.12625613200290906]
2007-08-01T00:00:00.000Z,7,43.0,8.27157,-75.84153,[0.29533118689265786,0.9468295729592325,0.12764501485922364]
2007-08-01T00:00:00.000Z,7,10.0,8.77157,-75.84153,[0.301306072951826,0.9449047067202484,0.12794430671299964]
2007-08-01T00:00:00.000Z,7,155.0,9.27157,-75.84153,[0.31723382681264106,0.939058103282347,0.13241064075658063]
2007-08-01T00:00:00.000Z,0,228.0,0.27157,-75.34153,[0.29439870504325055,0.9543826872508655,0.049830600484779705]
2007-08-01T00:00:00.000Z,0,189.0,0.77157,-75.34153,[0.28981483924929174,0.9556704203344414,0.05197505794801348]
2007-08-01T00:00:00.000Z,0,244.0,1.27157,-75.34153,[0.285756167620893,0.9569791656069907,0.05034172484895732]
2007-08-01T00:00:00.000Z,1,1357.0,1.77157,-75.34153,[0.2372710157036358,0.9705394206175316,0.04190105170936547]
2007-08-01T00:00:00.000Z,0,2437.0,2.27157,-75.34153,[0.30369709414466023,0.9520550765279117,0.03686741468453782]
2007-08-01T00:00:00.000Z,4,485.0,2.77157,-75.34153,[0.3779063921802682,0.9251148480572966,0.036732501319922076]
2007-08-01T00:00:00.000Z,3,694.0,3.27157,-75.34153,[0.3921900022582157,0.919147997570413,0.03679620484507584]
2007-08-01T00:00:00.000Z,0,442.0,3.77157,-75.34153,[0.28559572573015424,0.9577419453555404,0.034138651866348665]
2007-08-01T00:00:00.000Z,11,2270.0,4.27157,-75.34153,[0.1433970229996357,0.9890374109694499,0.03524618415785438]
2007-08-01T00:00:00.000Z,11,4229.0,4.77157,-75.34153,[0.17751048628038962,0.9835040456075641,0.0347824601495358]
2007-08-01T00:00:00.000Z,1,3209.0,5.27157,-75.34153,[0.19705148578804488,0.979286171795132,0.0465758057317197]
2007-08-01T00:00:00.000Z,6,1992.0,5.77157,-75.34153,[0.22262764497053697,0.9720190619205412,0.07493914169500042]
2007-08-01T00:00:00.000Z,6,2185.0,6.27157,-75.34153,[0.22139946129773713,0.9702164874670469,0.09829672417826234]
2007-08-01T00:00:00.000Z,6,2092.0,6.77157,-75.34153,[0.23861074829342788,0.9651430267294706,0.10753533723537893]
2007-08-01T00:00:00.000Z,7,869.0,7.27157,-75.34153,[0.29315993346408953,0.9483279665845927,0.12137265427130677]
2007-08-01T00:00:00.000Z,7,83.0,7.77157,-75.34153,[0.30821689251755935,0.9426487442690319,0.12812373743704383]
2007-08-01T00:00:00.000Z,7,30.0,8.27157,-75.34153,[0.30980064236495,0.9417939527894478,0.13056688890944618]
2007-08-01T00:00:00.000Z,7,74.0,8.77157,-75.34153,[0.3090656285336787,0.9419142964835923,0.1314378002665205]
2007-08-01T00:00:00.000Z,7,180.0,9.27157,-75.34153,[0.3004980723995434,0.9450608522305343,0.12868913732500892]
2007-08-01T00:00:00.000Z,7,136.0,9.77157,-75.34153,[0.30465420229215107,0.943874110374228,0.12762241492383927]
2007-08-01T00:00:00.000Z,7,79.0,10.27157,-75.34153,[0.3011749677009052,0.945141807730477,0.1264934864343802]
2007-08-01T00:00:00.000Z,0,205.0,0.27157,-74.84153,[0.2929058879811557,0.9543450038730278,0.05858117759623114]
2007-08-01T00:00:00.000Z,0,239.0,0.77157,-74.84153,[0.28909719064311223,0.9553293995325889,0.061388539247673214]
2007-08-01T00:00:00.000Z,0,226.0,1.27157,-74.84153,[0.29015229216982985,0.9552338836866826,0.05779164996304429]
2007-08-01T00:00:00.000Z,0,258.0,1.77157,-74.84153,[0.29679699965447526,0.9537242499357196,0.048182943876960836]
2007-08-01T00:00:00.000Z,1,576.0,2.27157,-74.84153,[0.23364445678573614,0.9714022252233052,0.042284567450896815]
2007-08-01T00:00:00.000Z,8,1998.0,2.77157,-74.84153,[0.26529739682401143,0.9633779207902234,0.03899067801807441]
2007-08-01T00:00:00.000Z,0,2106.0,3.27157,-74.84153,[0.28041246860166597,0.959091921594104,0.03887844371433727]
2007-08-01T00:00:00.000Z,4,361.0,3.77157,-74.84153,[0.3705527237447747,0.9278070121455705,0.043183644344102594]
2007-08-01T00:00:00.000Z,4,289.0,4.27157,-74.84153,[0.33794229778470664,0.9402426833526112,0.04169771900085493]
2007-08-01T00:00:00.000Z,4,277.0,4.77157,-74.84153,[0.3412506278938315,0.9391005651341875,0.04047391168043118]
2007-08-01T00:00:00.000Z,4,325.0,5.27157,-74.84153,[0.34070020328462614,0.9391586127995687,0.043640250757806046]
2007-08-01T00:00:00.000Z,0,379.0,5.77157,-74.84153,[0.3006227479225363,0.9519720350880316,0.05809653898344253]
2007-08-01T00:00:00.000Z,9,978.0,6.27157,-74.84153,[0.2643919582470734,0.9612216109152074,0.07842134354786075]
2007-08-01T00:00:00.000Z,9,1143.0,6.77157,-74.84153,[0.2767054149700445,0.9556893850371015,0.10045851210157439]
2007-08-01T00:00:00.000Z,7,322.0,7.27157,-74.84153,[0.2958375105288512,0.9477964016565837,0.11900482499009638]
2007-08-01T00:00:00.000Z,7,55.0,7.77157,-74.84153,[0.3162717068015258,0.9396809194861218,0.13027654059947327]
2007-08-01T00:00:00.000Z,7,27.0,8.27157,-74.84153,[0.31957814182620226,0.9381164808446583,0.1334439194363891]
2007-08-01T00:00:00.000Z,7,14.0,8.77157,-74.84153,[0.32130577722631526,0.93752435712107,0.13345664961221596]
2007-08-01T00:00:00.000Z,7,48.0,9.27157,-74.84153,[0.31588254549030365,0.939693759426191,0.13112534442295337]
2007-08-01T00:00:00.000Z,7,15.0,9.77157,-74.84153,[0.30557071660331286,0.9434774680525645,0.12836200540526024]
2007-08-01T00:00:00.000Z,7,5.0,10.27157,-74.84153,[0.3142028088283855,0.9403560766010821,0.13041105828791055]
2007-08-01T00:00:00.000Z,0,171.0,-0.72843,-74.34153,[0.3122178486170616,0.9489941722787366,0.043932630082084555]
2007-08-01T00:00:00.000Z,0,219.0,-0.22843,-74.34153,[0.3004496115103717,0.9522314300288393,0.054638215641603885]
2007-08-01T00:00:00.000Z,0,201.0,0.27157,-74.34153,[0.29400359209172056,0.9537189694682641,0.06310321000993026]
2007-08-01T00:00:00.000Z,9,242.0,0.77157,-74.34153,[0.2888401108964468,0.9549407748004977,0.06826058130981334]
2007-08-01T00:00:00.000Z,0,251.0,1.27157,-74.34153,[0.29341010308171545,0.9538798088041195,0.06343360123305103]
2007-08-01T00:00:00.000Z,0,298.0,1.77157,-74.34153,[0.3013221550602431,0.9523716306522545,0.04683199759370044]
2007-08-01T00:00:00.000Z,0,313.0,2.27157,-74.34153,[0.3120357284658092,0.9486892712226618,0.05120908930870336]
2007-08-01T00:00:00.000Z,0,364.0,2.77157,-74.34153,[0.2848360095134131,0.9575067641232147,0.04526858008338173]
2007-08-01T00:00:00.000Z,11,899.0,3.27157,-74.34153,[0.15997856530703577,0.9856743862465752,0.05341219841702645]
2007-08-01T00:00:00.000Z,11,3444.0,3.77157,-74.34153,[0.1550299884157682,0.986673909324084,0.04939938613926173]
2007-08-01T00:00:00.000Z,11,2263.0,4.27157,-74.34153,[0.17804729235335906,0.9829186139507355,0.046584976492454216]
2007-08-01T00:00:00.000Z,1,2655.0,4.77157,-74.34153,[0.2171049232955806,0.9751926062785096,0.04318371151890237]
2007-08-01T00:00:00.000Z,0,1104.0,5.27157,-74.34153,[0.29230517728657546,0.9554272530317404,0.041430031326155116]
2007-08-01T00:00:00.000Z,5,744.0,5.77157,-74.34153,[0.31657787210255417,0.9473622464791791,0.04778310204394357]
2007-08-01T00:00:00.000Z,5,119.0,6.27157,-74.34153,[0.3187654536390418,0.9458259628048941,0.061659011105362094]
2007-08-01T00:00:00.000Z,9,97.0,6.77157,-74.34153,[0.2739802955535143,0.9583764184543981,0.08030839432418799]
2007-08-01T00:00:00.000Z,9,575.0,7.27157,-74.34153,[0.26089242959408876,0.9591315046488076,0.10955316960548456]
2007-08-01T00:00:00.000Z,7,1234.0,7.77157,-74.34153,[0.2935815433297908,0.9473650571295943,0.12770797134845902]
2007-08-01T00:00:00.000Z,7,715.0,8.27157,-74.34153,[0.3195765735462946,0.9379630118885831,0.13452212446028142]
2007-08-01T00:00:00.000Z,10,14.0,8.77157,-74.34153,[0.3286668641140853,0.9347192376577886,0.13519629871359537]
2007-08-01T00:00:00.000Z,7,37.0,9.27157,-74.34153,[0.3155178328921014,0.9396694732313856,0.13217328854243665]
2007-08-01T00:00:00.000Z,7,95.0,9.77157,-74.34153,[0.30910229993197263,0.9420260569355356,0.13054760139984045]
2007-08-01T00:00:00.000Z,7,119.0,10.27157,-74.34153,[0.2994715767472976,0.9451723741950026,0.13025343672651976]
2007-08-01T00:00:00.000Z,7,5.0,10.77157,-74.34153,[0.2839653452573642,0.949580114540626,0.13289578158044646]
2007-08-01T00:00:00.000Z,2,156.0,-1.22843,-73.84153,[0.31315299594865825,0.9492450189693702,0.029480418759229157]
2007-08-01T00:00:00.000Z,0,195.0,-0.72843,-73.84153,[0.3060847879456807,0.9510491625455079,0.042633238321005525]
2007-08-01T00:00:00.000Z,0,174.0,-0.22843,-73.84153,[0.29315642652795326,0.9545459254019941,0.0538645141425345]
2007-08-01T00:00:00.000Z,0,241.0,0.27157,-73.84153,[0.28795445129505803,0.9555386485831925,0.0634675117140128]
2007-08-01T00:00:00.000Z,9,232.0,0.77157,-73.84153,[0.28627865558057763,0.9554259196408708,0.07215153108128379]
2007-08-01T00:00:00.000Z,9,267.0,1.27157,-73.84153,[0.287015479035187,0.9551689221332944,0.07262537424979429]
2007-08-01T00:00:00.000Z,9,265.0,1.77157,-73.84153,[0.2742943102102548,0.9594514057565453,0.06492789368268057]
2007-08-01T00:00:00.000Z,0,554.0,2.27157,-73.84153,[0.26014037388930555,0.9639129925362661,0.0565573045018267]
2007-08-01T00:00:00.000Z,9,995.0,2.77157,-73.84153,[0.2874936546769026,0.9551442081001227,0.07104182045321808]
2007-08-01T00:00:00.000Z,9,363.0,3.27157,-73.84153,[0.2728402785351154,0.9584997611146662,0.08268246701694583]
2007-08-01T00:00:00.000Z,6,545.0,3.77157,-73.84153,[0.20672486198482581,0.9745600636427503,0.08658818504850133]
2007-08-01T00:00:00.000Z,11,1499.0,4.27157,-73.84153,[0.15065593882099193,0.9847754049762398,0.08671902819940022]
2007-08-01T00:00:00.000Z,11,3610.0,4.77157,-73.84153,[0.14425085913415725,0.9863306607463744,0.07964620085526973]
2007-08-01T00:00:00.000Z,11,2585.0,5.27157,-73.84153,[0.1604975141539323,0.9851226730827568,0.06143180714167753]
2007-08-01T00:00:00.000Z,6,2622.0,5.77157,-73.84153,[0.24938499958317745,0.9670721477049008,0.05077975104634835]
2007-08-01T00:00:00.000Z,0,616.0,6.27157,-73.84153,[0.3091966153552572,0.9497586599969035,0.04853803471237246]
2007-08-01T00:00:00.000Z,5,101.0,6.77157,-73.84153,[0.3357882383890331,0.9390078237807604,0.07423318555814697]
2007-08-01T00:00:00.000Z,10,89.0,7.27157,-73.84153,[0.33831529212505657,0.9345660020050323,0.1101324248832631]
2007-08-01T00:00:00.000Z,7,59.0,7.77157,-73.84153,[0.31816264620959805,0.9395020168870376,0.1269192295205679]
2007-08-01T00:00:00.000Z,7,38.0,8.27157,-73.84153,[0.3244784299858485,0.9360852548512608,0.1358607526991107]
2007-08-01T00:00:00.000Z,10,29.0,8.77157,-73.84153,[0.3316160039328447,0.9334813491490396,0.13654082439512502]
2007-08-01T00:00:00.000Z,10,52.0,9.27157,-73.84153,[0.3299457734868378,0.9342550575433759,0.13528959314299013]
2007-08-01T00:00:00.000Z,7,46.0,9.77157,-73.84153,[0.2748399534820122,0.9530019525209609,0.1274765800499902]
2007-08-01T00:00:00.000Z,11,931.0,10.27157,-73.84153,[0.14153736445692755,0.9821180480255508,0.12414231432138151]
2007-08-01T00:00:00.000Z,7,2665.0,10.77157,-73.84153,[0.27684826788212663,0.9522240826752176,0.12893538282413558]
2007-08-01T00:00:00.000Z,2,139.0,-1.72843,-73.34153,[0.3103956552617825,0.9505112089144856,0.013526970190396746]
2007-08-01T00:00:00.000Z,2,199.0,-1.22843,-73.34153,[0.3095751670605001,0.9504925051154415,0.026966899318160747]
2007-08-01T00:00:00.000Z,0,223.0,-0.72843,-73.34153,[0.3037015200899027,0.9519182032857423,0.04021344238344561]
2007-08-01T00:00:00.000Z,0,171.0,-0.22843,-73.34153,[0.2920354441543634,0.9550030048757608,0.05181274009190319]
2007-08-01T00:00:00.000Z,0,209.0,0.27157,-73.34153,[0.2855153799484824,0.9563604596648354,0.062093791980665884]
2007-08-01T00:00:00.000Z,9,237.0,0.77157,-73.34153,[0.2770419155101976,0.95819869124808,0.07143560135469557]
2007-08-01T00:00:00.000Z,9,249.0,1.27157,-73.34153,[0.27738950848750527,0.957735792679082,0.07613942475768148]
2007-08-01T00:00:00.000Z,9,294.0,1.77157,-73.34153,[0.28063127721315095,0.9566458923622393,0.07794050857013018]
2007-08-01T00:00:00.000Z,9,229.0,2.27157,-73.34153,[0.2866391329355925,0.9550815909413942,0.07521410848229947]
2007-08-01T00:00:00.000Z,9,267.0,2.77157,-73.34153,[0.28925051619464237,0.9541809856938799,0.07663410090415823]
2007-08-01T00:00:00.000Z,9,234.0,3.27157,-73.34153,[0.2934836254903281,0.9514925477206273,0.09235417262453578]
2007-08-01T00:00:00.000Z,9,256.0,3.77157,-73.34153,[0.2912860868889301,0.9519229319530237,0.09484274989103565]
2007-08-01T00:00:00.000Z,6,300.0,4.27157,-73.34153,[0.23021073213095194,0.9689466635959469,0.09025176961153737]
2007-08-01T00:00:00.000Z,11,1229.0,4.77157,-73.34153,[0.15823758488261555,0.9839703341644334,0.08223897017138752]
2007-08-01T00:00:00.000Z,11,2684.0,5.27157,-73.34153,[0.1573408208780927,0.9840044988248972,0.08354048346622542]
2007-08-01T00:00:00.000Z,6,3515.0,5.77157,-73.34153,[0.2077099382975776,0.9761232073000914,0.0635615111730292]
2007-08-01T00:00:00.000Z,6,1301.0,6.27157,-73.34153,[0.22253597873597514,0.9737361100020843,0.048121993371332696]
2007-08-01T00:00:00.000Z,0,1945.0,6.77157,-73.34153,[0.2941330780305656,0.954139009221103,0.05571789201717218]
2007-08-01T00:00:00.000Z,6,351.0,7.27157,-73.34153,[0.2387198222568394,0.9673243982445388,0.08541870417247097]
2007-08-01T00:00:00.000Z,6,325.0,7.77157,-73.34153,[0.24273157137627346,0.9616793685002835,0.12749186820382363]
2007-08-01T00:00:00.000Z,9,1339.0,8.27157,-73.34153,[0.25834164068748766,0.9571159463355821,0.13110553747664572]
2007-08-01T00:00:00.000Z,7,1230.0,8.77157,-73.34153,[0.269490991250856,0.9540208508838321,0.1312205079761552]
2007-08-01T00:00:00.000Z,7,809.0,9.27157,-73.34153,[0.284808366297572,0.9497440279358551,0.129886396081675]
2007-08-01T00:00:00.000Z,7,74.0,9.77157,-73.34153,[0.2759099833650095,0.9526274734289835,0.12796318981578836]
2007-08-01T00:00:00.000Z,6,99.0,10.27157,-73.34153,[0.2277503767757707,0.96605017637116,0.12197058092730848]
2007-08-01T00:00:00.000Z,7,1426.0,10.77157,-73.34153,[0.300548294548623,0.9445803542956724,0.13205558270128687]
2007-08-01T00:00:00.000Z,2,146.0,-2.22843,-72.84153,[0.30412866117621795,0.9526209036842624,0.004378506016933877]
2007-08-01T00:00:00.000Z,2,165.0,-1.72843,-72.84153,[0.3051510364151709,0.9522612109142687,0.00902392169943696]
2007-08-01T00:00:00.000Z,2,168.0,-1.22843,-72.84153,[0.3005457437086114,0.9534961045500653,0.022747187661083138]
2007-08-01T00:00:00.000Z,0,178.0,-0.72843,-72.84153,[0.29381115335607116,0.9551788889982233,0.036170377046623896]
2007-08-01T00:00:00.000Z,0,191.0,-0.22843,-72.84153,[0.29266596775963194,0.9549538948013488,0.049088594592352604]
2007-08-01T00:00:00.000Z,0,247.0,0.27157,-72.84153,[0.2793598939133423,0.9582960295306047,0.060222665655089366]
2007-08-01T00:00:00.000Z,9,264.0,0.77157,-72.84153,[0.271517383881249,0.9598871828498927,0.06996360804574922]
2007-08-01T00:00:00.000Z,9,246.0,1.27157,-72.84153,[0.271805430293605,0.9591811465733003,0.07805982398927913]
2007-08-01T00:00:00.000Z,9,259.0,1.77157,-72.84153,[0.27287956775697664,0.9584335638021679,0.08331773687661786]
2007-08-01T00:00:00.000Z,9,271.0,2.27157,-72.84153,[0.28470621429568366,0.9546696471422726,0.08688058682277014]
2007-08-01T00:00:00.000Z,9,193.0,2.77157,-72.84153,[0.28128207842431213,0.9552339383289642,0.09169795756632577]
2007-08-01T00:00:00.000Z,9,182.0,3.27157,-72.84153,[0.2872474342782613,0.9529319645104224,0.09700300260746046]
2007-08-01T00:00:00.000Z,9,203.0,3.77157,-72.84153,[0.28679571662221826,0.9529387556292033,0.09826466784665644]
2007-08-01T00:00:00.000Z,9,165.0,4.27157,-72.84153,[0.2880003454251488,0.9527051426663922,0.09699851633919011]
2007-08-01T00:00:00.000Z,6,293.0,4.77157,-72.84153,[0.20569611619573244,0.9745815986599943,0.08876832394115299]
2007-08-01T00:00:00.000Z,6,1653.0,5.27157,-72.84153,[0.17412620253108876,0.9797847515555294,0.09849825486460095]
2007-08-01T00:00:00.000Z,11,2686.0,5.77157,-72.84153,[0.15656242029825304,0.9842899702357385,0.08161778631941717]
2007-08-01T00:00:00.000Z,11,2685.0,6.27157,-72.84153,[0.16228732551238284,0.9853993002334613,0.05148828097191427]
2007-08-01T00:00:00.000Z,11,1547.0,6.77157,-72.84153,[0.14205890545959435,0.9880132884216832,0.06040703006930498]
2007-08-01T00:00:00.000Z,6,3795.0,7.27157,-72.84153,[0.20823273980658213,0.9744371857247242,0.08432850733603575]
2007-08-01T00:00:00.000Z,7,1328.0,7.77157,-72.84153,[0.2839916119336721,0.950455798003822,0.12642207240918305]
2007-08-01T00:00:00.000Z,7,973.0,8.27157,-72.84153,[0.32396577928129483,0.9365556164677432,0.13382731827765487]
2007-08-01T00:00:00.000Z,10,83.0,8.77157,-72.84153,[0.329319233840794,0.9344581869995092,0.13541321564789327]
2007-08-01T00:00:00.000Z,7,223.0,10.77157,-72.84153,[0.3173078048071493,0.9388508082308912,0.1336971087670573]
2007-08-01T00:00:00.000Z,10,51.0,11.27157,-72.84153,[0.32826408427239895,0.9351983983587769,0.13284068158505355]
2007-08-01T00:00:00.000Z,2,149.0,-2.22843,-72.34153,[0.296350093078429,0.955034479647281,0.009260940408700907]
2007-08-01T00:00:00.000Z,2,147.0,-1.72843,-72.34153,[0.3000678690171987,0.953912252867904,0.0032692219192535267]
2007-08-01T00:00:00.000Z,2,145.0,-1.22843,-72.34153,[0.29829455275762673,0.9543095262050637,0.017711239069984088]
2007-08-01T00:00:00.000Z,0,205.0,-0.72843,-72.34153,[0.29434621944982126,0.9551709334715542,0.03176146952956569]
2007-08-01T00:00:00.000Z,0,176.0,-0.22843,-72.34153,[0.28621797910029934,0.9571129221114009,0.04487897912292693]
2007-08-01T00:00:00.000Z,0,150.0,0.27157,-72.34153,[0.2843504425347956,0.9569705656391916,0.057897861190819834]
2007-08-01T00:00:00.000Z,9,218.0,0.77157,-72.34153,[0.2806420350004887,0.9573514581065057,0.06868940130858735]
2007-08-01T00:00:00.000Z,9,234.0,1.27157,-72.34153,[0.27373208170574304,0.9586209228715409,0.07820916620164087]
2007-08-01T00:00:00.000Z,9,237.0,1.77157,-72.34153,[0.27473462248056935,0.9576781779585837,0.08586847309919009]
2007-08-01T00:00:00.000Z,9,203.0,2.27157,-72.34153,[0.28273363459150624,0.9547869961800468,0.09188843124223953]
2007-08-01T00:00:00.000Z,9,188.0,2.77157,-72.34153,[0.2784765493730615,0.955731517448347,0.09501619864608857]
2007-08-01T00:00:00.000Z,9,220.0,3.27157,-72.34153,[0.2809187667122703,0.9546761275122172,0.09837752826298228]
2007-08-01T00:00:00.000Z,9,180.0,3.77157,-72.34153,[0.2860001715352772,0.9529570932973861,0.10038266890250047]
2007-08-01T00:00:00.000Z,7,190.0,4.27157,-72.34153,[0.29556115147769557,0.9499358409360954,0.10131882274391042]
2007-08-01T00:00:00.000Z,7,177.0,4.77157,-72.34153,[0.2971262898609081,0.9496389264181965,0.09950817707498646]
2007-08-01T00:00:00.000Z,6,257.0,5.27157,-72.34153,[0.23079002637392282,0.9686359727614888,0.09208863121324012]
2007-08-01T00:00:00.000Z,11,1342.0,5.77157,-72.34153,[0.1664894071035783,0.9822875019111118,0.08597988666849078]
2007-08-01T00:00:00.000Z,11,3317.0,6.27157,-72.34153,[0.1620272579996731,0.9853657690202341,0.05292890427989321]
2007-08-01T00:00:00.000Z,6,3467.0,6.77157,-72.34153,[0.20894875007151256,0.9766082883777218,0.050760919174981586]
2007-08-01T00:00:00.000Z,6,2203.0,7.27157,-72.34153,[0.22369408151100112,0.9723385955126432,0.06722063353948678]
2007-08-01T00:00:00.000Z,10,97.0,11.27157,-72.34153,[0.3637659274041946,0.9207825037418677,0.1408329892554434]
2007-08-01T00:00:00.000Z,10,19.0,11.77157,-72.34153,[0.33666998125868614,0.9321325459760064,0.13335006730993512]
2007-08-01T00:00:00.000Z,2,109.0,-2.22843,-71.84153,[0.2914945783605405,0.9564665852455234,0.014233133709010765]
2007-08-01T00:00:00.000Z,2,140.0,-1.72843,-71.84153,[0.2934403807641729,0.955973740458282,0.0026363784209281157]
2007-08-01T00:00:00.000Z,2,153.0,-1.22843,-71.84153,[0.29706725023306607,0.954776454056469,0.012368169562232712]
2007-08-01T00:00:00.000Z,2,136.0,-0.72843,-71.84153,[0.2943052516497795,0.9553424379725264,0.026556450441835574]
2007-08-01T00:00:00.000Z,0,192.0,-0.22843,-71.84153,[0.2810748029880434,0.9588277553543737,0.04057450785069336]
2007-08-01T00:00:00.000Z,0,216.0,0.27157,-71.84153,[0.27997357488073166,0.9584579236844404,0.05452711155943282]
2007-08-01T00:00:00.000Z,9,215.0,0.77157,-71.84153,[0.2760293201697401,0.9588386911159392,0.06660464567658506]
2007-08-01T00:00:00.000Z,9,232.0,1.27157,-71.84153,[0.2648559703108724,0.9612064589198743,0.07702894469874538]
2007-08-01T00:00:00.000Z,9,233.0,1.77157,-71.84153,[0.27617257392338274,0.9571764309071459,0.08684462866747338]
2007-08-01T00:00:00.000Z,9,159.0,2.27157,-71.84153,[0.2776532713457883,0.9562378665148948,0.09229194739534004]
2007-08-01T00:00:00.000Z,9,186.0,2.77157,-71.84153,[0.28076199436005167,0.9548136078038265,0.09748680359724016]
2007-08-01T00:00:00.000Z,9,222.0,3.27157,-71.84153,[0.28409851651256246,0.9533582629216029,0.10196104861399474]
2007-08-01T00:00:00.000Z,9,206.0,3.77157,-71.84153,[0.2866300097312375,0.9524241268234821,0.10359305076113229]
2007-08-01T00:00:00.000Z,7,189.0,4.27157,-71.84153,[0.29355709430682886,0.9503482586119909,0.10325899348380284]
2007-08-01T00:00:00.000Z,7,149.0,4.77157,-71.84153,[0.2996643179249562,0.9487441725809423,0.10042804168295828]
2007-08-01T00:00:00.000Z,7,172.0,5.27157,-71.84153,[0.30487140388823986,0.9475732823553402,0.09569901596955176]
2007-08-01T00:00:00.000Z,9,213.0,5.77157,-71.84153,[0.29454209145100035,0.9519600395696332,0.08376777080866452]
2007-08-01T00:00:00.000Z,0,412.0,6.27157,-71.84153,[0.28444565782241504,0.9567717581299416,0.060650396461308334]
2007-08-01T00:00:00.000Z,5,325.0,6.77157,-71.84153,[0.3247655537235783,0.9446602608309406,0.04630687553092846]
2007-08-01T00:00:00.000Z,10,174.0,11.77157,-71.84153,[0.36420652157186956,0.9207038989386771,0.14020677631140852]
2007-08-01T00:00:00.000Z,2,107.0,-2.22843,-71.34153,[0.28740624219721167,0.9576465804461779,0.017626085947250875]
2007-08-01T00:00:00.000Z,2,121.0,-1.72843,-71.34153,[0.28962321006645797,0.9571142020164977,0.007127446185229238]
2007-08-01T00:00:00.000Z,2,140.0,-1.22843,-71.34153,[0.290568098606945,0.9568316684595883,0.006583183484063597]
2007-08-01T00:00:00.000Z,2,186.0,-0.72843,-71.34153,[0.29410317002828007,0.9555492100140618,0.020713102636232956]
2007-08-01T00:00:00.000Z,0,201.0,-0.22843,-71.34153,[0.2830348807688913,0.9584846559902692,0.03461821051635443]
2007-08-01T00:00:00.000Z,0,185.0,0.27157,-71.34153,[0.28195705200809346,0.9582046428800943,0.04841573283485588]
2007-08-01T00:00:00.000Z,0,228.0,0.77157,-71.34153,[0.269545136981448,0.9610830703846713,0.060537186502390795]
2007-08-01T00:00:00.000Z,9,342.0,1.27157,-71.34153,[0.2709113134802523,0.9598000820443225,0.07342249475546431]
2007-08-01T00:00:00.000Z,9,222.0,1.77157,-71.34153,[0.27502023590525915,0.9576005804412037,0.0858195675897134]
2007-08-01T00:00:00.000Z,9,164.0,2.27157,-71.34153,[0.2780473954484798,0.9559956265818249,0.09360559727249618]
2007-08-01T00:00:00.000Z,9,189.0,2.77157,-71.34153,[0.28274436945681636,0.953983955214534,0.09985106275699383]
2007-08-01T00:00:00.000Z,9,209.0,3.27157,-71.34153,[0.28640102251983707,0.9524237925365562,0.10422750937192501]
2007-08-01T00:00:00.000Z,9,171.0,3.77157,-71.34153,[0.28473649956488706,0.9528583646856458,0.10481442011542103]
2007-08-01T00:00:00.000Z,7,165.0,4.27157,-71.34153,[0.29255567318457526,0.9505213506191454,0.10450043112196113]
2007-08-01T00:00:00.000Z,7,131.0,4.77157,-71.34153,[0.29672106588046415,0.9497365390536866,0.0997853468655924]
2007-08-01T00:00:00.000Z,9,146.0,5.27157,-71.34153,[0.29865393584090255,0.9499492497708708,0.09166378492347702]
2007-08-01T00:00:00.000Z,9,151.0,5.77157,-71.34153,[0.29800947640624004,0.9513379439122278,0.07839941610071853]
2007-08-01T00:00:00.000Z,0,157.0,6.27157,-71.34153,[0.3038821585738442,0.9510815650021079,0.05567306721963559]
2007-08-01T00:00:00.000Z,0,154.0,6.77157,-71.34153,[0.30965696814625504,0.9500838795396462,0.03812064948770185]
2007-08-01T00:00:00.000Z,2,97.0,-2.22843,-70.84153,[0.2862724364264097,0.9579544565241727,0.019270479183567658]
2007-08-01T00:00:00.000Z,2,137.0,-1.72843,-70.84153,[0.28559630829401356,0.9583094875959283,0.008813323576260575]
2007-08-01T00:00:00.000Z,8,114.0,-1.22843,-70.84153,[0.2816233247417734,0.9595229483296784,0.00200364420764898]
2007-08-01T00:00:00.000Z,8,155.0,-0.72843,-70.84153,[0.28250576371424735,0.9591796483420493,0.012841171077920332]
2007-08-01T00:00:00.000Z,8,183.0,-0.22843,-70.84153,[0.282026302100897,0.9591132575415426,0.023726022240234193]
2007-08-01T00:00:00.000Z,0,193.0,0.27157,-70.84153,[0.2802756617387512,0.9591904120860051,0.037407309435251654]
2007-08-01T00:00:00.000Z,0,250.0,0.77157,-70.84153,[0.2784849876013044,0.9591022972988923,0.0506842677434374]
2007-08-01T00:00:00.000Z,9,316.0,1.27157,-70.84153,[0.27543806937074655,0.959055446363202,0.06592814833131122]
2007-08-01T00:00:00.000Z,9,186.0,1.77157,-70.84153,[0.2799248433571868,0.9564098814703882,0.08319988399783053]
2007-08-01T00:00:00.000Z,9,191.0,2.27157,-70.84153,[0.2812736561192793,0.9549963265077506,0.0941655283529761]
2007-08-01T00:00:00.000Z,9,160.0,2.77157,-70.84153,[0.2834101006325679,0.95359163271664,0.10169421257992141]
2007-08-01T00:00:00.000Z,7,240.0,3.27157,-70.84153,[0.2903645143072647,0.951000056548987,0.10624189980854955]
2007-08-01T00:00:00.000Z,7,186.0,3.77157,-70.84153,[0.29056746760088065,0.9508452928106639,0.10706902405370973]
2007-08-01T00:00:00.000Z,7,176.0,4.27157,-70.84153,[0.2932263337272371,0.9501442441704272,0.10603882533624505]
2007-08-01T00:00:00.000Z,7,146.0,4.77157,-70.84153,[0.2931666373623166,0.9508107157696755,0.10006150865957061]
2007-08-01T00:00:00.000Z,9,123.0,5.27157,-70.84153,[0.2939215262435517,0.951585017914947,0.0899782756584666]
2007-08-01T00:00:00.000Z,9,120.0,5.77157,-70.84153,[0.2905279133306154,0.9539556387905648,0.07457996242586679]
2007-08-01T00:00:00.000Z,0,126.0,6.27157,-70.84153,[0.2890831243650755,0.9558572273067438,0.05261091343808845]
2007-08-01T00:00:00.000Z,0,122.0,6.77157,-70.84153,[0.30039292767577086,0.9531264321742503,0.036250424730797905]
2007-08-01T00:00:00.000Z,0,97.0,-3.72843,-70.34153,[0.2782166621356997,0.9596301276008703,0.04129778578576792]
2007-08-01T00:00:00.000Z,8,132.0,-2.22843,-70.34153,[0.2819553078271937,0.9593088793651785,0.015089014520439663]
2007-08-01T00:00:00.000Z,2,129.0,-1.72843,-70.34153,[0.285408372116208,0.958394650335749,0.004664261334194839]
2007-08-01T00:00:00.000Z,8,144.0,-1.22843,-70.34153,[0.27894125873647174,0.9603076535947307,9.922811575605714E-4]
2007-08-01T00:00:00.000Z,8,134.0,-0.72843,-70.34153,[0.28071479285768564,0.9597561099679764,0.008210630304928353]
2007-08-01T00:00:00.000Z,8,170.0,-0.22843,-70.34153,[0.27907414143758236,0.960147938993587,0.015282631554915225]
2007-08-01T00:00:00.000Z,8,177.0,0.27157,-70.34153,[0.28155551310915233,0.9592919063244638,0.022034779286803228]
2007-08-01T00:00:00.000Z,0,190.0,0.77157,-70.34153,[0.27985575425784526,0.9595054431697553,0.03209456864306241]
2007-08-01T00:00:00.000Z,0,195.0,1.27157,-70.34153,[0.2795993140747434,0.9586262196848346,0.053478916422232674]
2007-08-01T00:00:00.000Z,9,216.0,1.77157,-70.34153,[0.2774720890022076,0.957939354888574,0.07322180126447146]
2007-08-01T00:00:00.000Z,9,168.0,2.27157,-70.34153,[0.2796247650163791,0.9560293349374227,0.08841889802889458]
2007-08-01T00:00:00.000Z,9,193.0,2.77157,-70.34153,[0.28577423711280786,0.9529514443800637,0.10107734690098925]
2007-08-01T00:00:00.000Z,7,177.0,3.27157,-70.34153,[0.28918019647720117,0.9512800285659283,0.10696317692091072]
2007-08-01T00:00:00.000Z,7,174.0,3.77157,-70.34153,[0.28936904372429,0.9511044537914648,0.10800867794825243]
2007-08-01T00:00:00.000Z,7,118.0,4.27157,-70.34153,[0.2901079110790826,0.9509714923017033,0.10719431308983864]
2007-08-01T00:00:00.000Z,9,116.0,4.77157,-70.34153,[0.28557856807478305,0.9530354539239851,0.10083801376594083]
2007-08-01T00:00:00.000Z,9,124.0,5.27157,-70.34153,[0.2873718771547824,0.9535020904829178,0.09083593818110938]
2007-08-01T00:00:00.000Z,9,105.0,5.77157,-70.34153,[0.28502306324910376,0.9555370894366506,0.07556933324458996]
2007-08-01T00:00:00.000Z,0,104.0,6.27157,-70.34153,[0.2811395921340685,0.958037225503018,0.05590352658973592]
2007-08-01T00:00:00.000Z,0,109.0,6.77157,-70.34153,[0.2888163973350918,0.9564984109462545,0.041181045247399024]
2007-08-01T00:00:00.000Z,0,140.0,-3.72843,-69.84153,[0.279659485019071,0.9592970707049528,0.0392390440220557]
2007-08-01T00:00:00.000Z,0,128.0,-3.22843,-69.84153,[0.2815066482696448,0.9590866039884409,0.03011466469861316]
2007-08-01T00:00:00.000Z,8,61.0,-2.72843,-69.84153,[0.28086464044791193,0.9595297833201039,0.020436454382785813]
2007-08-01T00:00:00.000Z,8,111.0,-2.22843,-69.84153,[0.27859539883053575,0.9603347277334939,0.011908587636285647]
2007-08-01T00:00:00.000Z,8,145.0,-1.72843,-69.84153,[0.27949358132144897,0.9601426558336834,0.003068949128235518]
2007-08-01T00:00:00.000Z,8,68.0,-1.22843,-69.84153,[0.2803799330247259,0.9598889471787675,5.497645745582862E-4]
2007-08-01T00:00:00.000Z,8,122.0,-0.72843,-69.84153,[0.27965623875356516,0.960079685799641,0.006275750239745359]
2007-08-01T00:00:00.000Z,8,188.0,0.77157,-69.84153,[0.2845884879430651,0.9582627992457896,0.027236007635176158]
2007-08-01T00:00:00.000Z,0,195.0,1.77157,-69.84153,[0.28015950446949994,0.9584984621417145,0.052833229386177356]
2007-08-01T00:00:00.000Z,9,182.0,2.27157,-69.84153,[0.2847044279988313,0.9560308224240911,0.07034525750165675]
2007-08-01T00:00:00.000Z,9,180.0,2.77157,-69.84153,[0.28586316345169704,0.9539852082632214,0.0905233350930374]
2007-08-01T00:00:00.000Z,9,198.0,3.27157,-69.84153,[0.28457474033546665,0.9529944792629581,0.10401317059548257]
2007-08-01T00:00:00.000Z,7,149.0,3.77157,-69.84153,[0.2844752894419122,0.9526614344101246,0.10728467311123278]
2007-08-01T00:00:00.000Z,9,188.0,4.27157,-69.84153,[0.28200544083530227,0.9535514711512751,0.10588920249263296]
2007-08-01T00:00:00.000Z,9,143.0,4.77157,-69.84153,[0.27944268068677025,0.9546718818793162,0.10253480462553476]
2007-08-01T00:00:00.000Z,9,100.0,5.27157,-69.84153,[0.27701695679749333,0.9560857613983526,0.09571636483897825]
2007-08-01T00:00:00.000Z,9,112.0,5.77157,-69.84153,[0.273263545638729,0.9585572811858541,0.08059139724892203]
2007-08-01T00:00:00.000Z,0,98.0,6.27157,-69.84153,[0.2784764777088201,0.9586017213438232,0.059444017357075066]
2007-08-01T00:00:00.000Z,8,169.0,0.77157,-69.34153,[0.28191199832824293,0.9591615255621077,0.023125593612863676]
2007-08-01T00:00:00.000Z,0,182.0,1.77157,-69.34153,[0.28085809862938343,0.9588671023518794,0.04114132304141359]
2007-08-01T00:00:00.000Z,0,167.0,2.27157,-69.34153,[0.2876558446451033,0.9562613213877758,0.05308860762176038]
2007-08-01T00:00:00.000Z,9,128.0,2.77157,-69.34153,[0.2888084526738426,0.9541786955647338,0.07831152274425347]
2007-08-01T00:00:00.000Z,9,182.0,3.27157,-69.34153,[0.28729756026381964,0.9525019113362021,0.1009961423388966]
2007-08-01T00:00:00.000Z,9,123.0,3.77157,-69.34153,[0.2836874430586425,0.9529269322819266,0.10701259917694739]
2007-08-01T00:00:00.000Z,9,172.0,4.27157,-69.34153,[0.28194410556646526,0.9536024574371565,0.10559296617740203]
2007-08-01T00:00:00.000Z,9,142.0,4.77157,-69.34153,[0.28108466915102925,0.9539514447249219,0.10472845781109778]
2007-08-01T00:00:00.000Z,9,117.0,5.27157,-69.34153,[0.27757883597993055,0.955387621512319,0.10091819695704451]
2007-08-01T00:00:00.000Z,9,83.0,5.77157,-69.34153,[0.27806026268158845,0.9565702472945766,0.08749772744613693]
2007-08-01T00:00:00.000Z,0,139.0,1.77157,-68.84153,[0.284129029959549,0.9581095196310372,0.03601170263440795]
2007-08-01T00:00:00.000Z,0,178.0,2.27157,-68.84153,[0.28490451926725013,0.9574116984678521,0.046821517895082966]
2007-08-01T00:00:00.000Z,9,155.0,2.77157,-68.84153,[0.28713579966932423,0.9552787181306364,0.07067958145706443]
2007-08-01T00:00:00.000Z,9,154.0,3.27157,-68.84153,[0.2888902635120309,0.9526762888335677,0.09460604812722234]
2007-08-01T00:00:00.000Z,7,118.0,3.77157,-68.84153,[0.28674803952344313,0.9521786045244104,0.10550576721396916]
2007-08-01T00:00:00.000Z,7,168.0,4.27157,-68.84153,[0.2874327239388656,0.9519159792804256,0.10601130882916335]
2007-08-01T00:00:00.000Z,7,130.0,4.77157,-68.84153,[0.2874260569266626,0.9518938995556012,0.10622742484133692]
2007-08-01T00:00:00.000Z,9,118.0,5.27157,-68.84153,[0.28429295223535406,0.9530893992564552,0.10391397564464665]
2007-08-01T00:00:00.000Z,9,76.0,5.77157,-68.84153,[0.29223930567533324,0.951707625652123,0.09406797273247518]
2007-08-01T00:00:00.000Z,0,140.0,1.77157,-68.34153,[0.2832622721237757,0.9584804789304502,0.032827681924422064]
2007-08-01T00:00:00.000Z,0,115.0,2.27157,-68.34153,[0.2824424818379943,0.9583262418783309,0.04286092136841159]
2007-08-01T00:00:00.000Z,0,126.0,2.77157,-68.34153,[0.2889662085991405,0.9554706437588438,0.05978611212396011]
2007-08-01T00:00:00.000Z,9,132.0,3.27157,-68.34153,[0.28925046410937527,0.9538641259179398,0.08048228562432617]
2007-08-01T00:00:00.000Z,7,110.0,3.77157,-68.34153,[0.2939252269117515,0.9505430923146077,0.1003782378698623]
2007-08-01T00:00:00.000Z,7,121.0,4.27157,-68.34153,[0.29867417755061204,0.9484019593118314,0.1064305371495651]
2007-08-01T00:00:00.000Z,7,109.0,4.77157,-68.34153,[0.30221582262915125,0.9470927080906116,0.10807866965399386]
2007-08-01T00:00:00.000Z,7,89.0,5.27157,-68.34153,[0.30320781274915976,0.9469587286233087,0.10646214619289526]
2007-08-01T00:00:00.000Z,7,65.0,5.77157,-68.34153,[0.3104418530237173,0.9450720617880691,0.10229689105172676]
2007-08-01T00:00:00.000Z,0,136.0,2.27157,-67.84153,[0.2851115959113852,0.9577107661888229,0.03874875743660525]
2007-08-01T00:00:00.000Z,0,120.0,2.77157,-67.84153,[0.2881955953728677,0.9562351938425417,0.050572253900679466]
2007-08-01T00:00:00.000Z,9,103.0,3.27157,-67.84153,[0.2951972462040976,0.9524288509603903,0.0757487273278439]
2007-08-01T00:00:00.000Z,7,95.0,3.77157,-67.84153,[0.3024465453155521,0.9479667838248648,0.09942365911306023]
2007-08-01T00:00:00.000Z,7,110.0,4.27157,-67.84153,[0.3051724825723806,0.9462624366330158,0.10703810955896931]
2007-08-01T00:00:00.000Z,7,101.0,4.77157,-67.84153,[0.31223930709199904,0.9436565725447082,0.10963069004563523]
2007-08-01T00:00:00.000Z,7,80.0,5.77157,-67.84153,[0.32257989751496585,0.9405626315820982,0.10622686002415908]
2007-08-01T00:00:00.000Z,7,54.0,6.27157,-67.84153,[0.3135551789139537,0.9452936574638382,0.09001694804245608]
2007-08-01T00:00:00.000Z,0,114.0,2.27157,-67.34153,[0.2951659539974732,0.9548171390675839,0.03465963853758208]
