2005-11-01T00:00:00.000Z,0,10.0,1.77157,-78.84153,[0.2683984565481656,0.9631417864609069,0.017893230436544373]
2005-11-01T00:00:00.000Z,0,235.0,1.27157,-78.34153,[0.2831263768439656,0.9589764376973027,0.01427048270382891]
2005-11-01T00:00:00.000Z,0,57.0,1.77157,-78.34153,[0.2797083485240203,0.9599590521344378,0.01555178417793553]
2005-11-01T00:00:00.000Z,0,1772.0,1.27157,-77.84153,[0.2536465695801579,0.9672389186656688,0.010596790018015485]
2005-11-01T00:00:00.000Z,0,528.0,1.77157,-77.84153,[0.2822657079415751,0.9592535811719661,0.012595123222890999]
2005-11-01T00:00:00.000Z,0,116.0,2.27157,-77.84153,[0.2787537674235465,0.9602738051008001,0.01305972374937088]
2005-11-01T00:00:00.000Z,0,167.0,7.27157,-77.84153,[0.24804574531977622,0.9666332049371537,0.06398089825630279]
2005-11-01T00:00:00.000Z,0,2201.0,0.77157,-77.34153,[0.174493057135679,0.9846393938370458,0.006118587717744589]
2005-11-01T00:00:00.000Z,0,2447.0,1.27157,-77.34153,[0.21372510710969247,0.9768692068416833,0.0069376736339271895]
2005-11-01T00:00:00.000Z,0,1706.0,1.77157,-77.34153,[0.19610839489107354,0.9805419744553676,0.008884468718822116]
2005-11-01T00:00:00.000Z,0,2096.0,2.27157,-77.34153,[0.26357534551581785,0.9645736048663971,0.011215972149609269]
2005-11-01T00:00:00.000Z,0,57.0,2.77157,-77.34153,[0.2799802137024443,0.9599321612655234,0.01188804875641331]
2005-11-01T00:00:00.000Z,0,74.0,3.27157,-77.34153,[0.2745616158263338,0.9615082672811531,0.010852237779696988]
2005-11-01T00:00:00.000Z,0,28.0,4.27157,-77.34153,[0.26171520429030504,0.9651394687859866,0.003310231832920854]
2005-11-01T00:00:00.000Z,0,14.0,5.27157,-77.34153,[0.24894538114490403,0.9683467274738511,0.01818825437752564]
2005-11-01T00:00:00.000Z,0,499.0,6.27157,-77.34153,[0.2619018097973372,0.9641788401006807,0.042031016249733946]
2005-11-01T00:00:00.000Z,0,695.0,6.77157,-77.34153,[0.27416956731196784,0.9601353226814366,0.05450881120866396]
2005-11-01T00:00:00.000Z,0,345.0,7.27157,-77.34153,[0.2734182017033079,0.9596869948231641,0.06514106956915462]
2005-11-01T00:00:00.000Z,0,279.0,0.27157,-76.84153,[0.2722722339774936,0.962182386174702,0.008537349709463782]
2005-11-01T00:00:00.000Z,0,485.0,0.77157,-76.84153,[0.18925724639502808,0.9819111254142046,0.005677717391850842]
2005-11-01T00:00:00.000Z,0,3335.0,1.27157,-76.84153,[0.1525538637383506,0.9882837259571409,0.004753489957064547]
2005-11-01T00:00:00.000Z,0,2008.0,1.77157,-76.84153,[0.15567900625378092,0.9877942579905394,0.005152755840794157]
2005-11-01T00:00:00.000Z,0,1013.0,2.27157,-76.84153,[0.19674550968916812,0.9804301376689273,0.006924562631518208]
2005-11-01T00:00:00.000Z,0,2856.0,2.77157,-76.84153,[0.237205789226017,0.9714141844494031,0.009375276431314005]
2005-11-01T00:00:00.000Z,0,1911.0,3.27157,-76.84153,[0.24676222537180914,0.9690206110491136,0.01036626700192075]
2005-11-01T00:00:00.000Z,0,794.0,3.77157,-76.84153,[0.2652482677280958,0.9641389316589705,0.008914983272189111]
2005-11-01T00:00:00.000Z,0,70.0,4.27157,-76.84153,[0.27258401184266057,0.9621245951600627,0.003770925065017043]
2005-11-01T00:00:00.000Z,0,24.0,4.77157,-76.84153,[0.2706436084592339,0.9626421681275495,0.008490779873230868]
2005-11-01T00:00:00.000Z,0,133.0,5.27157,-76.84153,[0.27144047256377857,0.9622830870496306,0.01820247874839456]
2005-11-01T00:00:00.000Z,0,76.0,5.77157,-76.84153,[0.2658800636808925,0.9635493507795545,0.029672215106787605]
2005-11-01T00:00:00.000Z,0,38.0,6.27157,-76.84153,[0.25982899786607144,0.9647748855191013,0.04121058285826625]
2005-11-01T00:00:00.000Z,0,20.0,6.77157,-76.84153,[0.27980306291389384,0.9585440866229878,0.0538839492252147]
2005-11-01T00:00:00.000Z,0,15.0,7.27157,-76.84153,[0.28050408872195837,0.957658490402311,0.06486657051695287]
2005-11-01T00:00:00.000Z,0,8.0,7.77157,-76.84153,[0.2891793983578288,0.9544019687246972,0.07410909296318502]
2005-11-01T00:00:00.000Z,0,294.0,0.77157,-76.34153,[0.25722716565252535,0.9663091311459912,0.008991569064844912]
2005-11-01T00:00:00.000Z,0,1412.0,1.27157,-76.34153,[0.1836921181850431,0.9829715133830581,0.004920324594242226]
2005-11-01T00:00:00.000Z,0,2388.0,1.77157,-76.34153,[0.13732184051756233,0.990518193897171,0.004052119884124791]
2005-11-01T00:00:00.000Z,0,3852.0,2.27157,-76.34153,[0.14391832516500266,0.9895779412508323,0.004797277505500089]
2005-11-01T00:00:00.000Z,0,2450.0,2.77157,-76.34153,[0.2047080322283081,0.9787952360643146,0.007382912637742259]
2005-11-01T00:00:00.000Z,0,990.0,3.27157,-76.34153,[0.2089123657679321,0.9778876695520224,0.009556629497894766]
2005-11-01T00:00:00.000Z,0,962.0,3.77157,-76.34153,[0.22809822885281214,0.9735900012010275,0.00968026629765593]
2005-11-01T00:00:00.000Z,0,1899.0,4.27157,-76.34153,[0.19209682737609501,0.9813642268126593,0.004802420684402376]
2005-11-01T00:00:00.000Z,0,1358.0,4.77157,-76.34153,[0.22470136947712493,0.9744158913344517,0.004792209301644844]
2005-11-01T00:00:00.000Z,0,407.0,5.27157,-76.34153,[0.21029512965431962,0.9775024870866617,0.016274095460686044]
2005-11-01T00:00:00.000Z,0,480.0,5.77157,-76.34153,[0.20362577377374988,0.9786830383471329,0.026759198543042522]
2005-11-01T00:00:00.000Z,0,1095.0,6.27157,-76.34153,[0.20516138671195872,0.9779713770725493,0.038481047663072046]
2005-11-01T00:00:00.000Z,0,1485.0,6.77157,-76.34153,[0.23051185677655833,0.9717449375121886,0.05075490424437981]
2005-11-01T00:00:00.000Z,0,827.0,7.27157,-76.34153,[0.2645943847126636,0.9622595786897277,0.06361065003908525]
2005-11-01T00:00:00.000Z,0,201.0,7.77157,-76.34153,[0.2777155204455423,0.9579015802867729,0.07279184149178082]
2005-11-01T00:00:00.000Z,0,165.0,8.27157,-76.34153,[0.27628007968564106,0.9579826517835447,0.07706202988932824]
2005-11-01T00:00:00.000Z,0,99.0,8.77157,-76.34153,[0.28294234344873853,0.955597725987249,0.08232020633923676]
2005-11-01T00:00:00.000Z,0,267.0,0.27157,-75.84153,[0.2963100523823697,0.9549054422478709,0.01886661661653369]
2005-11-01T00:00:00.000Z,0,241.0,0.77157,-75.84153,[0.2872217618743987,0.9577873095174171,0.012129683967604088]
2005-11-01T00:00:00.000Z,0,250.0,1.27157,-75.84153,[0.22810400123920221,0.9736146394356192,0.006564944425908746]
2005-11-01T00:00:00.000Z,0,1712.0,1.77157,-75.84153,[0.23874915824634685,0.9710662878673529,0.005394812710374184]
2005-11-01T00:00:00.000Z,0,1262.0,2.27157,-75.84153,[0.20583777688006452,0.9785730376265362,0.005061584677378636]
2005-11-01T00:00:00.000Z,0,2705.0,2.77157,-75.84153,[0.16509531165098532,0.986255652607847,0.0065822313795490875]
2005-11-01T00:00:00.000Z,0,1867.0,3.27157,-75.84153,[0.1417100280268955,0.9898707883656478,0.008607572072744764]
2005-11-01T00:00:00.000Z,0,3782.0,3.77157,-75.84153,[0.1611449382679233,0.9868810925297002,0.009900407972016202]
2005-11-01T00:00:00.000Z,0,2035.0,4.27157,-75.84153,[0.20997049750124827,0.9776751289901873,0.007983253290412044]
2005-11-01T00:00:00.000Z,0,1185.0,4.77157,-75.84153,[0.21122104777445058,0.9774361751603402,0.0020475509733237558]
2005-11-01T00:00:00.000Z,0,1530.0,5.27157,-75.84153,[0.22778234916654405,0.9736578846726787,0.01027253731535395]
2005-11-01T00:00:00.000Z,0,1704.0,5.77157,-75.84153,[0.22429652524518695,0.9742520865778121,0.02288974796091908]
2005-11-01T00:00:00.000Z,0,488.0,6.27157,-75.84153,[0.18110964719499817,0.9828640502746098,0.03431551210010492]
2005-11-01T00:00:00.000Z,0,896.0,6.77157,-75.84153,[0.189933143561209,0.9806330781692856,0.04779295949393465]
2005-11-01T00:00:00.000Z,0,2421.0,7.27157,-75.84153,[0.2374697301358921,0.9694959852069682,0.06070965274778459]
2005-11-01T00:00:00.000Z,0,131.0,7.77157,-75.84153,[0.28323119756381193,0.9563091385424524,0.07247703268458001]
2005-11-01T00:00:00.000Z,0,43.0,8.27157,-75.84153,[0.2765549298805396,0.9579526278371541,0.07644693308865104]
2005-11-01T00:00:00.000Z,0,10.0,8.77157,-75.84153,[0.28561651987611003,0.9548970216753528,0.0812088761737298]
2005-11-01T00:00:00.000Z,0,155.0,9.27157,-75.84153,[0.2941478593244268,0.9518492526453363,0.08637150625855829]
2005-11-01T00:00:00.000Z,0,228.0,0.27157,-75.34153,[0.30182627520557126,0.9530745074760538,0.023449579842894384]
2005-11-01T00:00:00.000Z,0,189.0,0.77157,-75.34153,[0.29242717270787294,0.9560997795175378,0.018962074480276134]
2005-11-01T00:00:00.000Z,0,244.0,1.27157,-75.34153,[0.28053400982881815,0.9597216125722727,0.015332830496716784]
2005-11-01T00:00:00.000Z,0,1357.0,1.77157,-75.34153,[0.21470348580140258,0.9766255995171492,0.010239704707451508]
2005-11-01T00:00:00.000Z,0,2437.0,2.27157,-75.34153,[0.25011435005297006,0.9681845808502066,0.00783768470212072]
2005-11-01T00:00:00.000Z,0,485.0,2.77157,-75.34153,[0.28183941972169857,0.9594283579692823,0.007985450225448127]
2005-11-01T00:00:00.000Z,0,694.0,3.27157,-75.34153,[0.27862869274761604,0.9603554532817422,0.009135366975331675]
2005-11-01T00:00:00.000Z,0,442.0,3.77157,-75.34153,[0.22234763166926474,0.9749088465498531,0.010689789984099266]
2005-11-01T00:00:00.000Z,0,2270.0,4.27157,-75.34153,[0.11664867448975574,0.9931189901513149,0.010380661858262667]
2005-11-01T00:00:00.000Z,0,4229.0,4.77157,-75.34153,[0.14923051232167348,0.9887790408252379,0.006801662806498044]
2005-11-01T00:00:00.000Z,0,3209.0,5.27157,-75.34153,[0.1705993477343527,0.9853404750959885,1.0339354408142587E-4]
2005-11-01T00:00:00.000Z,0,1992.0,5.77157,-75.34153,[0.19001194459371218,0.9817283804008462,0.010239532569772267]
2005-11-01T00:00:00.000Z,0,2185.0,6.27157,-75.34153,[0.19306146733613302,0.980793550638109,0.027771943697015928]
2005-11-01T00:00:00.000Z,0,2092.0,6.77157,-75.34153,[0.22127414705029544,0.9742069913119341,0.044254829410059086]
2005-11-01T00:00:00.000Z,0,869.0,7.27157,-75.34153,[0.2743258148087128,0.9596148234496351,0.06232766596994892]
2005-11-01T00:00:00.000Z,0,83.0,7.77157,-75.34153,[0.2823516485595527,0.9566242421346038,0.07174681816009529]
2005-11-01T00:00:00.000Z,0,30.0,8.27157,-75.34153,[0.2839540347995034,0.9556960424968359,0.07755759457956585]
2005-11-01T00:00:00.000Z,0,74.0,8.77157,-75.34153,[0.287171297061118,0.9543587466241665,0.08204894201746228]
2005-11-01T00:00:00.000Z,0,180.0,9.27157,-75.34153,[0.28229916543144196,0.955722747090416,0.08307353303345104]
2005-11-01T00:00:00.000Z,0,136.0,9.77157,-75.34153,[0.29394346074216776,0.9520258355380657,0.08511198714026948]
2005-11-01T00:00:00.000Z,0,79.0,10.27157,-75.34153,[0.29656683608609075,0.9512106668539059,0.08512566591360013]
2005-11-01T00:00:00.000Z,0,205.0,0.27157,-74.84153,[0.2955153354332059,0.9550051573652253,0.025215787309165447]
2005-11-01T00:00:00.000Z,0,239.0,0.77157,-74.84153,[0.28862702198993506,0.957204459646308,0.02130879185785067]
2005-11-01T00:00:00.000Z,0,226.0,1.27157,-74.84153,[0.2879253481840345,0.9574929225884755,0.017501344693539353]
2005-11-01T00:00:00.000Z,0,258.0,1.77157,-74.84153,[0.27708053192970433,0.960771112748121,0.012051876795316408]
2005-11-01T00:00:00.000Z,0,576.0,2.27157,-74.84153,[0.20273869776295544,0.9791847743019337,0.009705575956737229]
2005-11-01T00:00:00.000Z,0,1998.0,2.77157,-74.84153,[0.21210697608930143,0.9772071398399959,0.008765645440425213]
2005-11-01T00:00:00.000Z,0,2106.0,3.27157,-74.84153,[0.21016262342716244,0.9776221537532183,0.009305708201501221]
2005-11-01T00:00:00.000Z,0,361.0,3.77157,-74.84153,[0.2805470383584702,0.9597661838579244,0.011926088675157641]
2005-11-01T00:00:00.000Z,0,289.0,4.27157,-74.84153,[0.2623451645972194,0.9648966223321459,0.012227952587158532]
2005-11-01T00:00:00.000Z,0,277.0,4.77157,-74.84153,[0.26949310911623375,0.9629448898909327,0.010516804258194486]
2005-11-01T00:00:00.000Z,0,325.0,5.27157,-74.84153,[0.27829012250964347,0.960479916988536,0.005739057001171635]
2005-11-01T00:00:00.000Z,0,379.0,5.77157,-74.84153,[0.25474819396044823,0.967003348502926,0.0028074290762988177]
2005-11-01T00:00:00.000Z,0,978.0,6.27157,-74.84153,[0.2295442973232045,0.9730682169135844,0.021157996101095373]
2005-11-01T00:00:00.000Z,0,1143.0,6.77157,-74.84153,[0.240450122999662,0.9697822388202135,0.04130553980160168]
2005-11-01T00:00:00.000Z,0,322.0,7.27157,-74.84153,[0.2621139209998077,0.9631162678597583,0.060855131270885585]
2005-11-01T00:00:00.000Z,0,55.0,7.77157,-74.84153,[0.28744144216130507,0.9549443467358912,0.07388309661479471]
2005-11-01T00:00:00.000Z,0,27.0,8.27157,-74.84153,[0.29496830668302987,0.9521403428959567,0.08014028626424967]
2005-11-01T00:00:00.000Z,0,14.0,8.77157,-74.84153,[0.30441858123846205,0.9488082787505352,0.08421506736450886]
2005-11-01T00:00:00.000Z,0,48.0,9.27157,-74.84153,[0.30863900249282705,0.9473189821038961,0.08560789850166006]
2005-11-01T00:00:00.000Z,0,15.0,9.77157,-74.84153,[0.3026191853125673,0.9493275924434983,0.08484545306726425]
2005-11-01T00:00:00.000Z,0,5.0,10.27157,-74.84153,[0.3079718665627172,0.947605743269899,0.08483327606416238]
2005-11-01T00:00:00.000Z,0,171.0,-0.72843,-74.34153,[0.3153337299796344,0.948354426729796,0.034474918986579436]
2005-11-01T00:00:00.000Z,0,219.0,-0.22843,-74.34153,[0.3012106048314335,0.9530671427681618,0.030580924001969968]
2005-11-01T00:00:00.000Z,0,201.0,0.27157,-74.34153,[0.29358320088109224,0.9555623102037095,0.02663785799500258]
2005-11-01T00:00:00.000Z,0,242.0,0.77157,-74.34153,[0.28716775253405374,0.9575983031972143,0.023241592422989565]
2005-11-01T00:00:00.000Z,0,251.0,1.27157,-74.34153,[0.2862766509616457,0.9579685596381918,0.018491021034876723]
2005-11-01T00:00:00.000Z,0,298.0,1.77157,-74.34153,[0.286509082408227,0.9580147443025089,0.010967925810939938]
2005-11-01T00:00:00.000Z,0,313.0,2.27157,-74.34153,[0.2841083032444485,0.9587240352511869,0.011432246465214861]
2005-11-01T00:00:00.000Z,0,364.0,2.77157,-74.34153,[0.24458730028647807,0.9695747688486396,0.01009059714186367]
2005-11-01T00:00:00.000Z,0,899.0,3.27157,-74.34153,[0.13020781936140607,0.9914248923029897,0.01107279093782036]
2005-11-01T00:00:00.000Z,0,3444.0,3.77157,-74.34153,[0.12555951727513345,0.9920239546696493,0.011103196982181223]
2005-11-01T00:00:00.000Z,0,2263.0,4.27157,-74.34153,[0.14744781850052746,0.9890037349763271,0.011434728781673557]
2005-11-01T00:00:00.000Z,0,2655.0,4.77157,-74.34153,[0.17662939519430076,0.9842182409993536,0.01079401859520727]
2005-11-01T00:00:00.000Z,0,1104.0,5.27157,-74.34153,[0.24107651686749168,0.9704612125814771,0.009335303419124147]
2005-11-01T00:00:00.000Z,0,744.0,5.77157,-74.34153,[0.2682829326750753,0.9633325381769113,0.003832613323929647]
2005-11-01T00:00:00.000Z,0,119.0,6.27157,-74.34153,[0.2807739560042609,0.959660237686205,0.014772062610671934]
2005-11-01T00:00:00.000Z,0,97.0,6.77157,-74.34153,[0.2395724484706752,0.9702187124787509,0.03578675578815065]
2005-11-01T00:00:00.000Z,0,575.0,7.27157,-74.34153,[0.22963693872810376,0.9715408946189006,0.058096182789332235]
2005-11-01T00:00:00.000Z,0,1234.0,7.77157,-74.34153,[0.2667530068749524,0.9609409499629191,0.07372464993158133]
2005-11-01T00:00:00.000Z,0,715.0,8.27157,-74.34153,[0.2947935400399671,0.9520739515364864,0.08155954607772423]
2005-11-01T00:00:00.000Z,0,14.0,8.77157,-74.34153,[0.3123478258027173,0.9460970375763464,0.08566931309154238]
2005-11-01T00:00:00.000Z,0,37.0,9.27157,-74.34153,[0.3092418725315867,0.9471245542480329,0.0855835440585572]
2005-11-01T00:00:00.000Z,0,95.0,9.77157,-74.34153,[0.30754735735792116,0.9477946440509915,0.08426111612371298]
2005-11-01T00:00:00.000Z,0,119.0,10.27157,-74.34153,[0.2972047047361704,0.9512802102350909,0.08206902642146524]
2005-11-01T00:00:00.000Z,0,5.0,10.77157,-74.34153,[0.27267211681964854,0.9588593860062847,0.07898477433494777]
2005-11-01T00:00:00.000Z,0,156.0,-1.22843,-73.84153,[0.31705261911669896,0.9476350504710225,0.03828116808594217]
2005-11-01T00:00:00.000Z,0,195.0,-0.72843,-73.84153,[0.3042808335685884,0.9518823057673955,0.03651370002823061]
2005-11-01T00:00:00.000Z,0,174.0,-0.22843,-73.84153,[0.2925760652014417,0.9556731705035509,0.03298540966749845]
2005-11-01T00:00:00.000Z,0,241.0,0.27157,-73.84153,[0.28621102976306045,0.9577489711915642,0.02828700449798341]
2005-11-01T00:00:00.000Z,0,232.0,0.77157,-73.84153,[0.28351402873338105,0.9586524940440007,0.024600633621612442]
2005-11-01T00:00:00.000Z,0,267.0,1.27157,-73.84153,[0.28264054716098297,0.9589982767485492,0.02089560465392481]
2005-11-01T00:00:00.000Z,0,265.0,1.77157,-73.84153,[0.26777848367107476,0.9633494229630128,0.015892544152836145]
2005-11-01T00:00:00.000Z,0,554.0,2.27157,-73.84153,[0.24730066830418707,0.968861925607313,0.012204448565661179]
2005-11-01T00:00:00.000Z,0,995.0,2.77157,-73.84153,[0.27600771814751385,0.9610389222244761,0.014964273875467622]
2005-11-01T00:00:00.000Z,0,363.0,3.27157,-73.84153,[0.2560693754309898,0.9665256851373956,0.016017956675895957]
2005-11-01T00:00:00.000Z,0,545.0,3.77157,-73.84153,[0.18589911704386455,0.9824612554385245,0.014539595746447509]
2005-11-01T00:00:00.000Z,0,1499.0,4.27157,-73.84153,[0.13486807426589204,0.9907616224917453,0.014213020134174775]
2005-11-01T00:00:00.000Z,0,3610.0,4.77157,-73.84153,[0.1210672133823363,0.9925510386386579,0.013607554561981601]
2005-11-01T00:00:00.000Z,0,2585.0,5.27157,-73.84153,[0.14667888826644906,0.9891175031125677,0.011483412962965421]
2005-11-01T00:00:00.000Z,0,2622.0,5.77157,-73.84153,[0.22161851279521383,0.9751214562989409,0.004835313006441029]
2005-11-01T00:00:00.000Z,0,616.0,6.27157,-73.84153,[0.2722073247174318,0.9621481977512302,0.01319158573630631]
2005-11-01T00:00:00.000Z,0,101.0,6.77157,-73.84153,[0.2990102782549176,0.953570960107501,0.03598996440086463]
2005-11-01T00:00:00.000Z,0,89.0,7.27157,-73.84153,[0.2979729903381865,0.9526435749498227,0.06068209073310515]
2005-11-01T00:00:00.000Z,0,59.0,7.77157,-73.84153,[0.29407728675958905,0.9527670028594803,0.07585240717525932]
2005-11-01T00:00:00.000Z,0,38.0,8.27157,-73.84153,[0.30273128363697,0.9493742093468213,0.08391889259642477]
2005-11-01T00:00:00.000Z,0,29.0,8.77157,-73.84153,[0.3188355065697449,0.9437993074908753,0.08710216375129987]
2005-11-01T00:00:00.000Z,0,52.0,9.27157,-73.84153,[0.3256724023389903,0.9414893085799901,0.08680649851435632]
2005-11-01T00:00:00.000Z,0,46.0,9.77157,-73.84153,[0.2742787617219967,0.9582685368046525,0.08057649929426294]
2005-11-01T00:00:00.000Z,0,931.0,10.27157,-73.84153,[0.14307265087814058,0.9866290004556575,0.0780604383191135]
2005-11-01T00:00:00.000Z,0,2665.0,10.77157,-73.84153,[0.2732208487183646,0.9591072116835537,0.07391700969476088]
2005-11-01T00:00:00.000Z,0,139.0,-1.72843,-73.34153,[0.3111142364728314,0.9495345284170801,0.039901268246515555]
2005-11-01T00:00:00.000Z,0,199.0,-1.22843,-73.34153,[0.30598548996433517,0.9511908489528021,0.04011045748596154]
2005-11-01T00:00:00.000Z,0,223.0,-0.72843,-73.34153,[0.30063840885146115,0.9529670318310466,0.03834557818558259]
2005-11-01T00:00:00.000Z,0,171.0,-0.22843,-73.34153,[0.29045348357293554,0.9562622382247415,0.0346309922721577]
2005-11-01T00:00:00.000Z,0,209.0,0.27157,-73.34153,[0.28418487060677755,0.9582978194879709,0.030070724680484603]
2005-11-01T00:00:00.000Z,0,237.0,0.77157,-73.34153,[0.27534602652993406,0.9609902823159358,0.026119781172800068]
2005-11-01T00:00:00.000Z,0,249.0,1.27157,-73.34153,[0.2733677844270784,0.9616495183403152,0.02236645508948823]
2005-11-01T00:00:00.000Z,0,294.0,1.77157,-73.34153,[0.2843729142162566,0.958523374945143,0.019104589603717626]
2005-11-01T00:00:00.000Z,0,229.0,2.27157,-73.34153,[0.2892373166871256,0.9571326472051066,0.015455429135953276]
2005-11-01T00:00:00.000Z,0,267.0,2.77157,-73.34153,[0.28853728801617456,0.9573689326513685,0.013818835632958552]
2005-11-01T00:00:00.000Z,0,234.0,3.27157,-73.34153,[0.2903784556002054,0.9568025740083396,0.014463294723381879]
2005-11-01T00:00:00.000Z,0,256.0,3.77157,-73.34153,[0.28875097015937173,0.9573205241437631,0.012660619460833989]
2005-11-01T00:00:00.000Z,0,300.0,4.27157,-73.34153,[0.2192502423722819,0.9756111263455607,0.010595346640957164]
2005-11-01T00:00:00.000Z,0,1229.0,4.77157,-73.34153,[0.15476837843199925,0.9879046493419174,0.009547399968207746]
2005-11-01T00:00:00.000Z,0,2684.0,5.27157,-73.34153,[0.12842033540495676,0.9916903678493884,0.007644067583628379]
2005-11-01T00:00:00.000Z,0,3515.0,5.77157,-73.34153,[0.19374961543246733,0.9810496400469377,0.0016402083846134802]
2005-11-01T00:00:00.000Z,0,1301.0,6.27157,-73.34153,[0.20178379078070377,0.9793647623245268,0.011312121604372788]
2005-11-01T00:00:00.000Z,0,1945.0,6.77157,-73.34153,[0.2588626503620982,0.9656328741723084,0.023308379721400544]
2005-11-01T00:00:00.000Z,0,351.0,7.27157,-73.34153,[0.2132166621446176,0.9758762613542112,0.04694866887607445]
2005-11-01T00:00:00.000Z,0,325.0,7.77157,-73.34153,[0.22234348700098308,0.9720814286757956,0.07497379416748126]
2005-11-01T00:00:00.000Z,0,1339.0,8.27157,-73.34153,[0.2443119706121071,0.9663410980461021,0.08060113673319069]
2005-11-01T00:00:00.000Z,0,1230.0,8.77157,-73.34153,[0.26334591652889866,0.9611000543405107,0.08328033257751498]
2005-11-01T00:00:00.000Z,0,809.0,9.27157,-73.34153,[0.28434694411130085,0.9551736122595942,0.0824025838036831]
2005-11-01T00:00:00.000Z,0,74.0,9.77157,-73.34153,[0.27880576513011,0.9570769332407558,0.07919020891930856]
2005-11-01T00:00:00.000Z,0,99.0,10.27157,-73.34153,[0.22851603182951075,0.9709144571878237,0.07145306165986165]
2005-11-01T00:00:00.000Z,0,1426.0,10.77157,-73.34153,[0.28652036444152884,0.9554529894884852,0.07082136427526499]
2005-11-01T00:00:00.000Z,0,146.0,-2.22843,-72.84153,[0.305707798493962,0.9513444177013595,0.03855568503393998]
2005-11-01T00:00:00.000Z,0,165.0,-1.72843,-72.84153,[0.306371326229774,0.9510039308619378,0.04157083051073141]
2005-11-01T00:00:00.000Z,0,168.0,-1.22843,-72.84153,[0.30103674201470915,0.9527192771626563,0.041265710703139905]
2005-11-01T00:00:00.000Z,0,178.0,-0.72843,-72.84153,[0.29606367621251956,0.9543567744577809,0.03936301149643726]
2005-11-01T00:00:00.000Z,0,191.0,-0.22843,-72.84153,[0.2900074521347396,0.9563604528412789,0.03564213724709396]
2005-11-01T00:00:00.000Z,0,247.0,0.27157,-72.84153,[0.2791917234002816,0.9597215491884679,0.03140906888253168]
2005-11-01T00:00:00.000Z,0,264.0,0.77157,-72.84153,[0.272482323238487,0.9617656705611418,0.027571333892906193]
2005-11-01T00:00:00.000Z,0,246.0,1.27157,-72.84153,[0.27082411120006294,0.962335478137773,0.023764012919531213]
2005-11-01T00:00:00.000Z,0,259.0,1.77157,-72.84153,[0.2742394189167784,0.9614511392611761,0.02011089072056375]
2005-11-01T00:00:00.000Z,0,271.0,2.27157,-72.84153,[0.2891155132187012,0.9571475702770639,0.016755558152447458]
2005-11-01T00:00:00.000Z,0,193.0,2.77157,-72.84153,[0.28903300675828103,0.9572157752336987,0.01406700565211406]
2005-11-01T00:00:00.000Z,0,182.0,3.27157,-72.84153,[0.28904272576676593,0.957247962520354,0.011429826418153481]
2005-11-01T00:00:00.000Z,0,203.0,3.77157,-72.84153,[0.2890504346430926,0.9572734926773142,0.008792408658345022]
2005-11-01T00:00:00.000Z,0,165.0,4.27157,-72.84153,[0.2808697507831704,0.9597286851085166,0.00574752771872897]
2005-11-01T00:00:00.000Z,0,293.0,4.77157,-72.84153,[0.20099297122404927,0.9795869557131693,0.0033498828537341543]
2005-11-01T00:00:00.000Z,0,1653.0,5.27157,-72.84153,[0.1330418741842406,0.9911103960546914,2.0626647160347378E-4]
2005-11-01T00:00:00.000Z,0,2686.0,5.77157,-72.84153,[0.13491857196379506,0.9908419925021108,0.005396742878551802]
2005-11-01T00:00:00.000Z,0,2685.0,6.27157,-72.84153,[0.15362745460185534,0.9880560265146725,0.01199556837302158]
2005-11-01T00:00:00.000Z,0,1547.0,6.77157,-72.84153,[0.12590251521306162,0.9917584093099062,0.02374477260597214]
2005-11-01T00:00:00.000Z,0,3795.0,7.27157,-72.84153,[0.1918902013261378,0.980308637209617,0.046616804343904125]
2005-11-01T00:00:00.000Z,0,1328.0,7.77157,-72.84153,[0.27203745084644887,0.959289958248004,0.07588413102558837]
2005-11-01T00:00:00.000Z,0,973.0,8.27157,-72.84153,[0.31549305732354577,0.9453235197460089,0.08262913406092866]
2005-11-01T00:00:00.000Z,0,83.0,8.77157,-72.84153,[0.3286696292562087,0.940592720816859,0.08521507114897336]
2005-11-01T00:00:00.000Z,0,223.0,10.77157,-72.84153,[0.299918391789091,0.9515057998328418,0.06845196236127489]
2005-11-01T00:00:00.000Z,0,51.0,11.27157,-72.84153,[0.33274163962000347,0.9405169592211167,0.06863563710242875]
2005-11-01T00:00:00.000Z,0,149.0,-2.22843,-72.34153,[0.3011068224106896,0.952755915687555,0.03988541864022194]
2005-11-01T00:00:00.000Z,0,147.0,-1.72843,-72.34153,[0.30108050238027345,0.952672634397283,0.04201645816799338]
2005-11-01T00:00:00.000Z,0,145.0,-1.22843,-72.34153,[0.3001237226990785,0.9530048060332679,0.041323005102970135]
2005-11-01T00:00:00.000Z,0,205.0,-0.72843,-72.34153,[0.2942486779901381,0.9549202380057311,0.03930718189000335]
2005-11-01T00:00:00.000Z,0,176.0,-0.22843,-72.34153,[0.2897873545108851,0.9564084551918184,0.03614078033443738]
2005-11-01T00:00:00.000Z,0,150.0,0.27157,-72.34153,[0.2847944932905486,0.9580443107628417,0.03229853257241471]
2005-11-01T00:00:00.000Z,0,218.0,0.77157,-72.34153,[0.2814657838911099,0.9591487866443205,0.028471346601293034]
2005-11-01T00:00:00.000Z,0,234.0,1.27157,-72.34153,[0.27719119465856645,0.9604997210261954,0.024603404487136323]
2005-11-01T00:00:00.000Z,0,237.0,1.77157,-72.34153,[0.2782094178209686,0.9603058669187101,0.020301768327476086]
2005-11-01T00:00:00.000Z,0,203.0,2.27157,-72.34153,[0.28641442256591004,0.9579694512337067,0.01616505642512144]
2005-11-01T00:00:00.000Z,0,188.0,2.77157,-72.34153,[0.2882285009429081,0.9574863459353425,0.012009520872621172]
2005-11-01T00:00:00.000Z,0,220.0,3.27157,-72.34153,[0.2907585255776504,0.9567601294479667,0.008338735073170352]
2005-11-01T00:00:00.000Z,0,180.0,3.77157,-72.34153,[0.29176907202853763,0.9564760556724992,0.0049359429478512]
2005-11-01T00:00:00.000Z,0,190.0,4.27157,-72.34153,[0.29316323094950514,0.9560621785442818,6.563355916779966E-4]
2005-11-01T00:00:00.000Z,0,177.0,4.77157,-72.34153,[0.2873460319927023,0.9578201066423411,0.003591825399908779]
2005-11-01T00:00:00.000Z,0,257.0,5.27157,-72.34153,[0.22338946853229358,0.9746946150583565,0.00821904648373533]
2005-11-01T00:00:00.000Z,0,1342.0,5.77157,-72.34153,[0.15764566452417797,0.9874157500940065,0.01256904622557635]
2005-11-01T00:00:00.000Z,0,3317.0,6.27157,-72.34153,[0.15455969807362377,0.9878850632118331,0.013942797938110117]
2005-11-01T00:00:00.000Z,0,3467.0,6.77157,-72.34153,[0.20633619509595091,0.9782260026569692,0.022344178639924214]
2005-11-01T00:00:00.000Z,0,2203.0,7.27157,-72.34153,[0.22273454752931807,0.97406400211386,0.03985776113682534]
2005-11-01T00:00:00.000Z,0,97.0,11.27157,-72.34153,[0.32781808888234376,0.9426271053942852,0.06316202005571898]
2005-11-01T00:00:00.000Z,0,19.0,11.77157,-72.34153,[0.3275797647350538,0.9428495073555053,0.061043461694170534]
2005-11-01T00:00:00.000Z,0,109.0,-2.22843,-71.84153,[0.2982094187962861,0.9536025071209597,0.0413932476836636]
2005-11-01T00:00:00.000Z,0,140.0,-1.72843,-71.84153,[0.29820250524475433,0.9535803992341584,0.04194863599898223]
2005-11-01T00:00:00.000Z,0,153.0,-1.22843,-71.84153,[0.29666535214944045,0.9541997520627524,0.038632913395580115]
2005-11-01T00:00:00.000Z,0,136.0,-0.72843,-71.84153,[0.29574049606104885,0.9545355563164449,0.03740896573309536]
2005-11-01T00:00:00.000Z,0,192.0,-0.22843,-71.84153,[0.28405797911672714,0.958149414174499,0.03550724738959089]
2005-11-01T00:00:00.000Z,0,216.0,0.27157,-71.84153,[0.2839010028991157,0.9583018526977811,0.032523524853193715]
2005-11-01T00:00:00.000Z,0,215.0,0.77157,-71.84153,[0.2790161800468747,0.9598587506631865,0.02865571578859794]
2005-11-01T00:00:00.000Z,0,232.0,1.27157,-71.84153,[0.26761808932251197,0.9632127262520571,0.024531658187896932]
2005-11-01T00:00:00.000Z,0,233.0,1.77157,-71.84153,[0.2804804755974665,0.9596515889216,0.01998826377821026]
2005-11-01T00:00:00.000Z,0,159.0,2.27157,-71.84153,[0.28482946593466246,0.9584565678789974,0.015270324979767075]
2005-11-01T00:00:00.000Z,0,186.0,2.77157,-71.84153,[0.2917564512657901,0.9564346823449961,0.010529556135908212]
2005-11-01T00:00:00.000Z,0,222.0,3.27157,-71.84153,[0.29176731685293056,0.9564703018637423,0.0060327828672598425]
2005-11-01T00:00:00.000Z,0,206.0,3.77157,-71.84153,[0.29431781782694905,0.9557061724942504,0.0016534708866682531]
2005-11-01T00:00:00.000Z,0,189.0,4.27157,-71.84153,[0.29858817727089826,0.954376285128834,0.0033176464141210916]
2005-11-01T00:00:00.000Z,0,149.0,4.77157,-71.84153,[0.301811635244382,0.9533238367866825,0.009132307782302333]
2005-11-01T00:00:00.000Z,0,172.0,5.27157,-71.84153,[0.3022848408838034,0.9530995915925892,0.015001449193114125]
2005-11-01T00:00:00.000Z,0,213.0,5.77157,-71.84153,[0.29364088718809433,0.9557500691102839,0.017799853007154757]
2005-11-01T00:00:00.000Z,0,412.0,6.27157,-71.84153,[0.2850146142693191,0.9583758344354795,0.016805642594366225]
2005-11-01T00:00:00.000Z,0,325.0,6.77157,-71.84153,[0.31545434146719553,0.9487171612782074,0.020598697670432545]
2005-11-01T00:00:00.000Z,0,174.0,11.77157,-71.84153,[0.31609556261700883,0.947111611410071,0.05534610036900043]
2005-11-01T00:00:00.000Z,0,107.0,-2.22843,-71.34153,[0.29571276972704336,0.9544460664697481,0.03983295144457561]
2005-11-01T00:00:00.000Z,0,121.0,-1.72843,-71.34153,[0.2948183134884173,0.9548593138356202,0.03641226185248736]
2005-11-01T00:00:00.000Z,0,140.0,-1.22843,-71.34153,[0.2948709018434615,0.9550296373138976,0.03113748702302224]
2005-11-01T00:00:00.000Z,0,186.0,-0.72843,-71.34153,[0.29486270625875255,0.9550030934052135,0.03201680877660336]
2005-11-01T00:00:00.000Z,0,201.0,-0.22843,-71.34153,[0.2883016234685294,0.9569859972928751,0.03255725557800503]
2005-11-01T00:00:00.000Z,0,185.0,0.27157,-71.34153,[0.28651447467869695,0.9575902024432495,0.030503442171116023]
2005-11-01T00:00:00.000Z,0,228.0,0.77157,-71.34153,[0.27647147317260196,0.9606576869382628,0.02646380638150198]
2005-11-01T00:00:00.000Z,0,342.0,1.27157,-71.34153,[0.27720250922001527,0.9605389272972622,0.022885323435605908]
2005-11-01T00:00:00.000Z,0,222.0,1.77157,-71.34153,[0.28322822199457587,0.9588680645388885,0.018809813216433664]
2005-11-01T00:00:00.000Z,0,164.0,2.27157,-71.34153,[0.28642422803028667,0.9580022475406936,0.013887235298438142]
2005-11-01T00:00:00.000Z,0,189.0,2.77157,-71.34153,[0.29245690172474653,0.9562354876618117,0.009091356870095118]
2005-11-01T00:00:00.000Z,0,209.0,3.27157,-71.34153,[0.29757926061902423,0.9546873677108474,0.004314346157673586]
2005-11-01T00:00:00.000Z,0,171.0,3.77157,-71.34153,[0.2968869215078558,0.954912411715566,6.646722123310203E-4]
2005-11-01T00:00:00.000Z,0,165.0,4.27157,-71.34153,[0.3011266858407449,0.9535678384956922,0.005576420108161942]
2005-11-01T00:00:00.000Z,0,131.0,4.77157,-71.34153,[0.3027700494278899,0.952999454472288,0.011060603281683061]
2005-11-01T00:00:00.000Z,0,146.0,5.27157,-71.34153,[0.3073571592332333,0.9514512061558179,0.0164978475176662]
2005-11-01T00:00:00.000Z,0,151.0,5.77157,-71.34153,[0.31000650616347086,0.9505346549277012,0.019489379615424088]
2005-11-01T00:00:00.000Z,0,157.0,6.27157,-71.34153,[0.31444844899833935,0.9491044760975518,0.017968482799905105]
2005-11-01T00:00:00.000Z,0,154.0,6.77157,-71.34153,[0.3200249364879635,0.9472270930355415,0.018570790110067955]
2005-11-01T00:00:00.000Z,0,97.0,-2.22843,-70.84153,[0.29295715555888857,0.9553901267107038,0.03749414341667865]
2005-11-01T00:00:00.000Z,0,137.0,-1.72843,-70.84153,[0.29304296674879365,0.9556699736509167,0.02864823033141192]
2005-11-01T00:00:00.000Z,0,114.0,-1.22843,-70.84153,[0.2888840674680161,0.9571328725921439,0.021039481140123436]
2005-11-01T00:00:00.000Z,0,155.0,-0.72843,-70.84153,[0.28978276390200886,0.9568298808085199,0.02241715720751389]
2005-11-01T00:00:00.000Z,0,183.0,-0.22843,-70.84153,[0.28907596501821464,0.9570166417648471,0.023542171393528846]
2005-11-01T00:00:00.000Z,0,193.0,0.27157,-70.84153,[0.2856687681848313,0.958022256802362,0.024222104678789876]
2005-11-01T00:00:00.000Z,0,250.0,0.77157,-70.84153,[0.28321410161840077,0.9588202600592425,0.021295106114055325]
2005-11-01T00:00:00.000Z,0,316.0,1.27157,-70.84153,[0.28322822199457587,0.9588680645388885,0.018809813216433664]
2005-11-01T00:00:00.000Z,0,186.0,1.77157,-70.84153,[0.28641238641902744,0.9579626409393986,0.016598899667466364]
2005-11-01T00:00:00.000Z,0,191.0,2.27157,-70.84153,[0.2899264256492611,0.9569751944362828,0.011880443757808067]
2005-11-01T00:00:00.000Z,0,160.0,2.77157,-70.84153,[0.2931549436637944,0.9560351520975983,0.007547645937612617]
2005-11-01T00:00:00.000Z,0,240.0,3.27157,-70.84153,[0.30283452209577894,0.9530380548308337,0.0031174141980447835]
2005-11-01T00:00:00.000Z,0,186.0,3.77157,-70.84153,[0.3011308884803938,0.9535811468545804,0.0017844793391430746]
2005-11-01T00:00:00.000Z,0,176.0,4.27157,-70.84153,[0.3047288838206127,0.9524183195426529,0.006296980625075391]
2005-11-01T00:00:00.000Z,0,146.0,4.77157,-70.84153,[0.3044339522976696,0.9524753434019001,0.010520879233816524]
2005-11-01T00:00:00.000Z,0,123.0,5.27157,-70.84153,[0.3090757382343181,0.9509155012099642,0.015228184183077718]
2005-11-01T00:00:00.000Z,0,120.0,5.77157,-70.84153,[0.31074373742316125,0.9503108479013767,0.018644624245389672]
2005-11-01T00:00:00.000Z,0,126.0,6.27157,-70.84153,[0.31686039008696987,0.9482933696104623,0.01841679523610186]
2005-11-01T00:00:00.000Z,0,122.0,6.77157,-70.84153,[0.3213695793522084,0.9467686528397795,0.01872729203419344]
2005-11-01T00:00:00.000Z,0,97.0,-3.72843,-70.34153,[0.2811808530797091,0.9591980799398379,0.029603569060090127]
2005-11-01T00:00:00.000Z,0,132.0,-2.22843,-70.34153,[0.2889578643462937,0.9566994460004632,0.03506454983078621]
2005-11-01T00:00:00.000Z,0,129.0,-1.72843,-70.34153,[0.2930859733639305,0.955810226567445,0.022965691942696046]
2005-11-01T00:00:00.000Z,0,144.0,-1.22843,-70.34153,[0.28800121350913166,0.957468185288849,0.01760611192018088]
2005-11-01T00:00:00.000Z,0,134.0,-0.72843,-70.34153,[0.2898139555648729,0.9569328721481651,0.01695138230662464]
2005-11-01T00:00:00.000Z,0,170.0,-0.22843,-70.34153,[0.2882160975006222,0.9574451420759308,0.01517501422446458]
2005-11-01T00:00:00.000Z,0,177.0,0.27157,-70.34153,[0.2889272459240022,0.9572759317783921,0.011993206434581224]
2005-11-01T00:00:00.000Z,0,190.0,0.77157,-70.34153,[0.288931867263427,0.9572912432350524,0.010575996650774497]
2005-11-01T00:00:00.000Z,0,195.0,1.27157,-70.34153,[0.2855423717782324,0.9582975052860375,0.011464958866853272]
2005-11-01T00:00:00.000Z,0,216.0,1.77157,-70.34153,[0.2874246465264857,0.9577206146524033,0.012581607168706543]
2005-11-01T00:00:00.000Z,0,168.0,2.27157,-70.34153,[0.2899332455906893,0.9569977053707713,0.009700774006605769]
2005-11-01T00:00:00.000Z,0,193.0,2.77157,-70.34153,[0.29577275842783635,0.9552364642558271,0.006463182498978645]
2005-11-01T00:00:00.000Z,0,177.0,3.27157,-70.34153,[0.3035236085964227,0.952819533212946,0.002890701034251645]
2005-11-01T00:00:00.000Z,0,174.0,3.77157,-70.34153,[0.3027882989566101,0.9530568967158243,0.0013407599953798232]
2005-11-01T00:00:00.000Z,0,118.0,4.27157,-70.34153,[0.30444584206493147,0.952512542636973,0.005708359538717465]
2005-11-01T00:00:00.000Z,0,116.0,4.77157,-70.34153,[0.3037901804378594,0.9526949408584341,0.00915838043967076]
2005-11-01T00:00:00.000Z,0,124.0,5.27157,-70.34153,[0.3107901412641914,0.9503872435760057,0.013174799466634201]
2005-11-01T00:00:00.000Z,0,105.0,5.77157,-70.34153,[0.31077159164564305,0.9503305193801548,0.0171149572210644]
2005-11-01T00:00:00.000Z,0,104.0,6.27157,-70.34153,[0.3151479110950778,0.9488568875570212,0.01877234849483315]
2005-11-01T00:00:00.000Z,0,109.0,6.77157,-70.34153,[0.318922488215316,0.9475567068635561,0.020609070538101647]
2005-11-01T00:00:00.000Z,0,140.0,-3.72843,-69.84153,[0.28214018416041975,0.9588523551918025,0.0316081860450395]
2005-11-01T00:00:00.000Z,0,128.0,-3.22843,-69.84153,[0.28536726984245603,0.9576369804450959,0.038690244076018385]
2005-11-01T00:00:00.000Z,0,61.0,-2.72843,-69.84153,[0.2862140059602081,0.957262574241445,0.041592147682607016]
2005-11-01T00:00:00.000Z,0,111.0,-2.22843,-69.84153,[0.2870461931825149,0.9571803509507169,0.03755341173966736]
2005-11-01T00:00:00.000Z,0,145.0,-1.72843,-69.84153,[0.2880503042046112,0.9572799583341214,0.025339763602962032]
2005-11-01T00:00:00.000Z,0,68.0,-1.22843,-69.84153,[0.2898947519524972,0.9568706474221523,0.018963040165313725]
2005-11-01T00:00:00.000Z,0,122.0,-0.72843,-69.84153,[0.2908141750376522,0.9566255757817507,0.017164596045455414]
2005-11-01T00:00:00.000Z,0,188.0,0.77157,-69.84153,[0.29407692360120274,0.9557500017039089,0.007790843871524401]
2005-11-01T00:00:00.000Z,0,195.0,1.77157,-69.84153,[0.291546808713269,0.9565355971266802,0.006333226556318202]
2005-11-01T00:00:00.000Z,0,182.0,2.27157,-69.84153,[0.295773761120061,0.9552397025803452,0.005915475222401221]
2005-11-01T00:00:00.000Z,0,180.0,2.77157,-69.84153,[0.2983335107472407,0.9544470620585154,0.005284135983714963]
2005-11-01T00:00:00.000Z,0,198.0,3.27157,-69.84153,[0.29927882294582014,0.9541583137460834,0.0037547896605748653]
2005-11-01T00:00:00.000Z,0,149.0,3.77157,-69.84153,[0.3002298749912036,0.9538668722045249,1.1078593173107144E-4]
2005-11-01T00:00:00.000Z,0,188.0,4.27157,-69.84153,[0.30283299053158125,0.9530332349082116,0.004453426331346783]
2005-11-01T00:00:00.000Z,0,143.0,4.77157,-69.84153,[0.30186387095870254,0.9533127395350202,0.008545411052875035]
2005-11-01T00:00:00.000Z,0,100.0,5.27157,-69.84153,[0.304467811580875,0.9524377695606859,0.012714040483596978]
2005-11-01T00:00:00.000Z,0,112.0,5.77157,-69.84153,[0.30640346439378235,0.9517587465418587,0.016498648082742127]
2005-11-01T00:00:00.000Z,0,98.0,6.27157,-69.84153,[0.3161776292447608,0.9485328877342822,0.01780639356035476]
2005-11-01T00:00:00.000Z,0,169.0,0.77157,-69.34153,[0.29415357390892005,0.9557257382765656,0.00787325550982983]
2005-11-01T00:00:00.000Z,0,182.0,1.77157,-69.34153,[0.2948492558865664,0.9555299959286875,0.005132561120988378]
2005-11-01T00:00:00.000Z,0,167.0,2.27157,-69.34153,[0.29677524219241186,0.9549373106707865,0.004380446379223791]
2005-11-01T00:00:00.000Z,0,128.0,2.77157,-69.34153,[0.2993353598067996,0.9541314593841738,0.005612537996377493]
2005-11-01T00:00:00.000Z,0,182.0,3.27157,-69.34153,[0.30028130048662927,0.9538347191928225,0.005519876847180686]
2005-11-01T00:00:00.000Z,0,123.0,3.77157,-69.34153,[0.30028540676910204,0.9538477626783243,0.0017663847457006004]
2005-11-01T00:00:00.000Z,0,172.0,4.27157,-69.34153,[0.3045322751951517,0.9524969337308212,0.0031120086516292877]
2005-11-01T00:00:00.000Z,0,142.0,4.77157,-69.34153,[0.30715629283424933,0.9516260417992016,0.007930217014993347]
2005-11-01T00:00:00.000Z,0,117.0,5.27157,-69.34153,[0.3097745725165133,0.9507263243779536,0.01261627349885436]
2005-11-01T00:00:00.000Z,0,83.0,5.77157,-69.34153,[0.3161902168206095,0.9485706504618285,0.015409992516527903]
2005-11-01T00:00:00.000Z,0,139.0,1.77157,-68.84153,[0.29484476932799686,0.9555154561555453,0.007534921882826585]
2005-11-01T00:00:00.000Z,0,178.0,2.27157,-68.84153,[0.29577189239391,0.9552336672869983,0.006901344155857901]
2005-11-01T00:00:00.000Z,0,155.0,2.77157,-68.84153,[0.30191616247032926,0.9533030478000872,0.007741440063341775]
2005-11-01T00:00:00.000Z,0,154.0,3.27157,-68.84153,[0.30521098222888526,0.952258264554122,0.007103091950054057]
2005-11-01T00:00:00.000Z,0,118.0,3.77157,-68.84153,[0.3071960670532784,0.9516399903280908,0.0034503906082071125]
2005-11-01T00:00:00.000Z,0,168.0,4.27157,-68.84153,[0.3115171118702451,0.9502392477193088,0.0015687912108573495]
2005-11-01T00:00:00.000Z,0,130.0,4.77157,-68.84153,[0.3186094466603423,0.9478631038145182,0.006599767109392804]
2005-11-01T00:00:00.000Z,0,118.0,5.27157,-68.84153,[0.3213857043187429,0.9468783116487696,0.011519200871639532]
2005-11-01T00:00:00.000Z,0,76.0,5.77157,-68.84153,[0.33346852216928846,0.942667200478554,0.013315174206759574]
2005-11-01T00:00:00.000Z,0,140.0,1.77157,-68.34153,[0.2976957621045352,0.9546037537595612,0.010435829298867468]
2005-11-01T00:00:00.000Z,0,115.0,2.27157,-68.34153,[0.29507671360560495,0.9554342659869216,0.008665821700685054]
2005-11-01T00:00:00.000Z,0,126.0,2.77157,-68.34153,[0.3028749629631419,0.9530021728400693,0.007322251851856178]
2005-11-01T00:00:00.000Z,0,132.0,3.27157,-68.34153,[0.307160770493879,0.9516399144028543,0.0058081309329751675]
2005-11-01T00:00:00.000Z,0,110.0,3.77157,-68.34153,[0.31690610010971604,0.9484465720129494,0.004429870216587428]
2005-11-01T00:00:00.000Z,0,121.0,4.27157,-68.34153,[0.32588418176448847,0.9454095873803711,4.6061368447277524E-4]
2005-11-01T00:00:00.000Z,0,109.0,4.77157,-68.34153,[0.33588662061161645,0.9418918522046028,0.004462829224909589]
2005-11-01T00:00:00.000Z,0,89.0,5.27157,-68.34153,[0.3420159659515638,0.9396438643511383,0.009720453769149708]
2005-11-01T00:00:00.000Z,0,65.0,5.77157,-68.34153,[0.35042967788735396,0.936514156583974,0.011843790506994193]
2005-11-01T00:00:00.000Z,0,136.0,2.27157,-67.84153,[0.3044753310095239,0.9524612918759466,0.010595295401430319]
2005-11-01T00:00:00.000Z,0,120.0,2.77157,-67.84153,[0.30614162063836947,0.9519440174594556,0.00893844147849254]
2005-11-01T00:00:00.000Z,0,103.0,3.27157,-67.84153,[0.31690449806456383,0.9484336057184068,0.006725671002089663]
2005-11-01T00:00:00.000Z,0,95.0,3.77157,-67.84153,[0.32702439700914593,0.9449957664463577,0.006168075815474995]
2005-11-01T00:00:00.000Z,0,110.0,4.27157,-67.84153,[0.3335618803314845,0.9427263071779899,0.0018925496756396283]
2005-11-01T00:00:00.000Z,0,101.0,4.77157,-67.84153,[0.34592899620568535,0.9382565405859465,0.002791707688677461]
2005-11-01T00:00:00.000Z,0,80.0,5.77157,-67.84153,[0.3630899495040326,0.931678724595417,0.011850852518534396]
2005-11-01T00:00:00.000Z,0,54.0,6.27157,-67.84153,[0.35587049640533636,0.9344711286727537,0.010949861427856502]
2005-11-01T00:00:00.000Z,0,114.0,2.27157,-67.34153,[0.3124812824255313,0.9498528512718316,0.011619340104631668]
