2007-11-01T00:00:00.000Z,8,10.0,1.77157,-78.84153,[0.27603069625627835,0.9609957573366726,0.017152524746789313]
2007-11-01T00:00:00.000Z,2,235.0,1.27157,-78.34153,[0.28871570745498865,0.9573205036665413,0.013442229294463032]
2007-11-01T00:00:00.000Z,8,57.0,1.77157,-78.34153,[0.2831240244372593,0.9589684698681363,0.014841178700340206]
2007-11-01T00:00:00.000Z,8,1772.0,1.27157,-77.84153,[0.25550069277501075,0.9667593780676083,0.009782684182826988]
2007-11-01T00:00:00.000Z,2,528.0,1.77157,-77.84153,[0.2853208521097362,0.9583559266427832,0.012080116722388025]
2007-11-01T00:00:00.000Z,8,116.0,2.27157,-77.84153,[0.279719422219949,0.9599970570588651,0.012755205653229674]
2007-11-01T00:00:00.000Z,6,167.0,7.27157,-77.84153,[0.25681321521852724,0.9646957956285704,0.058386594229169454]
2007-11-01T00:00:00.000Z,11,2201.0,0.77157,-77.34153,[0.1783621768726151,0.9839449889727708,0.006260394287581856]
2007-11-01T00:00:00.000Z,1,2447.0,1.27157,-77.34153,[0.2186486735694148,0.9757778570464842,0.007094451642411863]
2007-11-01T00:00:00.000Z,1,1706.0,1.77157,-77.34153,[0.19957651435974227,0.9798417569413337,0.008907652335830307]
2007-11-01T00:00:00.000Z,8,2096.0,2.27157,-77.34153,[0.2666156522250955,0.963740561073397,0.010964712970296133]
2007-11-01T00:00:00.000Z,8,57.0,2.77157,-77.34153,[0.2796349588594543,0.9600422879061427,0.011094828327217214]
2007-11-01T00:00:00.000Z,8,74.0,3.27157,-77.34153,[0.27267548219993365,0.9620606730844433,0.009345732252820307]
2007-11-01T00:00:00.000Z,8,28.0,4.27157,-77.34153,[0.25869979091492074,0.9659516386581314,0.0034423762500775746]
2007-11-01T00:00:00.000Z,8,14.0,5.27157,-77.34153,[0.2492422142371206,0.9681309148053444,0.02451225082166723]
2007-11-01T00:00:00.000Z,0,499.0,6.27157,-77.34153,[0.26551205233089,0.9631530319371554,0.042890408453451455]
2007-11-01T00:00:00.000Z,0,695.0,6.77157,-77.34153,[0.28035612833690915,0.9585298458949659,0.05119546691369645]
2007-11-01T00:00:00.000Z,0,345.0,7.27157,-77.34153,[0.2816506432942037,0.9578357194568753,0.05677719317200614]
2007-11-01T00:00:00.000Z,8,279.0,0.27157,-76.84153,[0.27130787204181345,0.9624412874586744,0.009940159104980233]
2007-11-01T00:00:00.000Z,1,485.0,0.77157,-76.84153,[0.19232166690755034,0.9813039269318985,0.007414811254267001]
2007-11-01T00:00:00.000Z,11,3335.0,1.27157,-76.84153,[0.1554796447639801,0.9878218031997231,0.0058450994272172966]
2007-11-01T00:00:00.000Z,11,2008.0,1.77157,-76.84153,[0.15948635428269306,0.9871856089906841,0.005355016275185315]
2007-11-01T00:00:00.000Z,1,1013.0,2.27157,-76.84153,[0.20054276297053542,0.9796629225572133,0.006569504304207195]
2007-11-01T00:00:00.000Z,1,2856.0,2.77157,-76.84153,[0.23652038628339864,0.9715886456151376,0.00857966107106446]
2007-11-01T00:00:00.000Z,8,1911.0,3.27157,-76.84153,[0.24306467258713213,0.9699656273995932,0.009286904943187596]
2007-11-01T00:00:00.000Z,8,794.0,3.77157,-76.84153,[0.26273137974511435,0.9648390668937603,0.00760243992453948]
2007-11-01T00:00:00.000Z,8,70.0,4.27157,-76.84153,[0.2709666438802565,0.962587150235911,0.0017481718960016546]
2007-11-01T00:00:00.000Z,8,24.0,4.77157,-76.84153,[0.27113204846497485,0.9624647616824406,0.012206343217745878]
2007-11-01T00:00:00.000Z,8,133.0,5.27157,-76.84153,[0.27266421227257476,0.9618987488504721,0.020125215667737662]
2007-11-01T00:00:00.000Z,8,76.0,5.77157,-76.84153,[0.2688630987695348,0.9627033536586569,0.030247098611572668]
2007-11-01T00:00:00.000Z,8,38.0,6.27157,-76.84153,[0.2645731148581224,0.9635687516437792,0.03919601701601814]
2007-11-01T00:00:00.000Z,0,20.0,6.77157,-76.84153,[0.2861935185951841,0.9569595778026466,0.048183361919736066]
2007-11-01T00:00:00.000Z,0,15.0,7.27157,-76.84153,[0.2891973167632638,0.9557067577410984,0.05467636770055456]
2007-11-01T00:00:00.000Z,0,8.0,7.77157,-76.84153,[0.2989202663514126,0.9524531680702805,0.05898844799862478]
2007-11-01T00:00:00.000Z,8,294.0,0.77157,-76.34153,[0.2569964401249738,0.9663531300626841,0.010698494340044157]
2007-11-01T00:00:00.000Z,1,1412.0,1.27157,-76.34153,[0.1866348423093722,0.9824091699474928,0.006297494679150596]
2007-11-01T00:00:00.000Z,11,2388.0,1.77157,-76.34153,[0.14124944535372844,0.9899637851084588,0.004505370239730994]
2007-11-01T00:00:00.000Z,11,3852.0,2.27157,-76.34153,[0.14624560011796742,0.9892385308792592,0.004399257889727475]
2007-11-01T00:00:00.000Z,1,2450.0,2.77157,-76.34153,[0.2027534540229642,0.9792070222699975,0.0066816479166658645]
2007-11-01T00:00:00.000Z,1,990.0,3.27157,-76.34153,[0.20779612807750375,0.9781342603427248,0.00861033679879159]
2007-11-01T00:00:00.000Z,1,962.0,3.77157,-76.34153,[0.2274378161746162,0.9737538662350402,0.008686067351392377]
2007-11-01T00:00:00.000Z,1,1899.0,4.27157,-76.34153,[0.19465039097265713,0.9808639813259037,0.004132242936849705]
2007-11-01T00:00:00.000Z,1,1358.0,4.77157,-76.34153,[0.22897431425840836,0.9734173746251178,0.00542016492688986]
2007-11-01T00:00:00.000Z,1,407.0,5.27157,-76.34153,[0.21285393789135684,0.9769449969885352,0.01648253570338199]
2007-11-01T00:00:00.000Z,1,480.0,5.77157,-76.34153,[0.20683099407490643,0.9780465624074033,0.025413808314523077]
2007-11-01T00:00:00.000Z,1,1095.0,6.27157,-76.34153,[0.20947811559089438,0.9771989580706119,0.03465711231765582]
2007-11-01T00:00:00.000Z,6,1485.0,6.77157,-76.34153,[0.237663723599611,0.9703689359873517,0.043589936402140636]
2007-11-01T00:00:00.000Z,0,827.0,7.27157,-76.34153,[0.2725807905502114,0.9607355732507451,0.0518350355800402]
2007-11-01T00:00:00.000Z,0,201.0,7.77157,-76.34153,[0.29010383671374845,0.9553028685534762,0.0568875492305866]
2007-11-01T00:00:00.000Z,0,165.0,8.27157,-76.34153,[0.2924895275467434,0.954498267375823,0.058162993836585235]
2007-11-01T00:00:00.000Z,0,99.0,8.77157,-76.34153,[0.30467535187445116,0.9505414536008159,0.06036451728149239]
2007-11-01T00:00:00.000Z,2,267.0,0.27157,-75.84153,[0.2952747793148412,0.9552315569866576,0.018587017980774865]
2007-11-01T00:00:00.000Z,8,241.0,0.77157,-75.84153,[0.2843409233380035,0.958635112968126,0.012998442209737305]
2007-11-01T00:00:00.000Z,1,250.0,1.27157,-75.84153,[0.22610354046957995,0.9740723233361197,0.007765172096935069]
2007-11-01T00:00:00.000Z,1,1712.0,1.77157,-75.84153,[0.23562953025566238,0.9718252765270852,0.005861431100887124]
2007-11-01T00:00:00.000Z,1,1262.0,2.27157,-75.84153,[0.206419530158652,0.9784518971927064,0.00478146934265804]
2007-11-01T00:00:00.000Z,11,2705.0,2.77157,-75.84153,[0.16716140145952735,0.9859111228939471,0.0060269076716700344]
2007-11-01T00:00:00.000Z,11,1867.0,3.27157,-75.84153,[0.14281199762495378,0.9897203556334007,0.0076387812683114805]
2007-11-01T00:00:00.000Z,11,3782.0,3.77157,-75.84153,[0.1649347432932503,0.9862651879359899,0.00880394913524782]
2007-11-01T00:00:00.000Z,1,2035.0,4.27157,-75.84153,[0.21643518114095384,0.9762608170613236,0.008404132033664696]
2007-11-01T00:00:00.000Z,1,1185.0,4.77157,-75.84153,[0.21970098340130131,0.9755634340669183,0.0027320329542130733]
2007-11-01T00:00:00.000Z,1,1530.0,5.27157,-75.84153,[0.2356232161158811,0.9717992346271912,0.009378038452373377]
2007-11-01T00:00:00.000Z,1,1704.0,5.77157,-75.84153,[0.23086820469627586,0.9727727999962875,0.020321211767536783]
2007-11-01T00:00:00.000Z,1,488.0,6.27157,-75.84153,[0.18892846965480312,0.9815337062539476,0.02996025435945991]
2007-11-01T00:00:00.000Z,1,896.0,6.77157,-75.84153,[0.2003776815484986,0.9788942475647965,0.04018503231054589]
2007-11-01T00:00:00.000Z,6,2421.0,7.27157,-75.84153,[0.2475921420811584,0.967663612063916,0.048221002344190675]
2007-11-01T00:00:00.000Z,0,131.0,7.77157,-75.84153,[0.2980177624875125,0.9529769515285095,0.054957648215377776]
2007-11-01T00:00:00.000Z,0,43.0,8.27157,-75.84153,[0.29582043363057314,0.9535726856803702,0.05647481005674579]
2007-11-01T00:00:00.000Z,0,10.0,8.77157,-75.84153,[0.3015526779230528,0.9517406080173675,0.057059595934138986]
2007-11-01T00:00:00.000Z,0,155.0,9.27157,-75.84153,[0.3091263885207469,0.9492133714428883,0.05860760525858027]
2007-11-01T00:00:00.000Z,2,228.0,0.27157,-75.34153,[0.29914132834748214,0.9539546297695297,0.022023397008259515]
2007-11-01T00:00:00.000Z,2,189.0,0.77157,-75.34153,[0.29028739960587513,0.9567872691009646,0.01706889909682546]
2007-11-01T00:00:00.000Z,8,244.0,1.27157,-75.34153,[0.2782025910011654,0.9604338411326541,0.013044353851921861]
2007-11-01T00:00:00.000Z,1,1357.0,1.77157,-75.34153,[0.2143984657064238,0.9767041215514862,0.009075067331488839]
2007-11-01T00:00:00.000Z,8,2437.0,2.27157,-75.34153,[0.25319364612975925,0.9673908177599293,0.006926995979021715]
2007-11-01T00:00:00.000Z,8,485.0,2.77157,-75.34153,[0.2828118524589498,0.9591533889777999,0.006498655333099272]
2007-11-01T00:00:00.000Z,8,694.0,3.27157,-75.34153,[0.28012762787793416,0.9599352603850547,0.007266909175076116]
2007-11-01T00:00:00.000Z,1,442.0,3.77157,-75.34153,[0.22778505135969349,0.973669435223788,0.009044406451046655]
2007-11-01T00:00:00.000Z,11,2270.0,4.27157,-75.34153,[0.12475941588479762,0.9921344025124382,0.010218390253421519]
2007-11-01T00:00:00.000Z,11,4229.0,4.77157,-75.34153,[0.15867462734278126,0.9873087923550834,0.006611442805949219]
2007-11-01T00:00:00.000Z,11,3209.0,5.27157,-75.34153,[0.1811341177232575,0.9834582465342508,5.556261279854525E-4]
2007-11-01T00:00:00.000Z,1,1992.0,5.77157,-75.34153,[0.20308779158370324,0.979132760540424,0.007374696342424978]
2007-11-01T00:00:00.000Z,1,2185.0,6.27157,-75.34153,[0.20871195410845803,0.9777094748610119,0.022880187482478016]
2007-11-01T00:00:00.000Z,1,2092.0,6.77157,-75.34153,[0.23266641676592376,0.9719110773085633,0.03542874982572021]
2007-11-01T00:00:00.000Z,0,869.0,7.27157,-75.34153,[0.28914459591332964,0.9560604838053772,0.048412332725718404]
2007-11-01T00:00:00.000Z,0,83.0,7.77157,-75.34153,[0.30161968392957905,0.9519520879413109,0.05303572880992227]
2007-11-01T00:00:00.000Z,0,30.0,8.27157,-75.34153,[0.3026165698732206,0.9515609919346827,0.054358902366115555]
2007-11-01T00:00:00.000Z,0,74.0,8.77157,-75.34153,[0.3055040097044363,0.9505831082625026,0.05530871848552434]
2007-11-01T00:00:00.000Z,0,180.0,9.27157,-75.34153,[0.29397316904436266,0.95429926466295,0.05378372751834362]
2007-11-01T00:00:00.000Z,0,136.0,9.77157,-75.34153,[0.3042827426752128,0.9510239226786171,0.05445650560792553]
2007-11-01T00:00:00.000Z,0,79.0,10.27157,-75.34153,[0.307626443504129,0.9499234134578048,0.054876951643410554]
2007-11-01T00:00:00.000Z,2,205.0,0.27157,-74.84153,[0.2958026962016355,0.9549535861627605,0.023757381899658918]
2007-11-01T00:00:00.000Z,2,239.0,0.77157,-74.84153,[0.2881393893728979,0.9574033893904258,0.018826637393288947]
2007-11-01T00:00:00.000Z,2,226.0,1.27157,-74.84153,[0.2874207680485492,0.9576859991377659,0.015060848245743979]
2007-11-01T00:00:00.000Z,8,258.0,1.77157,-74.84153,[0.27821057115516395,0.9604613908759188,0.010620486533724102]
2007-11-01T00:00:00.000Z,1,576.0,2.27157,-74.84153,[0.20713770617595959,0.9782753623201571,0.008443113023476613]
2007-11-01T00:00:00.000Z,1,1998.0,2.77157,-74.84153,[0.2196961536927097,0.9755419881588197,0.007171428851109176]
2007-11-01T00:00:00.000Z,1,2106.0,3.27157,-74.84153,[0.2178555541060387,0.9759488711720017,0.007922020149310498]
2007-11-01T00:00:00.000Z,2,361.0,3.77157,-74.84153,[0.2908124540991491,0.9567136245057719,0.011276401281395575]
2007-11-01T00:00:00.000Z,8,289.0,4.27157,-74.84153,[0.27346421834812956,0.9617993662414984,0.012621425462221366]
2007-11-01T00:00:00.000Z,8,277.0,4.77157,-74.84153,[0.2807756135184172,0.9597002527637702,0.011852413193605315]
2007-11-01T00:00:00.000Z,2,325.0,5.27157,-74.84153,[0.2915126091901191,0.9565257489050784,0.008882024811261442]
2007-11-01T00:00:00.000Z,8,379.0,5.77157,-74.84153,[0.2707758895361061,0.962635917493667,0.0035366646796552636]
2007-11-01T00:00:00.000Z,8,978.0,6.27157,-74.84153,[0.24578200869734654,0.9692360082108405,0.013143994378162445]
2007-11-01T00:00:00.000Z,8,1143.0,6.77157,-74.84153,[0.258469576276676,0.9655227146864261,0.030973626909188447]
2007-11-01T00:00:00.000Z,0,322.0,7.27157,-74.84153,[0.28145899480128844,0.9584819822962797,0.0457506705835299]
2007-11-01T00:00:00.000Z,0,55.0,7.77157,-74.84153,[0.30599613051214797,0.9506129789807538,0.05197434275610749]
2007-11-01T00:00:00.000Z,0,27.0,8.27157,-74.84153,[0.3076673565643953,0.9500497493911546,0.05240487941481459]
2007-11-01T00:00:00.000Z,5,14.0,8.77157,-74.84153,[0.3157932688023021,0.9473798064069062,0.052403375765019695]
2007-11-01T00:00:00.000Z,5,48.0,9.27157,-74.84153,[0.3168347572663361,0.9470604157417654,0.05188743126245793]
2007-11-01T00:00:00.000Z,0,15.0,9.77157,-74.84153,[0.3113675847741081,0.948875668928395,0.05181883892590995]
2007-11-01T00:00:00.000Z,5,5.0,10.27157,-74.84153,[0.3192291235950542,0.9462043087853405,0.05282208519918162]
2007-11-01T00:00:00.000Z,2,171.0,-0.72843,-74.34153,[0.31392840525288546,0.9489470805172773,0.030796018462070134]
2007-11-01T00:00:00.000Z,2,219.0,-0.22843,-74.34153,[0.30196134331064867,0.9528819043771831,0.028903692783820847]
2007-11-01T00:00:00.000Z,2,201.0,0.27157,-74.34153,[0.2965251474525647,0.9546946904257082,0.02511742425480548]
2007-11-01T00:00:00.000Z,2,242.0,0.77157,-74.34153,[0.29023140930162317,0.9567312069468527,0.020763590942131933]
2007-11-01T00:00:00.000Z,2,251.0,1.27157,-74.34153,[0.29025707890017177,0.9568158253072856,0.015946930421788092]
2007-11-01T00:00:00.000Z,2,298.0,1.77157,-74.34153,[0.29350152701559845,0.9559101117029768,0.009628706222250857]
2007-11-01T00:00:00.000Z,2,313.0,2.27157,-74.34153,[0.29415637623523144,0.9557128850373585,0.009214537086886769]
2007-11-01T00:00:00.000Z,8,364.0,2.77157,-74.34153,[0.2561379876646865,0.9666021796938847,0.008576566102799457]
2007-11-01T00:00:00.000Z,11,899.0,3.27157,-74.34153,[0.14350183914508616,0.9895886827445142,0.011020941246342616]
2007-11-01T00:00:00.000Z,11,3444.0,3.77157,-74.34153,[0.1412433879102376,0.9898807436042484,0.013653527497989634]
2007-11-01T00:00:00.000Z,11,2263.0,4.27157,-74.34153,[0.16293184825053383,0.9865188620100815,0.015288810418029545]
2007-11-01T00:00:00.000Z,1,2655.0,4.77157,-74.34153,[0.19381231648140929,0.9809056684142436,0.016151026373450773]
2007-11-01T00:00:00.000Z,8,1104.0,5.27157,-74.34153,[0.2553202264861879,0.9667253019947114,0.015930236353411724]
2007-11-01T00:00:00.000Z,2,744.0,5.77157,-74.34153,[0.2852970723237212,0.9583337950642373,0.014209776961297313]
2007-11-01T00:00:00.000Z,2,119.0,6.27157,-74.34153,[0.29846406691463107,0.954416810991936,0.00278417972868126]
2007-11-01T00:00:00.000Z,8,97.0,6.77157,-74.34153,[0.25959264401202187,0.9654271884744616,0.023706600961428445]
2007-11-01T00:00:00.000Z,8,575.0,7.27157,-74.34153,[0.24676747625658157,0.9681685664194392,0.041897967245266406]
2007-11-01T00:00:00.000Z,0,1234.0,7.77157,-74.34153,[0.27827300658263293,0.9592234226907229,0.04954350783863347]
2007-11-01T00:00:00.000Z,0,715.0,8.27157,-74.34153,[0.3050366454781065,0.9509966006082143,0.050577767320083095]
2007-11-01T00:00:00.000Z,5,14.0,8.77157,-74.34153,[0.31928352055466924,0.9463655429390196,0.049500430704698714]
2007-11-01T00:00:00.000Z,5,37.0,9.27157,-74.34153,[0.31413544390089726,0.9481387303140221,0.048496092251853855]
2007-11-01T00:00:00.000Z,5,95.0,9.77157,-74.34153,[0.31412311736034454,0.9481015257554924,0.04929669360034604]
2007-11-01T00:00:00.000Z,0,119.0,10.27157,-74.34153,[0.3089857485531979,0.9497606219365824,0.04982537716522047]
2007-11-01T00:00:00.000Z,0,5.0,10.77157,-74.34153,[0.2767806822121631,0.9597313899470534,0.04804282573357465]
2007-11-01T00:00:00.000Z,4,156.0,-1.22843,-73.84153,[0.31607095544105634,0.948212866323169,0.03148827187664659]
2007-11-01T00:00:00.000Z,2,195.0,-0.72843,-73.84153,[0.30550725792971656,0.9516375505626802,0.03242356722089329]
2007-11-01T00:00:00.000Z,0,174.0,-0.22843,-73.84153,[0.2945182126700519,0.9551629877573842,0.03037579997342104]
2007-11-01T00:00:00.000Z,2,241.0,0.27157,-73.84153,[0.294552870498443,0.9552753878518132,0.026220981020841787]
2007-11-01T00:00:00.000Z,2,232.0,0.77157,-73.84153,[0.2936108882676794,0.9556746559300938,0.021876889714062386]
2007-11-01T00:00:00.000Z,2,267.0,1.27157,-73.84153,[0.29267317268533677,0.9560656974387667,0.01675697380865065]
2007-11-01T00:00:00.000Z,8,265.0,1.77157,-73.84153,[0.2760527762175859,0.9610726283130766,0.011587400483207309]
2007-11-01T00:00:00.000Z,8,554.0,2.27157,-73.84153,[0.25842388215644296,0.9659862145236471,0.009366455117460596]
2007-11-01T00:00:00.000Z,2,995.0,2.77157,-73.84153,[0.2887200467562829,0.957334891876096,0.012273524254821743]
2007-11-01T00:00:00.000Z,8,363.0,3.27157,-73.84153,[0.26963945372690473,0.9628327274711791,0.01573861189135581]
2007-11-01T00:00:00.000Z,1,545.0,3.77157,-73.84153,[0.20309521709556097,0.978964585775232,0.019510832653562318]
2007-11-01T00:00:00.000Z,11,1499.0,4.27157,-73.84153,[0.15407187330810404,0.9877320870217212,0.025439774429942757]
2007-11-01T00:00:00.000Z,11,3610.0,4.77157,-73.84153,[0.14005289364956178,0.9897071151235699,0.029411107666407976]
2007-11-01T00:00:00.000Z,11,2585.0,5.27157,-73.84153,[0.16380430331172796,0.986080210002389,0.02853015349071818]
2007-11-01T00:00:00.000Z,1,2622.0,5.77157,-73.84153,[0.241189057982299,0.9702378014287938,0.021597383828414956]
2007-11-01T00:00:00.000Z,2,616.0,6.27157,-73.84153,[0.29511845468973513,0.9554601310836253,0.0010176498437577074]
2007-11-01T00:00:00.000Z,2,101.0,6.77157,-73.84153,[0.316153108351267,0.948459325053801,0.021728340901232532]
2007-11-01T00:00:00.000Z,0,89.0,7.27157,-73.84153,[0.31493101683221036,0.9482286615893462,0.04099829237306594]
2007-11-01T00:00:00.000Z,0,59.0,7.77157,-73.84153,[0.3040922148677276,0.9514061575457212,0.04852059604874771]
2007-11-01T00:00:00.000Z,0,38.0,8.27157,-73.84153,[0.3087331861352407,0.9498615909197369,0.049464915588821406]
2007-11-01T00:00:00.000Z,5,29.0,8.77157,-73.84153,[0.3203688596858888,0.9461253014464557,0.04701816357979951]
2007-11-01T00:00:00.000Z,5,52.0,9.27157,-73.84153,[0.32608316197960235,0.9442336165236687,0.04574547955828954]
2007-11-01T00:00:00.000Z,0,46.0,9.77157,-73.84153,[0.2763760184596293,0.9600430114913437,0.043973998078799315]
2007-11-01T00:00:00.000Z,11,931.0,10.27157,-73.84153,[0.14357386499128136,0.9887018430081422,0.04307215949738441]
2007-11-01T00:00:00.000Z,0,2665.0,10.77157,-73.84153,[0.27757259758409103,0.959704446707748,0.04382725225011964]
2007-11-01T00:00:00.000Z,2,139.0,-1.72843,-73.34153,[0.30939007001802654,0.9503528943195232,0.033274026398165124]
2007-11-01T00:00:00.000Z,2,199.0,-1.22843,-73.34153,[0.3086728360038542,0.9505720290573237,0.03367340029132955]
2007-11-01T00:00:00.000Z,0,223.0,-0.72843,-73.34153,[0.30418282637119853,0.9520225863526062,0.03355299115315893]
2007-11-01T00:00:00.000Z,0,171.0,-0.22843,-73.34153,[0.2949919165058719,0.9549932861201768,0.03110615150703941]
2007-11-01T00:00:00.000Z,2,209.0,0.27157,-73.34153,[0.2933349975908416,0.9556304218389137,0.02692723610697179]
2007-11-01T00:00:00.000Z,8,237.0,0.77157,-73.34153,[0.2840548099923908,0.9585435221655577,0.022520680154775204]
2007-11-01T00:00:00.000Z,8,249.0,1.27157,-73.34153,[0.28408028102028726,0.9586294741999335,0.018108703172607953]
2007-11-01T00:00:00.000Z,2,294.0,1.77157,-73.34153,[0.293409821133188,0.955874182910464,0.014670491056659398]
2007-11-01T00:00:00.000Z,2,229.0,2.27157,-73.34153,[0.30188330713728984,0.9532545967681344,0.01312031296404375]
2007-11-01T00:00:00.000Z,2,267.0,2.77157,-73.34153,[0.3021625287470366,0.9531536138468298,0.013999808281715983]
2007-11-01T00:00:00.000Z,2,234.0,3.27157,-73.34153,[0.30519250639011325,0.9521063519815116,0.018735756183794597]
2007-11-01T00:00:00.000Z,2,256.0,3.77157,-73.34153,[0.3061965539419392,0.9516919919817028,0.02293518589372054]
2007-11-01T00:00:00.000Z,1,300.0,4.27157,-73.34153,[0.23867019338999798,0.9707451134997033,0.02627667032995651]
2007-11-01T00:00:00.000Z,11,1229.0,4.77157,-73.34153,[0.1756731507389415,0.9839992822436134,0.029738134667572445]
2007-11-01T00:00:00.000Z,11,2684.0,5.27157,-73.34153,[0.15252877664353973,0.9878054106438763,0.031232082836534326]
2007-11-01T00:00:00.000Z,1,3515.0,5.77157,-73.34153,[0.21773003530835747,0.9757531211967132,0.02234900891524939]
2007-11-01T00:00:00.000Z,1,1301.0,6.27157,-73.34153,[0.2219115436614643,0.9750658736640097,0.0013449184464331167]
2007-11-01T00:00:00.000Z,8,1945.0,6.77157,-73.34153,[0.27515799571636046,0.9613403833741723,0.01061813012515416]
2007-11-01T00:00:00.000Z,1,351.0,7.27157,-73.34153,[0.22851582622280245,0.9731056714750919,0.02908383242835668]
2007-11-01T00:00:00.000Z,6,325.0,7.77157,-73.34153,[0.23103100430245396,0.9718852344454193,0.04542869267293446]
2007-11-01T00:00:00.000Z,6,1339.0,8.27157,-73.34153,[0.24536981397409852,0.9683928658177755,0.04482088601926867]
2007-11-01T00:00:00.000Z,8,1230.0,8.77157,-73.34153,[0.26176024537255554,0.9642054608027045,0.042301339231092305]
2007-11-01T00:00:00.000Z,0,809.0,9.27157,-73.34153,[0.28059540104422587,0.9589826758579768,0.04022994304128058]
2007-11-01T00:00:00.000Z,0,74.0,9.77157,-73.34153,[0.2808257530519443,0.9589172055432245,0.04018319718466845]
2007-11-01T00:00:00.000Z,1,99.0,10.27157,-73.34153,[0.23164840236893414,0.9720573146135647,0.03799466786518499]
2007-11-01T00:00:00.000Z,0,1426.0,10.77157,-73.34153,[0.29129150970143913,0.9558002662078472,0.039938796837970754]
2007-11-01T00:00:00.000Z,0,146.0,-2.22843,-72.84153,[0.30257514782557193,0.952424044860039,0.03656116369558995]
2007-11-01T00:00:00.000Z,0,165.0,-1.72843,-72.84153,[0.30527777936612516,0.9515450783261108,0.036978931010009874]
2007-11-01T00:00:00.000Z,0,168.0,-1.22843,-72.84153,[0.3035754520448241,0.9521230086860394,0.03610708028108894]
2007-11-01T00:00:00.000Z,0,178.0,-0.72843,-72.84153,[0.29946513574886985,0.9534694552004245,0.03488023037074959]
2007-11-01T00:00:00.000Z,0,191.0,-0.22843,-72.84153,[0.29545956736600987,0.9548249339202713,0.031827497797342376]
2007-11-01T00:00:00.000Z,0,247.0,0.27157,-72.84153,[0.28806921837010147,0.9572063791510459,0.02778620413412396]
2007-11-01T00:00:00.000Z,8,264.0,0.77157,-72.84153,[0.28220789720634676,0.9590571168008516,0.023835886138544028]
2007-11-01T00:00:00.000Z,8,246.0,1.27157,-72.84153,[0.28222963094603887,0.9591309768803631,0.020352017211646627]
2007-11-01T00:00:00.000Z,2,259.0,1.77157,-72.84153,[0.28647189993527106,0.9579257997835545,0.01766387999600881]
2007-11-01T00:00:00.000Z,2,271.0,2.27157,-72.84153,[0.3033048705360581,0.9527477421800603,0.016670191357707007]
2007-11-01T00:00:00.000Z,2,193.0,2.77157,-72.84153,[0.3045994601777939,0.9523109559581601,0.017972535198229982]
2007-11-01T00:00:00.000Z,2,182.0,3.27157,-72.84153,[0.3056030605543767,0.9519359702325986,0.0206077159607549]
2007-11-01T00:00:00.000Z,2,203.0,3.77157,-72.84153,[0.3083590701765244,0.9509699568802737,0.023891943223600935]
2007-11-01T00:00:00.000Z,2,165.0,4.27157,-72.84153,[0.3006985634176059,0.9533776157969055,0.025524412941261895]
2007-11-01T00:00:00.000Z,1,293.0,4.77157,-72.84153,[0.22272199871329454,0.9745500654358371,0.025437791731213844]
2007-11-01T00:00:00.000Z,11,1653.0,5.27157,-72.84153,[0.16050954066149667,0.9866981840664096,0.025756182106147135]
2007-11-01T00:00:00.000Z,11,2686.0,5.77157,-72.84153,[0.16102997748493328,0.986791702027671,0.01764888553234869]
2007-11-01T00:00:00.000Z,11,2685.0,6.27157,-72.84153,[0.1744668125504598,0.9846620105587595,0.001433973801784601]
2007-11-01T00:00:00.000Z,11,1547.0,6.77157,-72.84153,[0.14566828026256665,0.9892776250875178,0.010513449792863505]
2007-11-01T00:00:00.000Z,1,3795.0,7.27157,-72.84153,[0.2039310785452909,0.9786475128015864,0.025713049033971463]
2007-11-01T00:00:00.000Z,0,1328.0,7.77157,-72.84153,[0.2789457723506203,0.9594384831253189,0.040829562646481916]
2007-11-01T00:00:00.000Z,0,973.0,8.27157,-72.84153,[0.31525222488590837,0.9480577857882794,0.0424555003587227]
2007-11-01T00:00:00.000Z,4,83.0,8.77157,-72.84153,[0.32614958061038196,0.9444259438538037,0.04106199755886104]
2007-11-01T00:00:00.000Z,0,223.0,10.77157,-72.84153,[0.302588855117113,0.9524671916754578,0.03530203309699652]
2007-11-01T00:00:00.000Z,4,51.0,11.27157,-72.84153,[0.33466706317845496,0.9416259662906349,0.03658546748008199]
2007-11-01T00:00:00.000Z,0,149.0,-2.22843,-72.34153,[0.29894317530417863,0.9534475515383273,0.039632617938053984]
2007-11-01T00:00:00.000Z,0,147.0,-1.72843,-72.34153,[0.29894317530417863,0.9534475515383273,0.039632617938053984]
2007-11-01T00:00:00.000Z,0,145.0,-1.22843,-72.34153,[0.3016204490228653,0.9526653427627858,0.038129377517984855]
2007-11-01T00:00:00.000Z,0,205.0,-0.72843,-72.34153,[0.29756300519120643,0.9540187952695168,0.036116425820917425]
2007-11-01T00:00:00.000Z,0,176.0,-0.22843,-72.34153,[0.29424331514549706,0.9551590691646137,0.03304578770095583]
2007-11-01T00:00:00.000Z,0,150.0,0.27157,-72.34153,[0.29355888079337805,0.9554831525436976,0.029582574473772844]
2007-11-01T00:00:00.000Z,2,218.0,0.77157,-72.34153,[0.29191834157708296,0.9560891419869577,0.026023728125088786]
2007-11-01T00:00:00.000Z,2,234.0,1.27157,-72.34153,[0.2895542107776286,0.9568861809291944,0.022960744057757266]
2007-11-01T00:00:00.000Z,2,237.0,1.77157,-72.34153,[0.2912335916313956,0.9564247133731437,0.02085096531524389]
2007-11-01T00:00:00.000Z,2,203.0,2.27157,-72.34153,[0.3029993630921226,0.9527774649322639,0.020161554578373177]
2007-11-01T00:00:00.000Z,2,188.0,2.77157,-72.34153,[0.3042906052505599,0.9523599095628211,0.020440895619884943]
2007-11-01T00:00:00.000Z,2,220.0,3.27157,-72.34153,[0.30805985402930747,0.9511201576874436,0.021669609503962694]
2007-11-01T00:00:00.000Z,2,180.0,3.77157,-72.34153,[0.31260383539656805,0.9496078773367445,0.02288496002525819]
2007-11-01T00:00:00.000Z,2,190.0,4.27157,-72.34153,[0.31473188868440627,0.9489107505278915,0.022632405478429214]
2007-11-01T00:00:00.000Z,2,177.0,4.77157,-72.34153,[0.31013766240934404,0.9504599083723623,0.020990305668769294]
2007-11-01T00:00:00.000Z,8,257.0,5.27157,-72.34153,[0.24632824224588648,0.9690460095899498,0.016499344527790512]
2007-11-01T00:00:00.000Z,11,1342.0,5.77157,-72.34153,[0.17791817703286297,0.9839964484878747,0.009803654652831225]
2007-11-01T00:00:00.000Z,11,3317.0,6.27157,-72.34153,[0.1738546571953548,0.9847711351624991,6.078834167669748E-4]
2007-11-01T00:00:00.000Z,1,3467.0,6.77157,-72.34153,[0.2220081776670513,0.9750049864552975,0.008811664783692243]
2007-11-01T00:00:00.000Z,1,2203.0,7.27157,-72.34153,[0.23252912636790646,0.972394528447609,0.019470142159992168]
2007-11-01T00:00:00.000Z,4,97.0,11.27157,-72.34153,[0.3371557646410637,0.9409276126685007,0.03132440082835415]
2007-11-01T00:00:00.000Z,4,19.0,11.77157,-72.34153,[0.3389440387778701,0.9402963656418333,0.030978756232385978]
2007-11-01T00:00:00.000Z,0,109.0,-2.22843,-71.84153,[0.2960213811053311,0.9542204368205939,0.04283339681145321]
2007-11-01T00:00:00.000Z,0,140.0,-1.72843,-71.84153,[0.296039551094397,0.9542790075050449,0.04137825543705777]
2007-11-01T00:00:00.000Z,0,153.0,-1.22843,-71.84153,[0.2987065477956147,0.953606563906,0.03753557751544894]
2007-11-01T00:00:00.000Z,0,136.0,-0.72843,-71.84153,[0.2987298781450899,0.9536810449462114,0.03539667235379556]
2007-11-01T00:00:00.000Z,0,192.0,-0.22843,-71.84153,[0.28708827513428875,0.9573332754478033,0.033065420015466716]
2007-11-01T00:00:00.000Z,0,216.0,0.27157,-71.84153,[0.29164923763332906,0.9560239488443877,0.030966617895430693]
2007-11-01T00:00:00.000Z,0,215.0,0.77157,-71.84153,[0.28805938860448455,0.9572090189425285,0.02779717057350668]
2007-11-01T00:00:00.000Z,8,232.0,1.27157,-71.84153,[0.2775668984750162,0.9603814687235561,0.02498102086275146]
2007-11-01T00:00:00.000Z,2,233.0,1.77157,-71.84153,[0.29265215198961425,0.9559217010934891,0.023841545972899076]
2007-11-01T00:00:00.000Z,2,159.0,2.27157,-71.84153,[0.3002802217609915,0.9535616202486449,0.023495208191222618]
2007-11-01T00:00:00.000Z,2,186.0,2.77157,-71.84153,[0.3067145481350847,0.9515121777372515,0.02346831012245724]
2007-11-01T00:00:00.000Z,2,222.0,3.27157,-71.84153,[0.30773828601403036,0.9511910658615483,0.023080371451052278]
2007-11-01T00:00:00.000Z,2,206.0,3.77157,-71.84153,[0.3150847292533186,0.9488077749319855,0.022032240466585435]
2007-11-01T00:00:00.000Z,4,189.0,4.27157,-71.84153,[0.3204497455294117,0.9470540806538376,0.020013218308156566]
2007-11-01T00:00:00.000Z,4,149.0,4.77157,-71.84153,[0.3229952912065757,0.9462565753496348,0.016508648217224982]
2007-11-01T00:00:00.000Z,2,172.0,5.27157,-71.84153,[0.32270401304891067,0.9464378890165812,0.010837075065075358]
2007-11-01T00:00:00.000Z,2,213.0,5.77157,-71.84153,[0.3115292588127287,0.9502243801623772,0.004811262684366467]
2007-11-01T00:00:00.000Z,2,412.0,6.27157,-71.84153,[0.3003866840234045,0.9538174787516072,2.3935193946088008E-4]
2007-11-01T00:00:00.000Z,4,325.0,6.77157,-71.84153,[0.32979728739603087,0.9440294100183783,0.006497864770256371]
2007-11-01T00:00:00.000Z,4,174.0,11.77157,-71.84153,[0.3340997483807205,0.9422093623398736,0.024877211480147172]
2007-11-01T00:00:00.000Z,0,107.0,-2.22843,-71.34153,[0.29063821167652293,0.9559013425862827,0.042214371429821956]
2007-11-01T00:00:00.000Z,0,121.0,-1.72843,-71.34153,[0.29326125061166924,0.9553207406289226,0.0368798239405584]
2007-11-01T00:00:00.000Z,0,140.0,-1.22843,-71.34153,[0.2968605252111894,0.9544345942638994,0.03047021239903529]
2007-11-01T00:00:00.000Z,2,186.0,-0.72843,-71.34153,[0.2968635483686284,0.9544443140002694,0.03013445075892869]
2007-11-01T00:00:00.000Z,0,201.0,-0.22843,-71.34153,[0.29049846137355406,0.956410318983701,0.029831957379514974]
2007-11-01T00:00:00.000Z,2,185.0,0.27157,-71.34153,[0.2930980347380609,0.9556568105827196,0.028523716790600562]
2007-11-01T00:00:00.000Z,8,228.0,0.77157,-71.34153,[0.2847905675793124,0.9582364979727453,0.026022040096462667]
2007-11-01T00:00:00.000Z,2,342.0,1.27157,-71.34153,[0.2864330684503107,0.9577605726307262,0.025510445158855793]
2007-11-01T00:00:00.000Z,2,222.0,1.77157,-71.34153,[0.29430081730483926,0.9553457300203244,0.02648707355743553]
2007-11-01T00:00:00.000Z,2,164.0,2.27157,-71.34153,[0.30096676101645403,0.9532521366034455,0.027006903269917542]
2007-11-01T00:00:00.000Z,2,189.0,2.77157,-71.34153,[0.3091304018395953,0.9506340928751463,0.027077963770160036]
2007-11-01T00:00:00.000Z,2,209.0,3.27157,-71.34153,[0.31295800876699825,0.9494231726639273,0.025552376745769895]
2007-11-01T00:00:00.000Z,2,171.0,3.77157,-71.34153,[0.31579390004977087,0.9485644488386377,0.022353950228242207]
2007-11-01T00:00:00.000Z,4,165.0,4.27157,-71.34153,[0.32045715825471627,0.9470759881505555,0.018822390707897832]
2007-11-01T00:00:00.000Z,2,131.0,4.77157,-71.34153,[0.32118848900497865,0.9469112490665296,0.014037126556513882]
2007-11-01T00:00:00.000Z,4,146.0,5.27157,-71.34153,[0.3255372413910951,0.9454941937461953,0.008138431034777377]
2007-11-01T00:00:00.000Z,4,151.0,5.77157,-71.34153,[0.3255463229387903,0.9455205703001631,0.0032315259997600515]
2007-11-01T00:00:00.000Z,4,157.0,6.27157,-71.34153,[0.3273576240540411,0.9449003947054374,4.796448704088515E-4]
2007-11-01T00:00:00.000Z,4,154.0,6.77157,-71.34153,[0.33212293946644034,0.9432291480846905,0.0036231593396338943]
2007-11-01T00:00:00.000Z,0,97.0,-2.22843,-70.84153,[0.2888177017291331,0.9565027308215778,0.04107141461851551]
2007-11-01T00:00:00.000Z,0,137.0,-1.72843,-70.84153,[0.2917889575981034,0.956050940614998,0.028736791278601098]
2007-11-01T00:00:00.000Z,2,114.0,-1.22843,-70.84153,[0.28669248875170844,0.9578385064808037,0.0187833009871809]
2007-11-01T00:00:00.000Z,2,155.0,-0.72843,-70.84153,[0.2901367130945067,0.9567867179910452,0.019490099810928696]
2007-11-01T00:00:00.000Z,2,183.0,-0.22843,-70.84153,[0.2894231132931159,0.9569814052565478,0.020514665118477562]
2007-11-01T00:00:00.000Z,2,193.0,0.27157,-70.84153,[0.29034119725565005,0.9566798070492684,0.02158091657762303]
2007-11-01T00:00:00.000Z,2,250.0,0.77157,-70.84153,[0.289633237340968,0.9569036572149675,0.021165505805686123]
2007-11-01T00:00:00.000Z,2,316.0,1.27157,-70.84153,[0.2914808390453108,0.9562813680986542,0.02376689918369457]
2007-11-01T00:00:00.000Z,2,186.0,1.77157,-70.84153,[0.296676885087645,0.9545748630873464,0.027742685819264517]
2007-11-01T00:00:00.000Z,2,191.0,2.27157,-70.84153,[0.30368389176484567,0.9523068454965538,0.02979540070145656]
2007-11-01T00:00:00.000Z,2,160.0,2.77157,-70.84153,[0.30777301319243183,0.950984029527177,0.030085676570496146]
2007-11-01T00:00:00.000Z,4,240.0,3.27157,-70.84153,[0.31715907510205377,0.9479532355828051,0.02819191778684922]
2007-11-01T00:00:00.000Z,2,186.0,3.77157,-70.84153,[0.3171991081321134,0.9480597878744208,0.0238194125809245]
2007-11-01T00:00:00.000Z,4,176.0,4.27157,-70.84153,[0.32116122813207765,0.9468308799745696,0.01915072508491278]
2007-11-01T00:00:00.000Z,2,146.0,4.77157,-70.84153,[0.31973596821097905,0.9474095294221998,0.013568131492347818]
2007-11-01T00:00:00.000Z,4,123.0,5.27157,-70.84153,[0.3251020338335607,0.9456435071728025,0.008186876034494776]
2007-11-01T00:00:00.000Z,2,120.0,5.77157,-70.84153,[0.3239900607308364,0.9460509773340423,0.0042413244313854945]
2007-11-01T00:00:00.000Z,4,126.0,6.27157,-70.84153,[0.3275567045077477,0.9448296278039366,0.0018920242859653297]
2007-11-01T00:00:00.000Z,4,122.0,6.77157,-70.84153,[0.33114299697747773,0.9435795075164688,0.0014242709547418397]
2007-11-01T00:00:00.000Z,0,97.0,-3.72843,-70.34153,[0.2736584026634396,0.9609864837716134,0.04020020721296264]
2007-11-01T00:00:00.000Z,0,132.0,-2.22843,-70.34153,[0.28453784300380225,0.9578716699593649,0.038988200625330156]
2007-11-01T00:00:00.000Z,2,129.0,-1.72843,-70.34153,[0.28838723260723415,0.9572701675517695,0.021601629210503848]
2007-11-01T00:00:00.000Z,2,144.0,-1.22843,-70.34153,[0.2849166286071351,0.958455172096033,0.01364543240455628]
2007-11-01T00:00:00.000Z,2,134.0,-0.72843,-70.34153,[0.28671732340276845,0.9579214789548433,0.013402112434918678]
2007-11-01T00:00:00.000Z,2,170.0,-0.22843,-70.34153,[0.2876272932981436,0.9576556240463097,0.012893637285778851]
2007-11-01T00:00:00.000Z,2,177.0,0.27157,-70.34153,[0.2901740365591954,0.9569097999509344,0.011075344906839518]
2007-11-01T00:00:00.000Z,2,190.0,0.77157,-70.34153,[0.2946164803291325,0.95554318525,0.011762254918083238]
2007-11-01T00:00:00.000Z,2,195.0,1.27157,-70.34153,[0.2929392209758367,0.955965778375345,0.017777609211892382]
2007-11-01T00:00:00.000Z,2,216.0,1.77157,-70.34153,[0.29811695427052803,0.9542000998431674,0.02506892570002168]
2007-11-01T00:00:00.000Z,2,168.0,2.27157,-70.34153,[0.30269065886592766,0.9526189037516366,0.029926397216178513]
2007-11-01T00:00:00.000Z,2,193.0,2.77157,-70.34153,[0.30949907832244883,0.950357764662984,0.03210046202675213]
2007-11-01T00:00:00.000Z,4,177.0,3.27157,-70.34153,[0.3174790331575614,0.9477682901615435,0.030697421220749498]
2007-11-01T00:00:00.000Z,2,174.0,3.77157,-70.34153,[0.31612092739192027,0.9483627821757608,0.025992165141113445]
2007-11-01T00:00:00.000Z,2,118.0,4.27157,-70.34153,[0.31792180247694335,0.9478996915179712,0.020295377058491215]
2007-11-01T00:00:00.000Z,2,116.0,4.77157,-70.34153,[0.3158456051732586,0.9487022974576845,0.014335427836277049]
2007-11-01T00:00:00.000Z,2,124.0,5.27157,-70.34153,[0.32287415885286513,0.9463956322897388,0.00935867127109754]
2007-11-01T00:00:00.000Z,2,105.0,5.77157,-70.34153,[0.3207515964275613,0.9471469242335595,0.005578288633522804]
2007-11-01T00:00:00.000Z,2,104.0,6.27157,-70.34153,[0.3225069227301179,0.946563639637494,0.00256142682312729]
2007-11-01T00:00:00.000Z,4,109.0,6.77157,-70.34153,[0.3264246149119601,0.9452223561299564,0.0012916081885005616]
2007-11-01T00:00:00.000Z,0,140.0,-3.72843,-69.84153,[0.27196492024745456,0.961364369246816,0.04258675495347738]
2007-11-01T00:00:00.000Z,0,128.0,-3.22843,-69.84153,[0.276940868014552,0.9597066233888897,0.047612526154809515]
2007-11-01T00:00:00.000Z,0,61.0,-2.72843,-69.84153,[0.27933900518413796,0.9589568913601056,0.04869702963938037]
2007-11-01T00:00:00.000Z,0,111.0,-2.22843,-69.84153,[0.2795897398790233,0.9592078768157261,0.04183092646651541]
2007-11-01T00:00:00.000Z,8,145.0,-1.72843,-69.84153,[0.2821983963713259,0.9590420596987205,0.024543691944939067]
2007-11-01T00:00:00.000Z,8,68.0,-1.22843,-69.84153,[0.28313298269505077,0.9589638187832371,0.014970249659738314]
2007-11-01T00:00:00.000Z,2,122.0,-0.72843,-69.84153,[0.2865204064171013,0.9579842596235907,0.013123072049638229]
2007-11-01T00:00:00.000Z,2,188.0,0.77157,-69.84153,[0.2986462008395178,0.9543205665924441,0.009094113634586821]
2007-11-01T00:00:00.000Z,2,195.0,1.77157,-69.84153,[0.30152295918214356,0.9533113107976793,0.016776465398104227]
2007-11-01T00:00:00.000Z,2,182.0,2.27157,-69.84153,[0.30754974529534557,0.9512319259692473,0.023895128909564023]
2007-11-01T00:00:00.000Z,2,180.0,2.77157,-69.84153,[0.3092111117355794,0.9505378620019662,0.02943231693186811]
2007-11-01T00:00:00.000Z,2,198.0,3.27157,-69.84153,[0.31020668337939256,0.950151582054658,0.031365342430583025]
2007-11-01T00:00:00.000Z,2,149.0,3.77157,-69.84153,[0.31298422846967244,0.9493469955795968,0.02794914512533606]
2007-11-01T00:00:00.000Z,2,188.0,4.27157,-69.84153,[0.3120074818918995,0.9498382751321662,0.021414535657525203]
2007-11-01T00:00:00.000Z,2,143.0,4.77157,-69.84153,[0.3110232873349453,0.950285173111936,0.014919936292820252]
2007-11-01T00:00:00.000Z,2,100.0,5.27157,-69.84153,[0.313798169698228,0.949440616010023,0.009655328298407014]
2007-11-01T00:00:00.000Z,2,112.0,5.77157,-69.84153,[0.3138082179337967,0.9494710183637951,0.0054025590633291]
2007-11-01T00:00:00.000Z,2,98.0,6.27157,-69.84153,[0.32073932088782253,0.9471652147517647,0.0020842266339280886]
2007-11-01T00:00:00.000Z,2,169.0,0.77157,-69.34153,[0.2961061375910263,0.9551092708763177,0.00935072013445346]
2007-11-01T00:00:00.000Z,2,182.0,1.77157,-69.34153,[0.3032676998865529,0.9528037436734236,0.013918629509718658]
2007-11-01T00:00:00.000Z,2,167.0,2.27157,-69.34153,[0.30761222173842645,0.9513192783392078,0.01914031601927987]
2007-11-01T00:00:00.000Z,2,128.0,2.77157,-69.34153,[0.3092549180627431,0.9505879953736716,0.027273773216603542]
2007-11-01T00:00:00.000Z,2,182.0,3.27157,-69.34153,[0.30920409027934787,0.9504317608955599,0.0327459682325361]
2007-11-01T00:00:00.000Z,2,123.0,3.77157,-69.34153,[0.3119510248134416,0.9496156196526825,0.03027759946718698]
2007-11-01T00:00:00.000Z,2,172.0,4.27157,-69.34153,[0.31270471613558865,0.9495685336131978,0.023137858116992274]
2007-11-01T00:00:00.000Z,2,142.0,4.77157,-69.34153,[0.31343809162553715,0.9494657520043643,0.016472658829955238]
2007-11-01T00:00:00.000Z,2,117.0,5.27157,-69.34153,[0.31620929366172845,0.9486278809851854,0.010808608583346353]
2007-11-01T00:00:00.000Z,2,83.0,5.77157,-69.34153,[0.32073397791920605,0.9471494365989551,0.0061367873031472646]
2007-11-01T00:00:00.000Z,2,139.0,1.77157,-68.84153,[0.3022827642075253,0.9530930438632794,0.01545251443896678]
2007-11-01T00:00:00.000Z,2,178.0,2.27157,-68.84153,[0.3022613077251867,0.9530253918947119,0.019511644118081085]
2007-11-01T00:00:00.000Z,2,155.0,2.77157,-68.84153,[0.3109565653461843,0.9500180360392617,0.027780310801148088]
2007-11-01T00:00:00.000Z,2,154.0,3.27157,-68.84153,[0.313302234245333,0.9490542132249139,0.03373144492787345]
2007-11-01T00:00:00.000Z,4,118.0,3.77157,-68.84153,[0.3177923274495462,0.9476198749673062,0.032009517040207915]
2007-11-01T00:00:00.000Z,4,168.0,4.27157,-68.84153,[0.3195759324249764,0.9472322601373402,0.0249453155885683]
2007-11-01T00:00:00.000Z,4,130.0,4.77157,-68.84153,[0.32240631191443864,0.9464185285230297,0.01860480868036725]
2007-11-01T00:00:00.000Z,4,118.0,5.27157,-68.84153,[0.32528110976590696,0.9455303943374572,0.012824703252419273]
2007-11-01T00:00:00.000Z,4,76.0,5.77157,-68.84153,[0.33534878123668144,0.9420575303291934,0.008294846178999187]
2007-11-01T00:00:00.000Z,2,140.0,1.77157,-68.34153,[0.30129157596618583,0.9533405090273342,0.019111779072481936]
2007-11-01T00:00:00.000Z,2,115.0,2.27157,-68.34153,[0.3005811090346885,0.9535288365257722,0.02082678096307767]
2007-11-01T00:00:00.000Z,2,126.0,2.77157,-68.34153,[0.31097368463069,0.9500703379709683,0.025723926118347517]
2007-11-01T00:00:00.000Z,2,132.0,3.27157,-68.34153,[0.3143590079675254,0.9488135021501588,0.03051806427713933]
2007-11-01T00:00:00.000Z,4,110.0,3.77157,-68.34153,[0.3251371004287249,0.9451117865508813,0.032397173447736745]
2007-11-01T00:00:00.000Z,4,121.0,4.27157,-68.34153,[0.3315283747842049,0.9430400766829856,0.027646889204619204]
2007-11-01T00:00:00.000Z,4,109.0,4.77157,-68.34153,[0.33700833171011846,0.9412583580394887,0.021402985277028577]
2007-11-01T00:00:00.000Z,4,89.0,5.27157,-68.34153,[0.34393241769040267,0.9388751612741517,0.014964077120564887]
2007-11-01T00:00:00.000Z,4,65.0,5.77157,-68.34153,[0.35043356492732264,0.9365245445967125,0.010867103581369936]
2007-11-01T00:00:00.000Z,2,136.0,2.27157,-67.84153,[0.30659337894080696,0.9515750057496156,0.022483514455659177]
2007-11-01T00:00:00.000Z,2,120.0,2.77157,-67.84153,[0.3109773104450134,0.9500814153669342,0.025266906473657338]
2007-11-01T00:00:00.000Z,4,103.0,3.27157,-67.84153,[0.32165302790805006,0.9463798474550931,0.030075138710536086]
2007-11-01T00:00:00.000Z,4,95.0,3.77157,-67.84153,[0.3297917096228414,0.9434398550281997,0.034039215743214696]
2007-11-01T00:00:00.000Z,4,110.0,4.27157,-67.84153,[0.3371632542481996,0.9409485145153657,0.030607728045226632]
2007-11-01T00:00:00.000Z,4,101.0,4.77157,-67.84153,[0.34780908239317204,0.9372539483437057,0.024163578355736164]
2007-11-01T00:00:00.000Z,4,80.0,5.77157,-67.84153,[0.3659022911586076,0.9305819515625487,0.011521490828869652]
2007-11-01T00:00:00.000Z,4,54.0,6.27157,-67.84153,[0.36182667969267146,0.9322062372637577,0.008543129937188077]
2007-11-01T00:00:00.000Z,2,114.0,2.27157,-67.34153,[0.31339527960650004,0.9493360659612957,0.023333079211578837]
