2006-11-01T00:00:00.000Z,8,10.0,1.77157,-78.84153,[0.28336416704099876,0.9589043412667397,0.014394899685682737]
2006-11-01T00:00:00.000Z,2,235.0,1.27157,-78.34153,[0.2985991692723573,0.954346364537142,0.007845546800489388]
2006-11-01T00:00:00.000Z,2,57.0,1.77157,-78.34153,[0.2934228880377301,0.9559167524354176,0.011232594932694354]
2006-11-01T00:00:00.000Z,8,1772.0,1.27157,-77.84153,[0.26782051391768713,0.9634582124051861,0.004521645040168744]
2006-11-01T00:00:00.000Z,2,528.0,1.77157,-77.84153,[0.2953729560294583,0.9553469046577792,0.008191984327379507]
2006-11-01T00:00:00.000Z,2,116.0,2.27157,-77.84153,[0.2888680699457421,0.9572953480760058,0.011868223028778551]
2006-11-01T00:00:00.000Z,6,167.0,7.27157,-77.84153,[0.2501271953053938,0.9646255548908437,0.08327019286749185]
2006-11-01T00:00:00.000Z,1,2201.0,0.77157,-77.34153,[0.18689672182875772,0.9823758941124078,0.0026866403762883925]
2006-11-01T00:00:00.000Z,1,2447.0,1.27157,-77.34153,[0.22806941643205433,0.9736364427378563,0.004051994708183707]
2006-11-01T00:00:00.000Z,1,1706.0,1.77157,-77.34153,[0.20746766911585887,0.9782212140570334,0.006357880182582771]
2006-11-01T00:00:00.000Z,8,2096.0,2.27157,-77.34153,[0.27274728149208993,0.962033298317288,0.010042577728579045]
2006-11-01T00:00:00.000Z,8,57.0,2.77157,-77.34153,[0.28413717191403337,0.9586832926390811,0.013871263510763834]
2006-11-01T00:00:00.000Z,8,74.0,3.27157,-77.34153,[0.2761144894189648,0.9609653883715155,0.017501745195454072]
2006-11-01T00:00:00.000Z,8,28.0,4.27157,-77.34153,[0.26329894670863285,0.9640473245631047,0.035866706913853144]
2006-11-01T00:00:00.000Z,6,14.0,5.27157,-77.34153,[0.25016481452030054,0.9662236155966265,0.061882875170811195]
2006-11-01T00:00:00.000Z,9,499.0,6.27157,-77.34153,[0.2626877577524426,0.9617930253963933,0.07713182369065744]
2006-11-01T00:00:00.000Z,9,695.0,6.77157,-77.34153,[0.27409292066189106,0.9582545468452832,0.0813713358214989]
2006-11-01T00:00:00.000Z,9,345.0,7.27157,-77.34153,[0.2741891482080702,0.9580491413858453,0.08343952118018136]
2006-11-01T00:00:00.000Z,8,279.0,0.27157,-76.84153,[0.2818480777788675,0.9594578314388947,0.0015266770879688656]
2006-11-01T00:00:00.000Z,1,485.0,0.77157,-76.84153,[0.19830704158310744,0.980138251502715,0.001823513026051563]
2006-11-01T00:00:00.000Z,11,3335.0,1.27157,-76.84153,[0.15785855393119577,0.987455635229182,0.003470649058061751]
2006-11-01T00:00:00.000Z,11,2008.0,1.77157,-76.84153,[0.160798338949798,0.9869691149332429,0.0059883519333028224]
2006-11-01T00:00:00.000Z,1,1013.0,2.27157,-76.84153,[0.20014736089737736,0.9797268605252836,0.00873571354192973]
2006-11-01T00:00:00.000Z,1,2856.0,2.77157,-76.84153,[0.23748176089841266,0.9713116571342659,0.012493116331622657]
2006-11-01T00:00:00.000Z,8,1911.0,3.27157,-76.84153,[0.24486671337018637,0.9694038378627927,0.017218937835163792]
2006-11-01T00:00:00.000Z,8,794.0,3.77157,-76.84153,[0.26593324864258205,0.9637333018989441,0.022307623749770314]
2006-11-01T00:00:00.000Z,8,70.0,4.27157,-76.84153,[0.27319770765870766,0.9615698844365539,0.02731977076587077]
2006-11-01T00:00:00.000Z,0,24.0,4.77157,-76.84153,[0.2737104209267507,0.9606490259763779,0.047286936533648766]
2006-11-01T00:00:00.000Z,0,133.0,5.27157,-76.84153,[0.273563901484863,0.9601347826433714,0.057480352841177446]
2006-11-01T00:00:00.000Z,9,76.0,5.77157,-76.84153,[0.27025485789985876,0.9603127164109606,0.06900578585111018]
2006-11-01T00:00:00.000Z,9,38.0,6.27157,-76.84153,[0.26310383673057197,0.9618735407599454,0.0746703601409437]
2006-11-01T00:00:00.000Z,9,20.0,6.77157,-76.84153,[0.2851150394012521,0.9551353819941945,0.08016118992396741]
2006-11-01T00:00:00.000Z,9,15.0,7.27157,-76.84153,[0.2877588142483337,0.9540311457002449,0.08378208553307255]
2006-11-01T00:00:00.000Z,9,8.0,7.77157,-76.84153,[0.2976270732830381,0.9508460431102305,0.08549811431014616]
2006-11-01T00:00:00.000Z,8,294.0,0.77157,-76.34153,[0.2610814537323459,0.9653143223524896,0.002175678781102883]
2006-11-01T00:00:00.000Z,1,1412.0,1.27157,-76.34153,[0.18600479611646564,0.982542981838742,0.0033918521644767264]
2006-11-01T00:00:00.000Z,11,2388.0,1.77157,-76.34153,[0.138270779868666,0.9903785127178435,0.005620763409295367]
2006-11-01T00:00:00.000Z,11,3852.0,2.27157,-76.34153,[0.1437384140224992,0.9895836965395137,0.007960896776630725]
2006-11-01T00:00:00.000Z,1,2450.0,2.77157,-76.34153,[0.20270255348264302,0.9791751763861007,0.011298175112147315]
2006-11-01T00:00:00.000Z,1,990.0,3.27157,-76.34153,[0.20889403522447048,0.9778018670081596,0.016333735732977212]
2006-11-01T00:00:00.000Z,1,962.0,3.77157,-76.34153,[0.2306038698287453,0.9727901110736878,0.02238872522609178]
2006-11-01T00:00:00.000Z,1,1899.0,4.27157,-76.34153,[0.19504260602195375,0.9804844518941459,0.02467025395088496]
2006-11-01T00:00:00.000Z,1,1358.0,4.77157,-76.34153,[0.2321007649545966,0.9719900579319257,0.03693998090122453]
2006-11-01T00:00:00.000Z,6,407.0,5.27157,-76.34153,[0.2141511941955152,0.9754586895605717,0.05118213541272814]
2006-11-01T00:00:00.000Z,6,480.0,5.77157,-76.34153,[0.20881341542634846,0.9759051850495664,0.06329318550487764]
2006-11-01T00:00:00.000Z,6,1095.0,6.27157,-76.34153,[0.21248987299297348,0.9746346725545059,0.0702517539282892]
2006-11-01T00:00:00.000Z,6,1485.0,6.77157,-76.34153,[0.23929144640226796,0.9679934528670929,0.075685394133568]
2006-11-01T00:00:00.000Z,9,827.0,7.27157,-76.34153,[0.27716467428125896,0.9572755818549508,0.08248153559936262]
2006-11-01T00:00:00.000Z,9,201.0,7.77157,-76.34153,[0.29236918060543016,0.9524488306646128,0.08579910953920893]
2006-11-01T00:00:00.000Z,9,165.0,8.27157,-76.34153,[0.29409734526841935,0.9519466702109362,0.08546513078664968]
2006-11-01T00:00:00.000Z,9,99.0,8.77157,-76.34153,[0.30096570783961374,0.9497140114050034,0.08638830502803728]
2006-11-01T00:00:00.000Z,2,267.0,0.27157,-75.84153,[0.2980736581562032,0.9545315979087752,0.004639278726166587]
2006-11-01T00:00:00.000Z,2,241.0,0.77157,-75.84153,[0.2872409675218071,0.9578513538476197,0.0036620362393218436]
2006-11-01T00:00:00.000Z,1,250.0,1.27157,-75.84153,[0.22680601877326265,0.973931727673422,0.004002459154822282]
2006-11-01T00:00:00.000Z,1,1712.0,1.77157,-75.84153,[0.2371370491460432,0.9714599887721962,0.005613389086065757]
2006-11-01T00:00:00.000Z,1,1262.0,2.27157,-75.84153,[0.20812457076230523,0.9780717533091939,0.007733590607561069]
2006-11-01T00:00:00.000Z,11,2705.0,2.77157,-75.84153,[0.16813083673224147,0.9857082388811803,0.010549385834179855]
2006-11-01T00:00:00.000Z,11,1867.0,3.27157,-75.84153,[0.14455347725127005,0.9893882442975818,0.014669501024758518]
2006-11-01T00:00:00.000Z,11,3782.0,3.77157,-75.84153,[0.1680814540621816,0.9855685260918831,0.020082459446390533]
2006-11-01T00:00:00.000Z,1,2035.0,4.27157,-75.84153,[0.2184357619444358,0.9756042839176355,0.021956755345710125]
2006-11-01T00:00:00.000Z,1,1185.0,4.77157,-75.84153,[0.22281255811597833,0.974523612769885,0.025657203661839927]
2006-11-01T00:00:00.000Z,1,1530.0,5.27157,-75.84153,[0.24012598971533347,0.9698292400153274,0.042080331207395814]
2006-11-01T00:00:00.000Z,6,1704.0,5.77157,-75.84153,[0.23585723567208358,0.9697683294131356,0.06261590571395925]
2006-11-01T00:00:00.000Z,6,488.0,6.27157,-75.84153,[0.19457043312755443,0.9784432700379893,0.06921787247468747]
2006-11-01T00:00:00.000Z,6,896.0,6.77157,-75.84153,[0.20501440528977788,0.9757370091331675,0.07685299364071353]
2006-11-01T00:00:00.000Z,6,2421.0,7.27157,-75.84153,[0.2555843118317071,0.9633562522887421,0.08137192833958196]
2006-11-01T00:00:00.000Z,9,131.0,7.77157,-75.84153,[0.30308587250587893,0.9489879753367595,0.08695272596985142]
2006-11-01T00:00:00.000Z,9,43.0,8.27157,-75.84153,[0.3002205379038092,0.949951552770262,0.08636941594173018]
2006-11-01T00:00:00.000Z,9,10.0,8.77157,-75.84153,[0.3043499897318192,0.9487246932665865,0.08539637074526503]
2006-11-01T00:00:00.000Z,7,155.0,9.27157,-75.84153,[0.3072432530423672,0.9477098871417137,0.08629920783984138]
2006-11-01T00:00:00.000Z,2,228.0,0.27157,-75.34153,[0.302182351638849,0.9532161439727399,0.008050417862193274]
2006-11-01T00:00:00.000Z,2,189.0,0.77157,-75.34153,[0.2936726906007486,0.9558758164651817,0.007600940227313493]
2006-11-01T00:00:00.000Z,8,244.0,1.27157,-75.34153,[0.282906215956357,0.9591210736081373,0.007130156662314689]
2006-11-01T00:00:00.000Z,1,1357.0,1.77157,-75.34153,[0.2201513430455268,0.9754397968786419,0.007112581852240097]
2006-11-01T00:00:00.000Z,8,2437.0,2.27157,-75.34153,[0.25698930034439343,0.9663745118941247,0.008763690426490837]
2006-11-01T00:00:00.000Z,2,485.0,2.77157,-75.34153,[0.2893187475434672,0.9571628564563041,0.011572749901738687]
2006-11-01T00:00:00.000Z,2,694.0,3.27157,-75.34153,[0.2870998966540165,0.9577840814605304,0.014943314293057414]
2006-11-01T00:00:00.000Z,1,442.0,3.77157,-75.34153,[0.23354834804035066,0.9721869033258617,0.017544062508294284]
2006-11-01T00:00:00.000Z,11,2270.0,4.27157,-75.34153,[0.13012513084774063,0.9913169059127876,0.018927291759671366]
2006-11-01T00:00:00.000Z,11,4229.0,4.77157,-75.34153,[0.16490759750814757,0.9861252978507347,0.0190363132693969]
2006-11-01T00:00:00.000Z,11,3209.0,5.27157,-75.34153,[0.18556570009111875,0.9822759214404131,0.026445890192626505]
2006-11-01T00:00:00.000Z,1,1992.0,5.77157,-75.34153,[0.21001572507165728,0.9766305029288542,0.04567555113580306]
2006-11-01T00:00:00.000Z,6,2185.0,6.27157,-75.34153,[0.2154069276688131,0.9744062068369346,0.06428374281215887]
2006-11-01T00:00:00.000Z,6,2092.0,6.77157,-75.34153,[0.24087603307145933,0.9678054900192563,0.07301554752478612]
2006-11-01T00:00:00.000Z,9,869.0,7.27157,-75.34153,[0.2988646094594946,0.9507277953749206,0.08244152057165681]
2006-11-01T00:00:00.000Z,7,83.0,7.77157,-75.34153,[0.3079114209155467,0.9475068356849727,0.0861472762193864]
2006-11-01T00:00:00.000Z,7,30.0,8.27157,-75.34153,[0.30692504474329335,0.9477575557457739,0.08690588263244167]
2006-11-01T00:00:00.000Z,7,74.0,8.77157,-75.34153,[0.3088839177289651,0.9470926006836652,0.08721428265288426]
2006-11-01T00:00:00.000Z,9,180.0,9.27157,-75.34153,[0.2957650446954771,0.9515437205745875,0.08418780298448036]
2006-11-01T00:00:00.000Z,9,136.0,9.77157,-75.34153,[0.3018260569089888,0.9497017688088696,0.08347204137959213]
2006-11-01T00:00:00.000Z,9,79.0,10.27157,-75.34153,[0.30515588207686434,0.9486367638476435,0.08347561266957702]
2006-11-01T00:00:00.000Z,2,205.0,0.27157,-74.84153,[0.3007844431591855,0.953649901179123,0.008976900047774142]
2006-11-01T00:00:00.000Z,2,239.0,0.77157,-74.84153,[0.29366839642912,0.9558618393575279,0.009328290239513225]
2006-11-01T00:00:00.000Z,2,226.0,1.27157,-74.84153,[0.29293914061416865,0.9560887699572671,0.00899576888500203]
2006-11-01T00:00:00.000Z,2,258.0,1.77157,-74.84153,[0.2870171657343693,0.9578906222273055,0.008167155122522703]
2006-11-01T00:00:00.000Z,1,576.0,2.27157,-74.84153,[0.2130794076383161,0.9769917520437684,0.009180548946118939]
2006-11-01T00:00:00.000Z,1,1998.0,2.77157,-74.84153,[0.2260151485583235,0.97404498033511,0.012390678195075604]
2006-11-01T00:00:00.000Z,1,2106.0,3.27157,-74.84153,[0.22515890222737361,0.9742023789441809,0.015270678022351578]
2006-11-01T00:00:00.000Z,2,361.0,3.77157,-74.84153,[0.30055168864072396,0.9535575663701684,0.019916075753300982]
2006-11-01T00:00:00.000Z,8,289.0,4.27157,-74.84153,[0.28281770115991384,0.9589659026724809,0.019963602434817446]
2006-11-01T00:00:00.000Z,2,277.0,4.77157,-74.84153,[0.2913880685730617,0.9564108379777108,0.019269210986283113]
2006-11-01T00:00:00.000Z,2,325.0,5.27157,-74.84153,[0.30011237717969713,0.953638943702281,0.02247945991230164]
2006-11-01T00:00:00.000Z,0,379.0,5.77157,-74.84153,[0.2790021004577823,0.9596322245584205,0.03555026763897549]
2006-11-01T00:00:00.000Z,0,978.0,6.27157,-74.84153,[0.25690643579272426,0.9650459703495926,0.05182044345904524]
2006-11-01T00:00:00.000Z,9,1143.0,6.77157,-74.84153,[0.2681968618456675,0.9611299783693715,0.06557139601859381]
2006-11-01T00:00:00.000Z,9,322.0,7.27157,-74.84153,[0.288622868157182,0.954335383983326,0.07707668164963825]
2006-11-01T00:00:00.000Z,7,55.0,7.77157,-74.84153,[0.3106330776212918,0.9466912841791749,0.08533875758826696]
2006-11-01T00:00:00.000Z,7,27.0,8.27157,-74.84153,[0.3105995862594607,0.9465352354987215,0.08717192767646909]
2006-11-01T00:00:00.000Z,7,14.0,8.77157,-74.84153,[0.31500741470361815,0.9450222441108543,0.08776837025618926]
2006-11-01T00:00:00.000Z,7,48.0,9.27157,-74.84153,[0.3123113775739517,0.9460195546149156,0.0866522113050637]
2006-11-01T00:00:00.000Z,7,15.0,9.77157,-74.84153,[0.3086626896570466,0.9473916861371392,0.08471326373069307]
2006-11-01T00:00:00.000Z,5,5.0,10.27157,-74.84153,[0.3202133535597727,0.9434857738814731,0.08542834825326794]
2006-11-01T00:00:00.000Z,2,171.0,-0.72843,-74.34153,[0.3231061545156506,0.9463258907537033,0.008349934330179734]
2006-11-01T00:00:00.000Z,2,219.0,-0.22843,-74.34153,[0.3098014506447438,0.9507699692200756,0.007715361797666033]
2006-11-01T00:00:00.000Z,2,201.0,0.27157,-74.34153,[0.3017921027878226,0.9533355184964163,0.008539078877329864]
2006-11-01T00:00:00.000Z,2,242.0,0.77157,-74.34153,[0.29634742438503886,0.9550258793658478,0.01018694271323571]
2006-11-01T00:00:00.000Z,2,251.0,1.27157,-74.34153,[0.2990528752395096,0.9541764890910422,0.010705394755655595]
2006-11-01T00:00:00.000Z,2,298.0,1.77157,-74.34153,[0.3020728310801054,0.95323371986757,0.00987319759172329]
2006-11-01T00:00:00.000Z,2,313.0,2.27157,-74.34153,[0.30213689386363624,0.9531699627840905,0.013428306393939389]
2006-11-01T00:00:00.000Z,8,364.0,2.77157,-74.34153,[0.263785418802984,0.9644654374984104,0.014955691155347756]
2006-11-01T00:00:00.000Z,11,899.0,3.27157,-74.34153,[0.15175750046025577,0.9881883750900375,0.02129310665372581]
2006-11-01T00:00:00.000Z,11,3444.0,3.77157,-74.34153,[0.14990962219924947,0.9884284845820432,0.023156770908827153]
2006-11-01T00:00:00.000Z,11,2263.0,4.27157,-74.34153,[0.1714432704426891,0.9849358355633681,0.02255226913205843]
2006-11-01T00:00:00.000Z,1,2655.0,4.77157,-74.34153,[0.20267385340185676,0.9790365377444884,0.020267385340185674]
2006-11-01T00:00:00.000Z,8,1104.0,5.27157,-74.34153,[0.26678080371727536,0.9635627341012138,0.019361307273996355]
2006-11-01T00:00:00.000Z,2,744.0,5.77157,-74.34153,[0.2940538752354832,0.9553934337152863,0.0274900940833172]
2006-11-01T00:00:00.000Z,0,119.0,6.27157,-74.34153,[0.3047346833369429,0.9515878587473312,0.040215915458964586]
2006-11-01T00:00:00.000Z,0,97.0,6.77157,-74.34153,[0.2647950780126397,0.9628911927732352,0.05219307942645831]
2006-11-01T00:00:00.000Z,6,575.0,7.27157,-74.34153,[0.24946893431350597,0.9658925405471641,0.06940353685388563]
2006-11-01T00:00:00.000Z,9,1234.0,7.77157,-74.34153,[0.28140154576178256,0.956100527529206,0.08176155148511635]
2006-11-01T00:00:00.000Z,7,715.0,8.27157,-74.34153,[0.30551075483890466,0.9482148613148226,0.0869008369319551]
2006-11-01T00:00:00.000Z,7,14.0,8.77157,-74.34153,[0.3150080916131597,0.9450242748394789,0.08774407206388375]
2006-11-01T00:00:00.000Z,7,37.0,9.27157,-74.34153,[0.30990817695786055,0.9468150553381696,0.08659199062057868]
2006-11-01T00:00:00.000Z,7,95.0,9.77157,-74.34153,[0.3116545316349277,0.9463378478841601,0.08553438240491446]
2006-11-01T00:00:00.000Z,9,119.0,10.27157,-74.34153,[0.30726054898517713,0.947859110522539,0.08458168617820742]
2006-11-01T00:00:00.000Z,9,5.0,10.77157,-74.34153,[0.2838268557693405,0.9552084543562545,0.08378021646203425]
2006-11-01T00:00:00.000Z,4,156.0,-1.22843,-73.84153,[0.32493078720114055,0.9456940821525732,0.009093212328390127]
2006-11-01T00:00:00.000Z,2,195.0,-0.72843,-73.84153,[0.31586093164533874,0.9487792378589152,0.007059013245104161]
2006-11-01T00:00:00.000Z,2,174.0,-0.22843,-73.84153,[0.30485503778542383,0.9523765909110528,0.006498847704728028]
2006-11-01T00:00:00.000Z,2,241.0,0.27157,-73.84153,[0.3010668387467,0.9535735670809876,0.007497384311201868]
2006-11-01T00:00:00.000Z,2,232.0,0.77157,-73.84153,[0.2990557259726806,0.9541855848155568,0.009774584039573996]
2006-11-01T00:00:00.000Z,2,267.0,1.27157,-73.84153,[0.3017807744885871,0.9532997333651104,0.012164806413493434]
2006-11-01T00:00:00.000Z,2,265.0,1.77157,-73.84153,[0.28508659644016776,0.9584008750244664,0.013906663240983792]
2006-11-01T00:00:00.000Z,8,554.0,2.27157,-73.84153,[0.2657102137678542,0.9639184378245098,0.016103649319263887]
2006-11-01T00:00:00.000Z,2,995.0,2.77157,-73.84153,[0.2970878370941101,0.954499075001157,0.025890787409406382]
2006-11-01T00:00:00.000Z,0,363.0,3.27157,-73.84153,[0.2808474728097761,0.9591655215452521,0.03355889293743934]
2006-11-01T00:00:00.000Z,1,545.0,3.77157,-73.84153,[0.21227066878827677,0.976445076426073,0.0386804329791971]
2006-11-01T00:00:00.000Z,11,1499.0,4.27157,-73.84153,[0.1648650318025371,0.985414655735775,0.042160141720496126]
2006-11-01T00:00:00.000Z,11,3610.0,4.77157,-73.84153,[0.14817087288161365,0.9882140034335721,0.03845095378911297]
2006-11-01T00:00:00.000Z,11,2585.0,5.27157,-73.84153,[0.1679466017705184,0.9852867303870413,0.031685925534037804]
2006-11-01T00:00:00.000Z,8,2622.0,5.77157,-73.84153,[0.2432162515483401,0.9695179935573741,0.02967684537241214]
2006-11-01T00:00:00.000Z,0,616.0,6.27157,-73.84153,[0.2937815927446905,0.9553595205922301,0.03131392945922089]
2006-11-01T00:00:00.000Z,5,101.0,6.77157,-73.84153,[0.31554078260171686,0.9477824242117745,0.046287048624295966]
2006-11-01T00:00:00.000Z,5,89.0,7.27157,-73.84153,[0.31240829566902756,0.9476000702580836,0.06674701224810588]
2006-11-01T00:00:00.000Z,9,59.0,7.77157,-73.84153,[0.299679350818641,0.9506682027842281,0.08013897246610849]
2006-11-01T00:00:00.000Z,9,38.0,8.27157,-73.84153,[0.30023501551463394,0.9499973625239164,0.08581344100157075]
2006-11-01T00:00:00.000Z,7,29.0,8.77157,-73.84153,[0.3126220861310992,0.945882209319736,0.08703032434418878]
2006-11-01T00:00:00.000Z,7,52.0,9.27157,-73.84153,[0.31713887208598374,0.9444719694239515,0.08599787662769559]
2006-11-01T00:00:00.000Z,9,46.0,9.77157,-73.84153,[0.26989337870899593,0.9594985014511651,0.08074769248722205]
2006-11-01T00:00:00.000Z,11,931.0,10.27157,-73.84153,[0.14220056614258098,0.9867857468682135,0.0776716728703037]
2006-11-01T00:00:00.000Z,9,2665.0,10.77157,-73.84153,[0.2794992150350449,0.9568340063094883,0.07967981654426481]
2006-11-01T00:00:00.000Z,2,139.0,-1.72843,-73.34153,[0.31692141198872215,0.9483902928052023,0.01080144138238716]
2006-11-01T00:00:00.000Z,2,199.0,-1.22843,-73.34153,[0.31621773521450597,0.9486532056435178,0.007964882804275151]
2006-11-01T00:00:00.000Z,2,223.0,-0.72843,-73.34153,[0.3130186280847241,0.9497269738479697,0.0061655184319718385]
2006-11-01T00:00:00.000Z,2,171.0,-0.22843,-73.34153,[0.3031994501097569,0.9529125574878076,0.005267944113876086]
2006-11-01T00:00:00.000Z,2,209.0,0.27157,-73.34153,[0.3000645617820127,0.9539017392058535,0.005721075302458608]
2006-11-01T00:00:00.000Z,2,237.0,0.77157,-73.34153,[0.2944850233342958,0.9556213603061535,0.008147806969723599]
2006-11-01T00:00:00.000Z,2,249.0,1.27157,-73.34153,[0.2934953830831578,0.9558901014249883,0.011600608027002284]
2006-11-01T00:00:00.000Z,2,294.0,1.77157,-73.34153,[0.30379596722876356,0.9526005328994951,0.016131801360597137]
2006-11-01T00:00:00.000Z,2,229.0,2.27157,-73.34153,[0.312575888116529,0.9496580417586148,0.02111676801397925]
2006-11-01T00:00:00.000Z,2,267.0,2.77157,-73.34153,[0.31287221629254686,0.9494053459911765,0.02721149160858549]
2006-11-01T00:00:00.000Z,4,234.0,3.27157,-73.34153,[0.31708338288585447,0.9476055120726684,0.03875463568604887]
2006-11-01T00:00:00.000Z,5,256.0,3.77157,-73.34153,[0.31628422264268713,0.9476361901486665,0.0441581433920367]
2006-11-01T00:00:00.000Z,8,300.0,4.27157,-73.34153,[0.25128935660425483,0.9668657149344662,0.04499276099199991]
2006-11-01T00:00:00.000Z,11,1229.0,4.77157,-73.34153,[0.1852057362083646,0.9817114514051222,0.04406201828748021]
2006-11-01T00:00:00.000Z,11,2684.0,5.27157,-73.34153,[0.16004833823381112,0.9861042775050944,0.04452957797634261]
2006-11-01T00:00:00.000Z,1,3515.0,5.77157,-73.34153,[0.21604072853743853,0.9757056816011489,0.03639816622098149]
2006-11-01T00:00:00.000Z,1,1301.0,6.27157,-73.34153,[0.22058751169802374,0.9749282252767577,0.029259276163053925]
2006-11-01T00:00:00.000Z,8,1945.0,6.77157,-73.34153,[0.2707653674529561,0.9620811992477377,0.032952721315551256]
2006-11-01T00:00:00.000Z,6,351.0,7.27157,-73.34153,[0.22080119291622785,0.973930014298807,0.0520303801129329]
2006-11-01T00:00:00.000Z,6,325.0,7.77157,-73.34153,[0.2207240612867006,0.9722894899679161,0.07703269738905852]
2006-11-01T00:00:00.000Z,6,1339.0,8.27157,-73.34153,[0.23564937529926291,0.9685405516887136,0.07999107234929108]
2006-11-01T00:00:00.000Z,6,1230.0,8.77157,-73.34153,[0.25043957821202656,0.9647368099819804,0.08101175921293381]
2006-11-01T00:00:00.000Z,9,809.0,9.27157,-73.34153,[0.2736786486469571,0.9584337981187314,0.08065142217269511]
2006-11-01T00:00:00.000Z,9,74.0,9.77157,-73.34153,[0.27135059847608806,0.9592187822673237,0.07917184128376396]
2006-11-01T00:00:00.000Z,6,99.0,10.27157,-73.34153,[0.22649919602702373,0.9711687225875688,0.07436011341264552]
2006-11-01T00:00:00.000Z,9,1426.0,10.77157,-73.34153,[0.29065143025123796,0.9537000055118745,0.07731782187542696]
2006-11-01T00:00:00.000Z,2,146.0,-2.22843,-72.84153,[0.30646967040282186,0.9517907122321599,0.013068329341705234]
2006-11-01T00:00:00.000Z,2,165.0,-1.72843,-72.84153,[0.31200663273357504,0.9500426682112229,0.008413662006298653]
2006-11-01T00:00:00.000Z,2,168.0,-1.22843,-72.84153,[0.30852684443762163,0.9511940826624034,0.006403387337384601]
2006-11-01T00:00:00.000Z,2,178.0,-0.72843,-72.84153,[0.3043509104562433,0.9525486510462576,0.004646578785591501]
2006-11-01T00:00:00.000Z,2,191.0,-0.22843,-72.84153,[0.30363406395253356,0.9527827524027778,0.003373711821694817]
2006-11-01T00:00:00.000Z,2,247.0,0.27157,-72.84153,[0.29367878845337614,0.9558956643776556,0.004030885331713006]
2006-11-01T00:00:00.000Z,2,264.0,0.77157,-72.84153,[0.2886018977793428,0.9574253434267086,0.006756949194040168]
2006-11-01T00:00:00.000Z,2,246.0,1.27157,-72.84153,[0.2895425294210807,0.9570989166974614,0.011259987255264252]
2006-11-01T00:00:00.000Z,2,259.0,1.77157,-72.84153,[0.2975665904139071,0.9545469449355921,0.017153838741507586]
2006-11-01T00:00:00.000Z,2,271.0,2.27157,-72.84153,[0.3132723563070751,0.9493462660712505,0.02453768266131463]
2006-11-01T00:00:00.000Z,2,193.0,2.77157,-72.84153,[0.31533228319904605,0.9484039662627798,0.03309785415257163]
2006-11-01T00:00:00.000Z,4,182.0,3.27157,-72.84153,[0.31632496548745825,0.9477675492658578,0.040929069961926856]
2006-11-01T00:00:00.000Z,5,203.0,3.77157,-72.84153,[0.32137657957430343,0.9458002760095471,0.046679031710031904]
2006-11-01T00:00:00.000Z,0,165.0,4.27157,-72.84153,[0.3133121224995319,0.9484042627012859,0.048629912449734296]
2006-11-01T00:00:00.000Z,6,293.0,4.77157,-72.84153,[0.23360358969654887,0.9711743145252465,0.04743220095361399]
2006-11-01T00:00:00.000Z,11,1653.0,5.27157,-72.84153,[0.17075606318446093,0.9838801735866557,0.05312410854627673]
2006-11-01T00:00:00.000Z,11,2686.0,5.77157,-72.84153,[0.16737758750075032,0.984738139796081,0.04770261243771384]
2006-11-01T00:00:00.000Z,11,2685.0,6.27157,-72.84153,[0.17110864619919855,0.9847979637363945,0.029913238148492987]
2006-11-01T00:00:00.000Z,11,1547.0,6.77157,-72.84153,[0.13967138563069342,0.9895585906476486,0.03557667369838418]
2006-11-01T00:00:00.000Z,11,3795.0,7.27157,-72.84153,[0.18939172678697186,0.9807008381325382,0.048545235716660605]
2006-11-01T00:00:00.000Z,9,1328.0,7.77157,-72.84153,[0.2598396212262233,0.9629350668971803,0.0723838944844479]
2006-11-01T00:00:00.000Z,9,973.0,8.27157,-72.84153,[0.2970544978978263,0.95169535364247,0.07768255360120514]
2006-11-01T00:00:00.000Z,9,83.0,8.77157,-72.84153,[0.3093280314028121,0.947460303593058,0.08145638160274053]
2006-11-01T00:00:00.000Z,9,223.0,10.77157,-72.84153,[0.29691560443146187,0.9519431592459083,0.07513551364048063]
2006-11-01T00:00:00.000Z,5,51.0,11.27157,-72.84153,[0.33314287782401,0.9397256087723866,0.07701690186253994]
2006-11-01T00:00:00.000Z,2,149.0,-2.22843,-72.34153,[0.30182301059561045,0.9533051315793432,0.010592279239770479]
2006-11-01T00:00:00.000Z,2,147.0,-1.72843,-72.34153,[0.30381317299169985,0.952712251909821,0.006076263459833997]
2006-11-01T00:00:00.000Z,2,145.0,-1.22843,-72.34153,[0.30381604818279634,0.9527212680751085,0.0042419599180239485]
2006-11-01T00:00:00.000Z,2,205.0,-0.72843,-72.34153,[0.3030599908690903,0.9529681081701052,0.002535102585216725]
2006-11-01T00:00:00.000Z,2,176.0,-0.22843,-72.34153,[0.29964713760767375,0.9540489323830531,0.001492495321417532]
2006-11-01T00:00:00.000Z,2,150.0,0.27157,-72.34153,[0.2962544460082414,0.9551060324976124,0.002402063075742498]
2006-11-01T00:00:00.000Z,2,218.0,0.77157,-72.34153,[0.295853273248614,0.9552161884344784,0.005733590566833604]
2006-11-01T00:00:00.000Z,2,234.0,1.27157,-72.34153,[0.2960900212942037,0.955091936392587,0.011405802376702788]
2006-11-01T00:00:00.000Z,2,237.0,1.77157,-72.34153,[0.29974713725598856,0.9538465104153744,0.018124245508501634]
2006-11-01T00:00:00.000Z,2,203.0,2.27157,-72.34153,[0.31010067229419347,0.9503465470308743,0.026057889192782038]
2006-11-01T00:00:00.000Z,2,188.0,2.77157,-72.34153,[0.31140580020098485,0.9496688334373548,0.03399315223568003]
2006-11-01T00:00:00.000Z,4,220.0,3.27157,-72.34153,[0.31994288192642456,0.9464976923656727,0.04217428898121051]
2006-11-01T00:00:00.000Z,5,180.0,3.77157,-72.34153,[0.32242681465327366,0.9453797546626175,0.04793817546165653]
2006-11-01T00:00:00.000Z,5,190.0,4.27157,-72.34153,[0.3271799858546833,0.943552768195154,0.05158905394937141]
2006-11-01T00:00:00.000Z,5,177.0,4.77157,-72.34153,[0.32056159235837484,0.9457790492100144,0.052366550202055134]
2006-11-01T00:00:00.000Z,6,257.0,5.27157,-72.34153,[0.2521405573360473,0.9663377340965257,0.0511519599571694]
2006-11-01T00:00:00.000Z,11,1342.0,5.77157,-72.34153,[0.1806880643562105,0.9823322935422147,0.048734879329879306]
2006-11-01T00:00:00.000Z,11,3317.0,6.27157,-72.34153,[0.16958707987248473,0.9851014198475216,0.02855547153735221]
2006-11-01T00:00:00.000Z,1,3467.0,6.77157,-72.34153,[0.2070682566764683,0.9779473644122336,0.027233977236796377]
2006-11-01T00:00:00.000Z,1,2203.0,7.27157,-72.34153,[0.21357582889530058,0.9761925512638738,0.03786116966780328]
2006-11-01T00:00:00.000Z,5,97.0,11.27157,-72.34153,[0.33087612201043576,0.9408185818019151,0.07335794448843469]
2006-11-01T00:00:00.000Z,5,19.0,11.77157,-72.34153,[0.3340347129885578,0.9398467731040069,0.07147624503733657]
2006-11-01T00:00:00.000Z,2,109.0,-2.22843,-71.84153,[0.29628253271458577,0.9550622550761836,0.008529345638753226]
2006-11-01T00:00:00.000Z,2,140.0,-1.72843,-71.84153,[0.2972448883356949,0.9547866110176867,0.005291859754461235]
2006-11-01T00:00:00.000Z,2,153.0,-1.22843,-71.84153,[0.3008565774561842,0.953658585144131,0.004541231357829196]
2006-11-01T00:00:00.000Z,2,136.0,-0.72843,-71.84153,[0.300858159616084,0.9536636002924926,0.0031788786676416425]
2006-11-01T00:00:00.000Z,2,192.0,-0.22843,-71.84153,[0.28910096487385817,0.9572954128702463,0.0024747942518384748]
2006-11-01T00:00:00.000Z,2,216.0,0.27157,-71.84153,[0.29201566731651923,0.9564079026451889,0.0032823466481314177]
2006-11-01T00:00:00.000Z,2,215.0,0.77157,-71.84153,[0.2912912609406131,0.9566141020773442,0.0062338596699352995]
2006-11-01T00:00:00.000Z,8,232.0,1.27157,-71.84153,[0.282451913917344,0.9592066996633003,0.011975961150095386]
2006-11-01T00:00:00.000Z,2,233.0,1.77157,-71.84153,[0.2971740847270306,0.9546287200497664,0.01927615684715874]
2006-11-01T00:00:00.000Z,2,159.0,2.27157,-71.84153,[0.3062778922064321,0.9515656650993731,0.026770090578348456]
2006-11-01T00:00:00.000Z,2,186.0,2.77157,-71.84153,[0.31353716691455963,0.9489249862300498,0.035154167199511234]
2006-11-01T00:00:00.000Z,0,222.0,3.27157,-71.84153,[0.31557781642894567,0.9479288198036133,0.0429138015522695]
2006-11-01T00:00:00.000Z,5,206.0,3.77157,-71.84153,[0.32166776242153977,0.9455818374580358,0.04903916076162342]
2006-11-01T00:00:00.000Z,5,189.0,4.27157,-71.84153,[0.3304867222366821,0.9423171596860044,0.05307444758596531]
2006-11-01T00:00:00.000Z,5,149.0,4.77157,-71.84153,[0.3316184888041309,0.9418458195031824,0.0543657076440973]
2006-11-01T00:00:00.000Z,5,172.0,5.27157,-71.84153,[0.323109045525123,0.9448491785810416,0.053484338217605586]
2006-11-01T00:00:00.000Z,0,213.0,5.77157,-71.84153,[0.3071627491800384,0.9505114994311423,0.046679063458068826]
2006-11-01T00:00:00.000Z,0,412.0,6.27157,-71.84153,[0.28752357552582675,0.9572286938287813,0.03230203132450646]
2006-11-01T00:00:00.000Z,2,325.0,6.77157,-71.84153,[0.30932884707880937,0.9506786188213601,0.022930941559510195]
2006-11-01T00:00:00.000Z,5,174.0,11.77157,-71.84153,[0.32750494206065356,0.9424602649227442,0.06715029387574552]
2006-11-01T00:00:00.000Z,2,107.0,-2.22843,-71.34153,[0.29283358554139066,0.9561460255177227,0.005767934260663756]
2006-11-01T00:00:00.000Z,2,121.0,-1.72843,-71.34153,[0.2943974058245272,0.9556764272409843,0.003568453403933664]
2006-11-01T00:00:00.000Z,2,140.0,-1.22843,-71.34153,[0.29534100871428076,0.9553834145530145,0.004027377391558375]
2006-11-01T00:00:00.000Z,2,186.0,-0.72843,-71.34153,[0.29534014379145723,0.9553806166587292,0.004698593196682274]
2006-11-01T00:00:00.000Z,2,201.0,-0.22843,-71.34153,[0.2925002529899767,0.956250827082616,0.005287504573280347]
2006-11-01T00:00:00.000Z,2,185.0,0.27157,-71.34153,[0.29249914240748254,0.9562471963321545,0.005962482518306375]
2006-11-01T00:00:00.000Z,2,228.0,0.77157,-71.34153,[0.2853786223844876,0.9583778145431807,0.008426534125526209]
2006-11-01T00:00:00.000Z,2,342.0,1.27157,-71.34153,[0.2879416772394789,0.957547224702267,0.013888951490374864]
2006-11-01T00:00:00.000Z,2,222.0,1.77157,-71.34153,[0.29788322990630006,0.9543720404305689,0.020966396566481887]
2006-11-01T00:00:00.000Z,2,164.0,2.27157,-71.34153,[0.30423696301758724,0.9521920216580975,0.027752913801986013]
2006-11-01T00:00:00.000Z,2,189.0,2.77157,-71.34153,[0.312488699657206,0.9492581253737766,0.035493999470497736]
2006-11-01T00:00:00.000Z,4,209.0,3.27157,-71.34153,[0.31808952181955674,0.9470936138386803,0.042810544665940344]
2006-11-01T00:00:00.000Z,5,171.0,3.77157,-71.34153,[0.32201472503977957,0.9454642866769466,0.04902855775981606]
2006-11-01T00:00:00.000Z,5,165.0,4.27157,-71.34153,[0.3267297460394681,0.9436150128154787,0.05327645485792819]
2006-11-01T00:00:00.000Z,5,131.0,4.77157,-71.34153,[0.3281780834291803,0.9430544925306928,0.054289682946462914]
2006-11-01T00:00:00.000Z,5,146.0,5.27157,-71.34153,[0.32338154906076966,0.9448050481887411,0.05260983410093118]
2006-11-01T00:00:00.000Z,5,151.0,5.77157,-71.34153,[0.31696531897782687,0.9473211601029036,0.045995719220090665]
2006-11-01T00:00:00.000Z,2,157.0,6.27157,-71.34153,[0.31147604852972377,0.9497081026868558,0.03220544803665823]
2006-11-01T00:00:00.000Z,2,154.0,6.77157,-71.34153,[0.3077554903313245,0.9512442428422757,0.020517032688754967]
2006-11-01T00:00:00.000Z,2,97.0,-2.22843,-70.84153,[0.29098478519714377,0.9567227028451545,0.0030862022672424345]
2006-11-01T00:00:00.000Z,2,137.0,-1.72843,-70.84153,[0.29190929647319863,0.9564452327625638,0.0012162887353049942]
2006-11-01T00:00:00.000Z,2,114.0,-1.22843,-70.84153,[0.28765063868677043,0.9577333525624655,0.0019837975081846235]
2006-11-01T00:00:00.000Z,2,155.0,-0.72843,-70.84153,[0.289481041478549,0.9571729455784971,0.0045474033335710755]
2006-11-01T00:00:00.000Z,2,183.0,-0.22843,-70.84153,[0.2887683283235,0.9573780731340654,0.006330690274784423]
2006-11-01T00:00:00.000Z,2,193.0,0.27157,-70.84153,[0.2880530871679337,0.9575818843690769,0.007896435980279264]
2006-11-01T00:00:00.000Z,2,250.0,0.77157,-70.84153,[0.2870275898210393,0.9578711427748637,0.00990133933878779]
2006-11-01T00:00:00.000Z,2,316.0,1.27157,-70.84153,[0.2917564243298573,0.9563753060079108,0.014982086654776459]
2006-11-01T00:00:00.000Z,2,186.0,1.77157,-70.84153,[0.29762202780607977,0.9544430546884628,0.021437908516299998]
2006-11-01T00:00:00.000Z,2,191.0,2.27157,-70.84153,[0.3029451344780713,0.952606943777053,0.027645183374424755]
2006-11-01T00:00:00.000Z,2,160.0,2.77157,-70.84153,[0.31215128604017894,0.949362369949266,0.035674432690306165]
2006-11-01T00:00:00.000Z,4,240.0,3.27157,-70.84153,[0.32130022119680013,0.9459842943786829,0.0433576134923563]
2006-11-01T00:00:00.000Z,5,186.0,3.77157,-70.84153,[0.3197922568875132,0.9462018087682976,0.04934622091297957]
2006-11-01T00:00:00.000Z,5,176.0,4.27157,-70.84153,[0.32335446721925043,0.9447259247487801,0.054173938724419196]
2006-11-01T00:00:00.000Z,5,146.0,4.77157,-70.84153,[0.3229477051035951,0.9448321335186965,0.054745038485962585]
2006-11-01T00:00:00.000Z,5,123.0,5.27157,-70.84153,[0.32077894040178656,0.9457038391104522,0.05239389359895848]
2006-11-01T00:00:00.000Z,0,120.0,5.77157,-70.84153,[0.31311018564633236,0.948642384021416,0.045162361349731214]
2006-11-01T00:00:00.000Z,2,126.0,6.27157,-70.84153,[0.3105116700492315,0.9500041057640057,0.03278264471895232]
2006-11-01T00:00:00.000Z,2,122.0,6.77157,-70.84153,[0.3130303339776367,0.9494868432827209,0.022062285531265168]
2006-11-01T00:00:00.000Z,8,97.0,-3.72843,-70.34153,[0.2746680883763531,0.9613383093172357,0.01964933247615449]
2006-11-01T00:00:00.000Z,2,132.0,-2.22843,-70.34153,[0.28327828004266564,0.9590375358696352,6.487288855938908E-4]
2006-11-01T00:00:00.000Z,2,129.0,-1.72843,-70.34153,[0.28754793531153044,0.9577642256003827,0.0019680086827405124]
2006-11-01T00:00:00.000Z,2,144.0,-1.22843,-70.34153,[0.2833461342870905,0.9590176852793832,2.1795856483622348E-4]
2006-11-01T00:00:00.000Z,2,134.0,-0.72843,-70.34153,[0.28765028055894337,0.9577321601751793,0.002534849215653524]
2006-11-01T00:00:00.000Z,2,170.0,-0.22843,-70.34153,[0.28694033605948727,0.9579392757678268,0.004193743373177122]
2006-11-01T00:00:00.000Z,2,177.0,0.27157,-70.34153,[0.28947993221454715,0.9571692777821998,0.00532376886831351]
2006-11-01T00:00:00.000Z,2,190.0,0.77157,-70.34153,[0.291331376580871,0.9565938303824001,0.007367000327332369]
2006-11-01T00:00:00.000Z,2,195.0,1.27157,-70.34153,[0.2906038024970283,0.9567571343748316,0.012853629725830096]
2006-11-01T00:00:00.000Z,2,216.0,1.77157,-70.34153,[0.2941110663365532,0.9555792500130158,0.019156659493185457]
2006-11-01T00:00:00.000Z,2,168.0,2.27157,-70.34153,[0.3019621603742886,0.9529604300785532,0.02617770819974821]
2006-11-01T00:00:00.000Z,0,193.0,2.77157,-70.34153,[0.3097555163511027,0.9501489434140566,0.0356160837152766]
2006-11-01T00:00:00.000Z,5,177.0,3.27157,-70.34153,[0.31768085350963443,0.9471595817602063,0.04435765991597488]
2006-11-01T00:00:00.000Z,5,174.0,3.77157,-70.34153,[0.3144030478622585,0.9479193016071839,0.05098746057092057]
2006-11-01T00:00:00.000Z,5,118.0,4.27157,-70.34153,[0.318925219674234,0.9461052985131551,0.05631579157816399]
2006-11-01T00:00:00.000Z,5,116.0,4.77157,-70.34153,[0.31783839101227435,0.9464258408952854,0.057069123739378634]
2006-11-01T00:00:00.000Z,5,124.0,5.27157,-70.34153,[0.31542104900625983,0.9474270623287656,0.05377288732136237]
2006-11-01T00:00:00.000Z,0,105.0,5.77157,-70.34153,[0.3090142724887339,0.9499327635764783,0.046237691142758705]
2006-11-01T00:00:00.000Z,0,104.0,6.27157,-70.34153,[0.30213655271615764,0.9526320412132583,0.03472315605842409]
2006-11-01T00:00:00.000Z,2,109.0,6.77157,-70.34153,[0.31542944412608015,0.9485991707967464,0.025765848366342808]
2006-11-01T00:00:00.000Z,8,140.0,-3.72843,-69.84153,[0.2756629760563365,0.9611237862500621,0.015842699773352672]
2006-11-01T00:00:00.000Z,8,128.0,-3.22843,-69.84153,[0.2789295777171208,0.9602842713772632,0.007239393620139013]
2006-11-01T00:00:00.000Z,8,61.0,-2.72843,-69.84153,[0.27979494665533844,0.9600597597066767,2.1358392874453318E-4]
2006-11-01T00:00:00.000Z,8,111.0,-2.22843,-69.84153,[0.28053525218392783,0.9598390045986496,0.0030095735866475016]
2006-11-01T00:00:00.000Z,8,145.0,-1.72843,-69.84153,[0.2814056015803338,0.9595823195651229,0.003558001859061692]
2006-11-01T00:00:00.000Z,8,68.0,-1.22843,-69.84153,[0.2831639793394899,0.9590688035866248,0.002278330868248769]
2006-11-01T00:00:00.000Z,2,122.0,-0.72843,-69.84153,[0.2849430966086513,0.9585442100474936,6.550416013991983E-4]
2006-11-01T00:00:00.000Z,2,188.0,0.77157,-69.84153,[0.2927499205541422,0.9561679914677115,0.006344770141287491]
2006-11-01T00:00:00.000Z,2,195.0,1.77157,-69.84153,[0.29746982306142333,0.9546179873149859,0.014703831558169215]
2006-11-01T00:00:00.000Z,2,182.0,2.27157,-69.84153,[0.3034589905310589,0.9525874326820833,0.02213197148985918]
2006-11-01T00:00:00.000Z,0,180.0,2.77157,-69.84153,[0.30605797997820855,0.9514161924416221,0.033700766334679146]
2006-11-01T00:00:00.000Z,0,198.0,3.27157,-69.84153,[0.30693077667748137,0.9506807202707008,0.04471763001031471]
2006-11-01T00:00:00.000Z,0,149.0,3.77157,-69.84153,[0.31021760094783457,0.9491732566314341,0.05324630464029996]
2006-11-01T00:00:00.000Z,5,188.0,4.27157,-69.84153,[0.31012318926082294,0.9488843850517716,0.058668827222103447]
2006-11-01T00:00:00.000Z,5,143.0,4.77157,-69.84153,[0.30906011184116067,0.9490913136017732,0.06088945487019882]
2006-11-01T00:00:00.000Z,0,100.0,5.27157,-69.84153,[0.30540385625430405,0.9503985675973492,0.05891559465801313]
2006-11-01T00:00:00.000Z,0,112.0,5.77157,-69.84153,[0.29828813569873147,0.9531763734733899,0.049789448214374726]
2006-11-01T00:00:00.000Z,0,98.0,6.27157,-69.84153,[0.3044941146288026,0.9518260472100348,0.03620096696142431]
2006-11-01T00:00:00.000Z,2,169.0,0.77157,-69.34153,[0.2928348087409093,0.9561500194494842,0.004991502421720045]
2006-11-01T00:00:00.000Z,2,182.0,1.77157,-69.34153,[0.29793528205345016,0.9545171866542612,0.01146769764884978]
2006-11-01T00:00:00.000Z,2,167.0,2.27157,-69.34153,[0.29957590697901476,0.9539127564331786,0.01745649082020575]
2006-11-01T00:00:00.000Z,2,128.0,2.77157,-69.34153,[0.3047991842478805,0.9519287955801342,0.03047991842478805]
2006-11-01T00:00:00.000Z,0,182.0,3.27157,-69.34153,[0.30562000508337295,0.951071209849004,0.04538685150118747]
2006-11-01T00:00:00.000Z,0,123.0,3.77157,-69.34153,[0.3054597288881011,0.950572439898046,0.05573500277100053]
2006-11-01T00:00:00.000Z,0,172.0,4.27157,-69.34153,[0.3070526182638042,0.9496943434776398,0.06163881556225066]
2006-11-01T00:00:00.000Z,5,142.0,4.77157,-69.34153,[0.3103873188988159,0.948342066598596,0.0656280198262072]
2006-11-01T00:00:00.000Z,0,117.0,5.27157,-69.34153,[0.3043398708043461,0.9503549868983299,0.06482778660627893]
2006-11-01T00:00:00.000Z,0,83.0,5.77157,-69.34153,[0.30421572743692926,0.9509558294695124,0.05599822834672365]
2006-11-01T00:00:00.000Z,2,139.0,1.77157,-68.84153,[0.29603598721328817,0.9551349776126845,0.008936935463042663]
2006-11-01T00:00:00.000Z,2,178.0,2.27157,-68.84153,[0.29696393497887663,0.9547670664226524,0.015240413266840462]
2006-11-01T00:00:00.000Z,2,155.0,2.77157,-68.84153,[0.3031728348297111,0.9525056974873758,0.028620420601461527]
2006-11-01T00:00:00.000Z,0,154.0,3.27157,-68.84153,[0.30635960080741237,0.9508494276911539,0.04504620797057137]
2006-11-01T00:00:00.000Z,0,118.0,3.77157,-68.84153,[0.3078476283133296,0.949670174427836,0.057934424516530664]
2006-11-01T00:00:00.000Z,5,168.0,4.27157,-68.84153,[0.3128208067627397,0.9475958745002699,0.06484752490556064]
2006-11-01T00:00:00.000Z,5,130.0,4.77157,-68.84153,[0.3154652616004196,0.9463957848012587,0.06940235755209231]
2006-11-01T00:00:00.000Z,5,118.0,5.27157,-68.84153,[0.31203722049118593,0.9475415962900847,0.06926540498815335]
2006-11-01T00:00:00.000Z,5,76.0,5.77157,-68.84153,[0.32010559635206187,0.9452937827291935,0.0628655033991053]
2006-11-01T00:00:00.000Z,2,140.0,1.77157,-68.34153,[0.29705439885583995,0.954817710608057,0.009045641468918435]
2006-11-01T00:00:00.000Z,2,115.0,2.27157,-68.34153,[0.29436834948660784,0.9555821042046324,0.014495411148961752]
2006-11-01T00:00:00.000Z,2,126.0,2.77157,-68.34153,[0.3022215291920109,0.9528999707733178,0.02537307614485166]
2006-11-01T00:00:00.000Z,0,132.0,3.27157,-68.34153,[0.3064105735319781,0.9510076319251765,0.04119519933041039]
2006-11-01T00:00:00.000Z,5,110.0,3.77157,-68.34153,[0.31397428747198747,0.9476523202165461,0.058096702097918854]
2006-11-01T00:00:00.000Z,5,121.0,4.27157,-68.34153,[0.32069819615816786,0.9447907289695665,0.06725433394252225]
2006-11-01T00:00:00.000Z,5,109.0,4.77157,-68.34153,[0.3262160521616147,0.9425313792812368,0.07223355440721468]
2006-11-01T00:00:00.000Z,5,89.0,5.27157,-68.34153,[0.3284205801371415,0.9417077566656387,0.07298235114158699]
2006-11-01T00:00:00.000Z,5,65.0,5.77157,-68.34153,[0.3412573390303416,0.9372560719847411,0.07137565471268414]
2006-11-01T00:00:00.000Z,2,136.0,2.27157,-67.84153,[0.2996497419950317,0.9539411262014117,0.014365231076915378]
2006-11-01T00:00:00.000Z,2,120.0,2.77157,-67.84153,[0.30126658939475076,0.9532614470401067,0.023044645830568616]
2006-11-01T00:00:00.000Z,0,103.0,3.27157,-67.84153,[0.3098002753428478,0.9499023148379967,0.04134466909906388]
2006-11-01T00:00:00.000Z,5,95.0,3.77157,-67.84153,[0.32018583892299046,0.9454762997182508,0.059628812031310534]
2006-11-01T00:00:00.000Z,5,110.0,4.27157,-67.84153,[0.3245860670150065,0.9432916387981235,0.06960437682560068]
2006-11-01T00:00:00.000Z,5,101.0,4.77157,-67.84153,[0.33500363477230116,0.9392066189152015,0.07525617366849194]
2006-11-01T00:00:00.000Z,5,80.0,5.77157,-67.84153,[0.3442749475898608,0.9358459842935654,0.0752798388920083]
2006-11-01T00:00:00.000Z,5,54.0,6.27157,-67.84153,[0.3375973405711306,0.9390911938422295,0.06430991593274002]
2006-11-01T00:00:00.000Z,2,114.0,2.27157,-67.34153,[0.30568664086396985,0.9520277671187843,0.0140999373092237]
