2008-03-01T00:00:00.000Z,2,10.0,1.77157,-78.84153,[0.29150444472742354,0.9564989592618584,0.01161463021960828]
2008-03-01T00:00:00.000Z,2,235.0,1.27157,-78.34153,[0.2993322085920337,0.9541214148871073,0.007249451926838316]
2008-03-01T00:00:00.000Z,2,57.0,1.77157,-78.34153,[0.29682148407841785,0.9548908208724296,0.008973672774463795]
2008-03-01T00:00:00.000Z,8,1772.0,1.27157,-77.84153,[0.2708424056144581,0.9626043939803899,0.006096885321191264]
2008-03-01T00:00:00.000Z,2,528.0,1.77157,-77.84153,[0.3000618620792558,0.9538931568823035,0.0071220908898189115]
2008-03-01T00:00:00.000Z,2,116.0,2.27157,-77.84153,[0.2959933182220696,0.9551476691858324,0.008993643130593653]
2008-03-01T00:00:00.000Z,8,167.0,7.27157,-77.84153,[0.27029671506112934,0.9621673190447607,0.03425983055095796]
2008-03-01T00:00:00.000Z,1,2201.0,0.77157,-77.34153,[0.18251022160857883,0.9832002260849246,0.00270821619161117]
2008-03-01T00:00:00.000Z,1,2447.0,1.27157,-77.34153,[0.23135003840196156,0.9728565717415819,0.005220205994710928]
2008-03-01T00:00:00.000Z,1,1706.0,1.77157,-77.34153,[0.2138639418628823,0.976838004725057,0.007051729974938281]
2008-03-01T00:00:00.000Z,8,2096.0,2.27157,-77.34153,[0.27872946664200987,0.9603284144808744,0.00890060481713981]
2008-03-01T00:00:00.000Z,2,57.0,2.77157,-77.34153,[0.2946375329975278,0.9555499599566883,0.010630060014028456]
2008-03-01T00:00:00.000Z,2,74.0,3.27157,-77.34153,[0.28486270447763556,0.9584792174188678,0.013070171146620924]
2008-03-01T00:00:00.000Z,8,28.0,4.27157,-77.34153,[0.27244617699233764,0.9615747423258976,0.033868799257478835]
2008-03-01T00:00:00.000Z,0,14.0,5.27157,-77.34153,[0.26340075437392024,0.9636870973278769,0.043900125728986716]
2008-03-01T00:00:00.000Z,0,499.0,6.27157,-77.34153,[0.2802900686628367,0.9589451561732485,0.04314701450675951]
2008-03-01T00:00:00.000Z,0,695.0,6.77157,-77.34153,[0.29416385941266526,0.9549011436318827,0.0403909606962775]
2008-03-01T00:00:00.000Z,0,345.0,7.27157,-77.34153,[0.29774356637175126,0.9539245799525723,0.03710342904017208]
2008-03-01T00:00:00.000Z,8,279.0,0.27157,-76.84153,[0.27797256996013403,0.9605887544191973,7.037280252155291E-4]
2008-03-01T00:00:00.000Z,1,485.0,0.77157,-76.84153,[0.19813213533088708,0.9801713283133884,0.0027971595576125234]
2008-03-01T00:00:00.000Z,11,3335.0,1.27157,-76.84153,[0.16171677866936307,0.9868264742159674,0.004603616327084058]
2008-03-01T00:00:00.000Z,11,2008.0,1.77157,-76.84153,[0.16667951535157463,0.9859914992628358,0.006221136840586941]
2008-03-01T00:00:00.000Z,1,1013.0,2.27157,-76.84153,[0.20984323469619345,0.9777053504839407,0.0076200057291913835]
2008-03-01T00:00:00.000Z,8,2856.0,2.77157,-76.84153,[0.25412263565462784,0.9671112627045789,0.010839354127448582]
2008-03-01T00:00:00.000Z,8,1911.0,3.27157,-76.84153,[0.2623844144396657,0.964859051280407,0.01419261150832737]
2008-03-01T00:00:00.000Z,8,794.0,3.77157,-76.84153,[0.2795586986493626,0.9599722255273566,0.01732801851132413]
2008-03-01T00:00:00.000Z,2,70.0,4.27157,-76.84153,[0.28790997798878093,0.957441809154848,0.020323057269796302]
2008-03-01T00:00:00.000Z,0,24.0,4.77157,-76.84153,[0.2826823619387607,0.9584698834486103,0.0377645967902563]
2008-03-01T00:00:00.000Z,0,133.0,5.27157,-76.84153,[0.28172356247056857,0.9585204019994735,0.04324896876989588]
2008-03-01T00:00:00.000Z,0,76.0,5.77157,-76.84153,[0.2805811119677261,0.9586521325563976,0.04754291063897581]
2008-03-01T00:00:00.000Z,0,38.0,6.27157,-76.84153,[0.278883131907968,0.9592230303124867,0.04599322618966085]
2008-03-01T00:00:00.000Z,0,20.0,6.77157,-76.84153,[0.304788232790809,0.9514491981796738,0.04299484196402667]
2008-03-01T00:00:00.000Z,0,15.0,7.27157,-76.84153,[0.30483613059842646,0.9515987194726543,0.03917665860922743]
2008-03-01T00:00:00.000Z,4,8.0,7.77157,-76.84153,[0.32240915081932714,0.9458915527714082,0.036626627795283855]
2008-03-01T00:00:00.000Z,8,294.0,0.77157,-76.34153,[0.2614373440310997,0.9652173371148189,0.0024509751002915595]
2008-03-01T00:00:00.000Z,1,1412.0,1.27157,-76.34153,[0.19123753751049244,0.9815324214393948,0.004723336769837463]
2008-03-01T00:00:00.000Z,11,2388.0,1.77157,-76.34153,[0.14226920844856802,0.9898045784370461,0.006809466387281889]
2008-03-01T00:00:00.000Z,11,3852.0,2.27157,-76.34153,[0.15177914062568598,0.9883857637544672,0.007528245375034025]
2008-03-01T00:00:00.000Z,1,2450.0,2.77157,-76.34153,[0.21340130246681938,0.9769037401814399,0.010907177681637435]
2008-03-01T00:00:00.000Z,1,990.0,3.27157,-76.34153,[0.22712731982306283,0.9737479775393012,0.015101550520150454]
2008-03-01T00:00:00.000Z,8,962.0,3.77157,-76.34153,[0.2484502248319919,0.9684734492237352,0.01821164269399552]
2008-03-01T00:00:00.000Z,1,1899.0,4.27157,-76.34153,[0.2127684353146027,0.9769045363369393,0.01967536068500627]
2008-03-01T00:00:00.000Z,8,1358.0,4.77157,-76.34153,[0.24704627555921885,0.968559930813947,0.029322314949552147]
2008-03-01T00:00:00.000Z,1,407.0,5.27157,-76.34153,[0.23230064935091266,0.9717527163441644,0.04163011636882693]
2008-03-01T00:00:00.000Z,6,480.0,5.77157,-76.34153,[0.22356725366526042,0.9734490836674881,0.04913821929517703]
2008-03-01T00:00:00.000Z,6,1095.0,6.27157,-76.34153,[0.22535780604038255,0.9730834496718057,0.04819190006094334]
2008-03-01T00:00:00.000Z,8,1485.0,6.77157,-76.34153,[0.25301126077331104,0.9664574285394943,0.044106017080752874]
2008-03-01T00:00:00.000Z,0,827.0,7.27157,-76.34153,[0.2881739479519056,0.9567375072003265,0.04011381355490525]
2008-03-01T00:00:00.000Z,0,201.0,7.77157,-76.34153,[0.30894319131984926,0.950323352767141,0.03794245277426286]
2008-03-01T00:00:00.000Z,4,165.0,8.27157,-76.34153,[0.314614595938486,0.9485395280533458,0.035922412819842056]
2008-03-01T00:00:00.000Z,4,99.0,8.77157,-76.34153,[0.33994519159420405,0.9397760187912234,0.035472541731569114]
2008-03-01T00:00:00.000Z,2,267.0,0.27157,-75.84153,[0.29921336953039784,0.9541843674000876,0.001884808626963136]
2008-03-01T00:00:00.000Z,2,241.0,0.77157,-75.84153,[0.2918606543411505,0.9564590118167824,0.0018754098270917304]
2008-03-01T00:00:00.000Z,1,250.0,1.27157,-75.84153,[0.23486476992429167,0.9720145923599397,0.00511586627557863]
2008-03-01T00:00:00.000Z,8,1712.0,1.77157,-75.84153,[0.24591335520105562,0.9692584926948924,0.008037168194375964]
2008-03-01T00:00:00.000Z,1,1262.0,2.27157,-75.84153,[0.2147628665871825,0.9766311363238356,0.00827856860028804]
2008-03-01T00:00:00.000Z,11,2705.0,2.77157,-75.84153,[0.17627038382937615,0.9842748949398722,0.011475320289563412]
2008-03-01T00:00:00.000Z,11,1867.0,3.27157,-75.84153,[0.15371485573234742,0.9879993017300498,0.015136806404177723]
2008-03-01T00:00:00.000Z,11,3782.0,3.77157,-75.84153,[0.17823595048531016,0.9838155424814161,0.018409897517232696]
2008-03-01T00:00:00.000Z,1,2035.0,4.27157,-75.84153,[0.23479034774804225,0.9718383981529791,0.02009030810627578]
2008-03-01T00:00:00.000Z,1,1185.0,4.77157,-75.84153,[0.237695030425775,0.9710857273173622,0.02221672143678098]
2008-03-01T00:00:00.000Z,8,1530.0,5.27157,-75.84153,[0.260716164169737,0.9647757572657899,0.03514000473592107]
2008-03-01T00:00:00.000Z,6,1704.0,5.77157,-75.84153,[0.2500947021923041,0.96686096208365,0.051308088387905695]
2008-03-01T00:00:00.000Z,1,488.0,6.27157,-75.84153,[0.2063030231171155,0.9772248463442312,0.04970575761652139]
2008-03-01T00:00:00.000Z,1,896.0,6.77157,-75.84153,[0.21378835264878085,0.9758403838645964,0.04505647002060327]
2008-03-01T00:00:00.000Z,0,2421.0,7.27157,-75.84153,[0.2699689762392523,0.9620504619373353,0.039694590997890064]
2008-03-01T00:00:00.000Z,4,131.0,7.77157,-75.84153,[0.3245959925831997,0.9450414691813454,0.03916711792424587]
2008-03-01T00:00:00.000Z,4,43.0,8.27157,-75.84153,[0.32643065980742125,0.9444887105457372,0.03720349431628698]
2008-03-01T00:00:00.000Z,4,10.0,8.77157,-75.84153,[0.3326097337694312,0.9423942456800551,0.035550678065935586]
2008-03-01T00:00:00.000Z,4,155.0,9.27157,-75.84153,[0.3457409261084207,0.9377289866393856,0.03357915469398331]
2008-03-01T00:00:00.000Z,2,228.0,0.27157,-75.34153,[0.2996118115009811,0.9540580036815555,0.0024673913888316086]
2008-03-01T00:00:00.000Z,2,189.0,0.77157,-75.34153,[0.29746788272528674,0.9547190544384697,0.004938202005716223]
2008-03-01T00:00:00.000Z,2,244.0,1.27157,-75.34153,[0.2935649401051468,0.9558760854643192,0.010978851418566464]
2008-03-01T00:00:00.000Z,1,1357.0,1.77157,-75.34153,[0.22855921193137263,0.9734490787957943,0.012552992986904404]
2008-03-01T00:00:00.000Z,8,2437.0,2.27157,-75.34153,[0.26826733503367345,0.963266896027888,0.012227999457348836]
2008-03-01T00:00:00.000Z,4,485.0,2.77157,-75.34153,[0.32291018334800853,0.9463245373219188,0.014102608007443639]
2008-03-01T00:00:00.000Z,4,694.0,3.27157,-75.34153,[0.3231574603354769,0.9462050438622764,0.016287136000908035]
2008-03-01T00:00:00.000Z,8,442.0,3.77157,-75.34153,[0.2503378416825719,0.967972987839278,0.018954150870251874]
2008-03-01T00:00:00.000Z,11,2270.0,4.27157,-75.34153,[0.13502579715032184,0.990609820214978,0.021452696743509077]
2008-03-01T00:00:00.000Z,11,4229.0,4.77157,-75.34153,[0.1684789355575324,0.9854863764803609,0.02077137561668208]
2008-03-01T00:00:00.000Z,1,3209.0,5.27157,-75.34153,[0.1924103974096861,0.9809388972236144,0.027149933376826873]
2008-03-01T00:00:00.000Z,1,1992.0,5.77157,-75.34153,[0.21343384563928205,0.9760401705077281,0.04232704916329582]
2008-03-01T00:00:00.000Z,1,2185.0,6.27157,-75.34153,[0.21595753212015878,0.9752920805426524,0.04655858622590519]
2008-03-01T00:00:00.000Z,8,2092.0,6.77157,-75.34153,[0.2547578216841966,0.9660506778024622,0.04294811064676057]
2008-03-01T00:00:00.000Z,4,869.0,7.27157,-75.34153,[0.3213526478311695,0.9461386508635178,0.0394224437859799]
2008-03-01T00:00:00.000Z,4,83.0,7.77157,-75.34153,[0.3489554708750403,0.9363431496077593,0.03862105033528025]
2008-03-01T00:00:00.000Z,4,30.0,8.27157,-75.34153,[0.3496588161818957,0.9361432844586216,0.03707375391432157]
2008-03-01T00:00:00.000Z,4,74.0,8.77157,-75.34153,[0.3518522377047606,0.9353509664251108,0.03631215264568703]
2008-03-01T00:00:00.000Z,4,180.0,9.27157,-75.34153,[0.33622810710542256,0.9411932779191939,0.03325467774655822]
2008-03-01T00:00:00.000Z,4,136.0,9.77157,-75.34153,[0.3369008169273796,0.9411251081558322,0.02795300256390215]
2008-03-01T00:00:00.000Z,2,79.0,10.27157,-75.34153,[0.3147493042275231,0.9489632580642552,0.020040217872164395]
2008-03-01T00:00:00.000Z,2,205.0,0.27157,-74.84153,[0.3023738985285066,0.9531864691894719,0.002362296082253958]
2008-03-01T00:00:00.000Z,2,239.0,0.77157,-74.84153,[0.303001226891986,0.9529685645779326,0.006416496569477351]
2008-03-01T00:00:00.000Z,2,226.0,1.27157,-74.84153,[0.30610626817665554,0.9519304731925013,0.011283917336708086]
2008-03-01T00:00:00.000Z,2,258.0,1.77157,-74.84153,[0.30332563039933874,0.9527849438753423,0.013943194300614763]
2008-03-01T00:00:00.000Z,1,576.0,2.27157,-74.84153,[0.22571536077803225,0.9740764499886205,0.015087925185697343]
2008-03-01T00:00:00.000Z,8,1998.0,2.77157,-74.84153,[0.2463086136244962,0.9690626768357704,0.015798582793086373]
2008-03-01T00:00:00.000Z,8,2106.0,3.27157,-74.84153,[0.24561615319182498,0.9692206045069565,0.01685601051316446]
2008-03-01T00:00:00.000Z,4,361.0,3.77157,-74.84153,[0.3199805442953896,0.9471934040297786,0.020907095324479635]
2008-03-01T00:00:00.000Z,2,289.0,4.27157,-74.84153,[0.2956673921032723,0.9550427895553399,0.021772996238567335]
2008-03-01T00:00:00.000Z,2,277.0,4.77157,-74.84153,[0.3022193861231772,0.9529659675335669,0.02278831661493312]
2008-03-01T00:00:00.000Z,2,325.0,5.27157,-74.84153,[0.31141371606216606,0.9498719524676108,0.027654499881968414]
2008-03-01T00:00:00.000Z,0,379.0,5.77157,-74.84153,[0.2826961031723377,0.9584087400232911,0.03918673625275087]
2008-03-01T00:00:00.000Z,8,978.0,6.27157,-74.84153,[0.2579969437167272,0.9652644273539621,0.0412572698788387]
2008-03-01T00:00:00.000Z,0,1143.0,6.77157,-74.84153,[0.2794403089421777,0.9593740161253712,0.03891800254093487]
2008-03-01T00:00:00.000Z,4,322.0,7.27157,-74.84153,[0.31567141984331226,0.9481965494918968,0.035705156851191126]
2008-03-01T00:00:00.000Z,4,55.0,7.77157,-74.84153,[0.3604401855342647,0.9320856727675547,0.03604401855342647]
2008-03-01T00:00:00.000Z,4,27.0,8.27157,-74.84153,[0.3671970691089508,0.9294675811820317,0.0354447170876001]
2008-03-01T00:00:00.000Z,4,14.0,8.77157,-74.84153,[0.3787489018843558,0.9248218049436496,0.035410428155626415]
2008-03-01T00:00:00.000Z,4,48.0,9.27157,-74.84153,[0.37008372591815863,0.9284107311095675,0.03303861636224392]
2008-03-01T00:00:00.000Z,4,15.0,9.77157,-74.84153,[0.3466616829078058,0.9375903167613252,0.02738750662118608]
2008-03-01T00:00:00.000Z,4,5.0,10.27157,-74.84153,[0.3376529056713457,0.941039867069599,0.02084427684830329]
2008-03-01T00:00:00.000Z,2,171.0,-0.72843,-74.34153,[0.3179569497196199,0.9478489372323519,0.02204019765101911]
2008-03-01T00:00:00.000Z,2,219.0,-0.22843,-74.34153,[0.30691366003708603,0.9516702636808869,0.011301084381210531]
2008-03-01T00:00:00.000Z,2,201.0,0.27157,-74.34153,[0.30516342715506656,0.9522998777368225,4.749625325370686E-4]
2008-03-01T00:00:00.000Z,2,242.0,0.77157,-74.34153,[0.3051496941756256,0.952257022291252,0.00949882316500002]
2008-03-01T00:00:00.000Z,2,251.0,1.27157,-74.34153,[0.31257751129511746,0.9498011636650868,0.013154806459910351]
2008-03-01T00:00:00.000Z,4,298.0,1.77157,-74.34153,[0.3224937084875025,0.9464757881280723,0.013468128055608342]
2008-03-01T00:00:00.000Z,4,313.0,2.27157,-74.34153,[0.32570070504852144,0.9452954056681696,0.01832066465897933]
2008-03-01T00:00:00.000Z,8,364.0,2.77157,-74.34153,[0.2829291377150306,0.958954511016431,0.018903672475650272]
2008-03-01T00:00:00.000Z,11,899.0,3.27157,-74.34153,[0.15735488053201474,0.9872749762411892,0.022968736593786024]
2008-03-01T00:00:00.000Z,11,3444.0,3.77157,-74.34153,[0.1544544550820365,0.9877297505666367,0.023103271432439072]
2008-03-01T00:00:00.000Z,11,2263.0,4.27157,-74.34153,[0.16966899423457768,0.9852502975552717,0.02223248889970328]
2008-03-01T00:00:00.000Z,1,2655.0,4.77157,-74.34153,[0.20322434357467228,0.9788639215513382,0.02291918985869915]
2008-03-01T00:00:00.000Z,8,1104.0,5.27157,-74.34153,[0.2764719973578614,0.9606821084661823,0.02555623504988635]
2008-03-01T00:00:00.000Z,0,744.0,5.77157,-74.34153,[0.3055898131925527,0.9514955547131755,0.035652144872464486]
2008-03-01T00:00:00.000Z,4,119.0,6.27157,-74.34153,[0.31636995836117343,0.9479510107671789,0.03604068023821426]
2008-03-01T00:00:00.000Z,8,97.0,6.77157,-74.34153,[0.2769754175274901,0.9604066306949148,0.03006196604871539]
2008-03-01T00:00:00.000Z,8,575.0,7.27157,-74.34153,[0.2750513993381722,0.9609679595134482,0.029787724160690015]
2008-03-01T00:00:00.000Z,4,1234.0,7.77157,-74.34153,[0.33474378630522506,0.9417791599781332,0.03160081266239624]
2008-03-01T00:00:00.000Z,4,715.0,8.27157,-74.34153,[0.37477315204596273,0.9265225147802967,0.03318303950406961]
2008-03-01T00:00:00.000Z,3,14.0,8.77157,-74.34153,[0.39482381117878,0.9181326592157392,0.03386116075533266]
2008-03-01T00:00:00.000Z,4,37.0,9.27157,-74.34153,[0.3793666373534783,0.9247061785491033,0.03161388644612319]
2008-03-01T00:00:00.000Z,4,95.0,9.77157,-74.34153,[0.3586025838614133,0.9331243291323397,0.02613758269694104]
2008-03-01T00:00:00.000Z,4,119.0,10.27157,-74.34153,[0.3338941982030782,0.9424042768123112,0.019719113879384687]
2008-03-01T00:00:00.000Z,2,5.0,10.77157,-74.34153,[0.31809686444094404,0.9479791475997974,0.01224420470268713]
2008-03-01T00:00:00.000Z,2,156.0,-1.22843,-73.84153,[0.3153736302702994,0.9485010691525609,0.029752229270782964]
2008-03-01T00:00:00.000Z,2,195.0,-0.72843,-73.84153,[0.30975126706563216,0.9506159575462504,0.019581976653574446]
2008-03-01T00:00:00.000Z,2,174.0,-0.22843,-73.84153,[0.30236255997110034,0.9531507261588984,0.008976388499142042]
2008-03-01T00:00:00.000Z,2,241.0,0.27157,-73.84153,[0.302374328811386,0.9531878255890175,0.0016536096106872671]
2008-03-01T00:00:00.000Z,2,232.0,0.77157,-73.84153,[0.306911974891637,0.9516650384236807,0.011776854850493049]
2008-03-01T00:00:00.000Z,2,267.0,1.27157,-73.84153,[0.31328681192035557,0.9495000299740006,0.017351269583281228]
2008-03-01T00:00:00.000Z,2,265.0,1.77157,-73.84153,[0.2997991018895374,0.9537963362534073,0.01982542447979199]
2008-03-01T00:00:00.000Z,8,554.0,2.27157,-73.84153,[0.28415183523136206,0.9585551179907749,0.0207321081499277]
2008-03-01T00:00:00.000Z,4,995.0,2.77157,-73.84153,[0.31950550006212713,0.9471506918837761,0.028667094274348957]
2008-03-01T00:00:00.000Z,0,363.0,3.27157,-73.84153,[0.3026547818402968,0.9524724016738753,0.03458911792460535]
2008-03-01T00:00:00.000Z,1,545.0,3.77157,-73.84153,[0.2250702626453406,0.9736185518927656,0.03755385843014953]
2008-03-01T00:00:00.000Z,11,1499.0,4.27157,-73.84153,[0.16406515962976057,0.9856828094291914,0.03888473468390388]
2008-03-01T00:00:00.000Z,11,3610.0,4.77157,-73.84153,[0.15117695760780825,0.987689456371014,0.040187874564075694]
2008-03-01T00:00:00.000Z,11,2585.0,5.27157,-73.84153,[0.17358773546234768,0.9840470301706598,0.038971021405123096]
2008-03-01T00:00:00.000Z,8,2622.0,5.77157,-73.84153,[0.2580533352154542,0.9653959594221011,0.037671178846184615]
2008-03-01T00:00:00.000Z,2,616.0,6.27157,-73.84153,[0.31471789536540173,0.9488685609331401,0.02451734915206126]
2008-03-01T00:00:00.000Z,4,101.0,6.77157,-73.84153,[0.3415514208003906,0.9395702785718929,0.02345886982721544]
2008-03-01T00:00:00.000Z,4,89.0,7.27157,-73.84153,[0.3525100646725326,0.9354595709154486,0.025535181363204654]
2008-03-01T00:00:00.000Z,4,59.0,7.77157,-73.84153,[0.36200001109221985,0.9317676341845518,0.027659860002468912]
2008-03-01T00:00:00.000Z,4,38.0,8.27157,-73.84153,[0.381437144129993,0.9238961968546545,0.030356589325224358]
2008-03-01T00:00:00.000Z,3,29.0,8.77157,-73.84153,[0.4026270757149593,0.9148125393795674,0.03177193250539815]
2008-03-01T00:00:00.000Z,3,52.0,9.27157,-73.84153,[0.4097070266107476,0.9117030080211858,0.030623153183533692]
2008-03-01T00:00:00.000Z,4,46.0,9.77157,-73.84153,[0.3351627989134527,0.9418334465591208,0.024812439764523044]
2008-03-01T00:00:00.000Z,11,931.0,10.27157,-73.84153,[0.15257804619193222,0.988124489623942,0.01816405311808717]
2008-03-01T00:00:00.000Z,2,2665.0,10.77157,-73.84153,[0.30547282795708813,0.9521390968178594,0.010839358411380546]
2008-03-01T00:00:00.000Z,0,139.0,-1.72843,-73.34153,[0.3107159884066365,0.9498022827430139,0.036485589547748984]
2008-03-01T00:00:00.000Z,2,199.0,-1.22843,-73.34153,[0.3100838535755777,0.9502950037335194,0.028060820209500945]
2008-03-01T00:00:00.000Z,2,223.0,-0.72843,-73.34153,[0.3104832058857164,0.9504104241234526,0.017894261102573732]
2008-03-01T00:00:00.000Z,2,171.0,-0.22843,-73.34153,[0.3038286589976948,0.9527030431361825,0.006712493629018838]
2008-03-01T00:00:00.000Z,2,209.0,0.27157,-73.34153,[0.3048588686024777,0.952388558502314,0.004135682326002604]
2008-03-01T00:00:00.000Z,2,237.0,0.77157,-73.34153,[0.3001979131413638,0.9537784090751206,0.01370982595448748]
2008-03-01T00:00:00.000Z,2,249.0,1.27157,-73.34153,[0.30501650429032234,0.9521299506474376,0.020334433619354823]
2008-03-01T00:00:00.000Z,4,294.0,1.77157,-73.34153,[0.3194287871361315,0.9472715756450797,0.02533400725562422]
2008-03-01T00:00:00.000Z,4,229.0,2.27157,-73.34153,[0.33572576724601244,0.9415467006222753,0.027893005474198776]
2008-03-01T00:00:00.000Z,4,267.0,2.77157,-73.34153,[0.34013616609746217,0.9398499326377244,0.03145620182705853]
2008-03-01T00:00:00.000Z,4,234.0,3.27157,-73.34153,[0.34839632677333493,0.9364788482817085,0.04034062731059668]
2008-03-01T00:00:00.000Z,4,256.0,3.77157,-73.34153,[0.3509330691963835,0.93538175210615,0.04366873906165524]
2008-03-01T00:00:00.000Z,8,300.0,4.27157,-73.34153,[0.2622488448955357,0.9640767059969216,0.04220957598794812]
2008-03-01T00:00:00.000Z,11,1229.0,4.77157,-73.34153,[0.1890322444396204,0.9809908633010367,0.04386042272945441]
2008-03-01T00:00:00.000Z,11,2684.0,5.27157,-73.34153,[0.16378072668897545,0.9853048517608762,0.04847909509993673]
2008-03-01T00:00:00.000Z,1,3515.0,5.77157,-73.34153,[0.23823151409872775,0.9702971042979432,0.04206275170805662]
2008-03-01T00:00:00.000Z,1,1301.0,6.27157,-73.34153,[0.2416278642886722,0.9700999897926393,0.02284699112828534]
2008-03-01T00:00:00.000Z,2,1945.0,6.77157,-73.34153,[0.2989878844673726,0.9540873549060467,0.01798788898421591]
2008-03-01T00:00:00.000Z,8,351.0,7.27157,-73.34153,[0.24943944398523651,0.9682033394498043,0.0190330571002953]
2008-03-01T00:00:00.000Z,8,325.0,7.77157,-73.34153,[0.26428942258639776,0.9640980345053102,0.025808544553037903]
2008-03-01T00:00:00.000Z,2,1339.0,8.27157,-73.34153,[0.2922994555149115,0.9559321249028436,0.027473639810199832]
2008-03-01T00:00:00.000Z,2,1230.0,8.77157,-73.34153,[0.3160980252533172,0.9482940757599515,0.028642351676014866]
2008-03-01T00:00:00.000Z,4,809.0,9.27157,-73.34153,[0.34981261834771554,0.9364214706538847,0.027312292894071635]
2008-03-01T00:00:00.000Z,4,74.0,9.77157,-73.34153,[0.341751215257197,0.9394807917462552,0.02412361519462567]
2008-03-01T00:00:00.000Z,8,99.0,10.27157,-73.34153,[0.26442991386592174,0.964246755678524,0.01746467338091204]
2008-03-01T00:00:00.000Z,4,1426.0,10.77157,-73.34153,[0.3331375322995715,0.942817803766741,0.010675835977167735]
2008-03-01T00:00:00.000Z,0,146.0,-2.22843,-72.84153,[0.30581919662067997,0.9511790982346623,0.041628620680685714]
2008-03-01T00:00:00.000Z,2,165.0,-1.72843,-72.84153,[0.3086642259511411,0.9505455140086279,0.034490888884691914]
2008-03-01T00:00:00.000Z,2,168.0,-1.22843,-72.84153,[0.31081869223172204,0.9501162296628777,0.02590155768597684]
2008-03-01T00:00:00.000Z,2,178.0,-0.72843,-72.84153,[0.3066574371304136,0.9516954945426629,0.015391618491986277]
2008-03-01T00:00:00.000Z,2,191.0,-0.22843,-72.84153,[0.30772348938423183,0.9514668809696363,0.004126560202470541]
2008-03-01T00:00:00.000Z,2,247.0,0.27157,-72.84153,[0.2986017078044151,0.9543544778846993,0.006674626409745749]
2008-03-01T00:00:00.000Z,2,264.0,0.77157,-72.84153,[0.29844087056158813,0.9543030208866594,0.015452867210896462]
2008-03-01T00:00:00.000Z,2,246.0,1.27157,-72.84153,[0.3050016217891656,0.9520834938987287,0.022606002556138156]
2008-03-01T00:00:00.000Z,2,259.0,1.77157,-72.84153,[0.3142726206078808,0.9489084164865859,0.028381984729316367]
2008-03-01T00:00:00.000Z,4,271.0,2.27157,-72.84153,[0.3391213538994123,0.9401759923405346,0.03264675720374939]
2008-03-01T00:00:00.000Z,4,193.0,2.77157,-72.84153,[0.3447986696238831,0.9379038438649656,0.03808224112263783]
2008-03-01T00:00:00.000Z,4,182.0,3.27157,-72.84153,[0.35137355456393254,0.9352545169805788,0.04284406167173601]
2008-03-01T00:00:00.000Z,4,203.0,3.77157,-72.84153,[0.35349291479987327,0.9343251391178806,0.04559927190912864]
2008-03-01T00:00:00.000Z,4,165.0,4.27157,-72.84153,[0.3477424440022188,0.9364300271070988,0.04662614043175818]
2008-03-01T00:00:00.000Z,8,293.0,4.77157,-72.84153,[0.25138038829419596,0.9667514435393705,0.04689932617429029]
2008-03-01T00:00:00.000Z,11,1653.0,5.27157,-72.84153,[0.1794842719901019,0.9822937676357513,0.05370614650246459]
2008-03-01T00:00:00.000Z,11,2686.0,5.77157,-72.84153,[0.17981928389400292,0.9825325671968319,0.04790385722936238]
2008-03-01T00:00:00.000Z,1,2685.0,6.27157,-72.84153,[0.19403909897374427,0.980684094813248,0.024648209869637786]
2008-03-01T00:00:00.000Z,11,1547.0,6.77157,-72.84153,[0.16622066638708324,0.9858605040889075,0.021207464332145102]
2008-03-01T00:00:00.000Z,1,3795.0,7.27157,-72.84153,[0.22947393769740448,0.9731167518397955,0.019634133706729798]
2008-03-01T00:00:00.000Z,2,1328.0,7.77157,-72.84153,[0.3153657868514531,0.9485805557264181,0.02719098713404261]
2008-03-01T00:00:00.000Z,4,973.0,8.27157,-72.84153,[0.36409950148173464,0.9309068814479811,0.029050492139500103]
2008-03-01T00:00:00.000Z,4,83.0,8.77157,-72.84153,[0.3817907925370295,0.9237735259986868,0.029635509071056138]
2008-03-01T00:00:00.000Z,4,223.0,10.77157,-72.84153,[0.3376978410039667,0.9411882793000288,0.011170993219522852]
2008-03-01T00:00:00.000Z,4,51.0,11.27157,-72.84153,[0.37093334764755226,0.9286581310747647,0.001589714347060938]
2008-03-01T00:00:00.000Z,0,149.0,-2.22843,-72.34153,[0.302821758601285,0.9522189899743829,0.039723766812716096]
2008-03-01T00:00:00.000Z,2,147.0,-1.72843,-72.34153,[0.30663791117235384,0.9512744289778705,0.03240605197616921]
2008-03-01T00:00:00.000Z,2,145.0,-1.22843,-72.34153,[0.31051438678177246,0.9502911987925187,0.022966347097821662]
2008-03-01T00:00:00.000Z,2,205.0,-0.72843,-72.34153,[0.30636415981258486,0.951833687356657,0.012394885855012977]
2008-03-01T00:00:00.000Z,2,176.0,-0.22843,-72.34153,[0.3039270117024712,0.9526942866827462,0.0014027400540114056]
2008-03-01T00:00:00.000Z,2,150.0,0.27157,-72.34153,[0.3059594856278345,0.9520047072035313,0.008708077667869135]
2008-03-01T00:00:00.000Z,2,218.0,0.77157,-72.34153,[0.3079968878908754,0.9512365422168192,0.01693982883399815]
2008-03-01T00:00:00.000Z,2,234.0,1.27157,-72.34153,[0.31144544034853455,0.9499687176654144,0.023689093339251472]
2008-03-01T00:00:00.000Z,4,237.0,1.77157,-72.34153,[0.3249677327927098,0.9452483482373497,0.030025535767539347]
2008-03-01T00:00:00.000Z,4,203.0,2.27157,-72.34153,[0.3418358246667993,0.939095443973103,0.035327271099394125]
2008-03-01T00:00:00.000Z,4,188.0,2.77157,-72.34153,[0.3467448505265479,0.9371134064416371,0.039830542309555135]
2008-03-01T00:00:00.000Z,4,220.0,3.27157,-72.34153,[0.3536483390973225,0.9343624014527043,0.04358617906217923]
2008-03-01T00:00:00.000Z,4,180.0,3.77157,-72.34153,[0.3614165337438278,0.9312411416903009,0.046562057084515045]
2008-03-01T00:00:00.000Z,4,190.0,4.27157,-72.34153,[0.3666102481712059,0.9290988960873161,0.048704899396030246]
2008-03-01T00:00:00.000Z,4,177.0,4.77157,-72.34153,[0.36197859930140575,0.930802112489329,0.0507830782170104]
2008-03-01T00:00:00.000Z,0,257.0,5.27157,-72.34153,[0.28697815200393745,0.9565938400131249,0.050712577545901284]
2008-03-01T00:00:00.000Z,1,1342.0,5.77157,-72.34153,[0.20985240608767677,0.9765131963279893,0.04882565981639947]
2008-03-01T00:00:00.000Z,1,3317.0,6.27157,-72.34153,[0.20635959950879748,0.9780879647951224,0.02756172733165446]
2008-03-01T00:00:00.000Z,8,3467.0,6.77157,-72.34153,[0.25425390555516025,0.966935307490079,0.019775303765401354]
2008-03-01T00:00:00.000Z,8,2203.0,7.27157,-72.34153,[0.26433044694337027,0.964247686737083,0.018863017810043323]
2008-03-01T00:00:00.000Z,4,97.0,11.27157,-72.34153,[0.35437972739009743,0.9350968719089068,0.0029747203394059276]
2008-03-01T00:00:00.000Z,4,19.0,11.77157,-72.34153,[0.36703463727585267,0.9301744237099228,0.007817705270496501]
2008-03-01T00:00:00.000Z,0,109.0,-2.22843,-71.84153,[0.3002188409822005,0.9531662822058456,0.03664267983090736]
2008-03-01T00:00:00.000Z,2,140.0,-1.72843,-71.84153,[0.3036366359361607,0.9523149036179586,0.030018621961870433]
2008-03-01T00:00:00.000Z,2,153.0,-1.22843,-71.84153,[0.3064294452527603,0.9516657865774405,0.020814075526602586]
2008-03-01T00:00:00.000Z,2,136.0,-0.72843,-71.84153,[0.3074952762952711,0.951494817215556,0.01021116389206938]
2008-03-01T00:00:00.000Z,2,192.0,-0.22843,-71.84153,[0.2988024850641772,0.9543149135383024,3.474447500746246E-4]
2008-03-01T00:00:00.000Z,2,216.0,0.27157,-71.84153,[0.30290128874034666,0.9529740545753983,0.009553040644887855]
2008-03-01T00:00:00.000Z,2,215.0,0.77157,-71.84153,[0.3059246899198203,0.9518964390197486,0.017414174656974386]
2008-03-01T00:00:00.000Z,2,232.0,1.27157,-71.84153,[0.3011576175536223,0.9532705689492613,0.024068896206057216]
2008-03-01T00:00:00.000Z,4,233.0,1.77157,-71.84153,[0.32488908762616614,0.9452433455085814,0.031017712894120763]
2008-03-01T00:00:00.000Z,4,159.0,2.27157,-71.84153,[0.3366670415111394,0.9409090078053859,0.036681632881064435]
2008-03-01T00:00:00.000Z,4,186.0,2.77157,-71.84153,[0.3511017141627098,0.9354075189131973,0.04171762064959135]
2008-03-01T00:00:00.000Z,4,222.0,3.27157,-71.84153,[0.35520354904714174,0.9337152116496557,0.0447922122511653]
2008-03-01T00:00:00.000Z,4,206.0,3.77157,-71.84153,[0.36299437679892943,0.9305855841572555,0.04738726591666024]
2008-03-01T00:00:00.000Z,4,189.0,4.27157,-71.84153,[0.37392081743541167,0.9260906266948726,0.05039219618484401]
2008-03-01T00:00:00.000Z,3,149.0,4.77157,-71.84153,[0.3809072111594558,0.9231238818490726,0.052459462889220425]
2008-03-01T00:00:00.000Z,3,172.0,5.27157,-71.84153,[0.3824297916657919,0.9224919347350464,0.052498426597848855]
2008-03-01T00:00:00.000Z,4,213.0,5.77157,-71.84153,[0.370276411379639,0.9277557668025157,0.04652543756368698]
2008-03-01T00:00:00.000Z,4,412.0,6.27157,-71.84153,[0.3592526930509114,0.9326752608052508,0.032470916487293916]
2008-03-01T00:00:00.000Z,4,325.0,6.77157,-71.84153,[0.38424257876047496,0.9230174989789669,0.01990822056621301]
2008-03-01T00:00:00.000Z,4,174.0,11.77157,-71.84153,[0.3415323650484355,0.9398559820129879,0.0051358250383223385]
2008-03-01T00:00:00.000Z,0,107.0,-2.22843,-71.34153,[0.29735709832542245,0.9542562394929908,0.031205535793846613]
2008-03-01T00:00:00.000Z,2,121.0,-1.72843,-71.34153,[0.3010433621063802,0.9533039800035373,0.024174694229754778]
2008-03-01T00:00:00.000Z,2,140.0,-1.22843,-71.34153,[0.3010929792587842,0.95346110098615,0.015967051930390073]
2008-03-01T00:00:00.000Z,2,186.0,-0.72843,-71.34153,[0.3044759009583505,0.9524925354508399,0.007238483683160785]
2008-03-01T00:00:00.000Z,2,201.0,-0.22843,-71.34153,[0.2996471869772621,0.9540490895712826,0.001377688215987412]
2008-03-01T00:00:00.000Z,2,185.0,0.27157,-71.34153,[0.3033343342217746,0.9528402941393912,0.009146340612030608]
2008-03-01T00:00:00.000Z,2,228.0,0.77157,-71.34153,[0.29903311469214744,0.954113439873778,0.01570796516865366]
2008-03-01T00:00:00.000Z,2,342.0,1.27157,-71.34153,[0.30619738204444535,0.9516945658138167,0.022817024994045542]
2008-03-01T00:00:00.000Z,4,222.0,1.77157,-71.34153,[0.3219066992116726,0.9462842214561998,0.03036855652940307]
2008-03-01T00:00:00.000Z,4,164.0,2.27157,-71.34153,[0.3304579230894497,0.9431046344350589,0.036758802680736544]
2008-03-01T00:00:00.000Z,4,189.0,2.77157,-71.34153,[0.3499660634505853,0.9358066898129204,0.04230359008743339]
2008-03-01T00:00:00.000Z,4,209.0,3.27157,-71.34153,[0.3646028073670215,0.9300013637187795,0.04650006818593897]
2008-03-01T00:00:00.000Z,4,171.0,3.77157,-71.34153,[0.37162912822998384,0.9270603884726312,0.04950582971727944]
2008-03-01T00:00:00.000Z,3,165.0,4.27157,-71.34153,[0.37928302841225997,0.9238250906327189,0.05188049995781985]
2008-03-01T00:00:00.000Z,3,131.0,4.77157,-71.34153,[0.39101118374914545,0.9188071985624796,0.05388493344952888]
2008-03-01T00:00:00.000Z,3,146.0,5.27157,-71.34153,[0.39673023456623674,0.9163909643501806,0.05322331667948458]
2008-03-01T00:00:00.000Z,3,151.0,5.77157,-71.34153,[0.4037139488185891,0.9136684104841752,0.04717078770406673]
2008-03-01T00:00:00.000Z,3,157.0,6.27157,-71.34153,[0.40710978704709677,0.9127829962213854,0.03299731958171206]
2008-03-01T00:00:00.000Z,3,154.0,6.77157,-71.34153,[0.4083176521266641,0.9126257698410001,0.019771170524027944]
2008-03-01T00:00:00.000Z,2,97.0,-2.22843,-70.84153,[0.2945391030741176,0.955292224038868,0.02575817251218519]
2008-03-01T00:00:00.000Z,2,137.0,-1.72843,-70.84153,[0.2955478786368913,0.9551927636553522,0.01606971355326063]
2008-03-01T00:00:00.000Z,2,114.0,-1.22843,-70.84153,[0.2941536807952294,0.9557177061852664,0.008790799655949385]
2008-03-01T00:00:00.000Z,2,155.0,-0.72843,-70.84153,[0.2967887880391311,0.9549349172404104,0.003964735718079995]
2008-03-01T00:00:00.000Z,2,183.0,-0.22843,-70.84153,[0.2970433375653447,0.9548634491085218,0.0010242873709149815]
2008-03-01T00:00:00.000Z,2,193.0,0.27157,-70.84153,[0.3003557928459826,0.95380160170938,0.006993016550994251]
2008-03-01T00:00:00.000Z,2,250.0,0.77157,-70.84153,[0.3033228688903306,0.9528042789951988,0.012619157522536657]
2008-03-01T00:00:00.000Z,2,316.0,1.27157,-70.84153,[0.3108584898746026,0.9502378838212284,0.020370651041025093]
2008-03-01T00:00:00.000Z,4,186.0,1.77157,-70.84153,[0.31825122075912177,0.9475750633128739,0.028594752541891016]
2008-03-01T00:00:00.000Z,4,191.0,2.27157,-70.84153,[0.33260473288704506,0.9423800765132944,0.03597058592704339]
2008-03-01T00:00:00.000Z,4,160.0,2.77157,-70.84153,[0.34733318570019817,0.9367854898994397,0.04233915475323583]
2008-03-01T00:00:00.000Z,4,240.0,3.27157,-70.84153,[0.36665873637273566,0.9291316366147819,0.047705061399033355]
2008-03-01T00:00:00.000Z,3,186.0,3.77157,-70.84153,[0.37765721138307556,0.924515682346382,0.05143718291239022]
2008-03-01T00:00:00.000Z,3,176.0,4.27157,-70.84153,[0.3832957943525047,0.9220923736024668,0.053197636938603854]
2008-03-01T00:00:00.000Z,3,146.0,4.77157,-70.84153,[0.39417916232350947,0.9174381207599991,0.054130237079636864]
2008-03-01T00:00:00.000Z,3,123.0,5.27157,-70.84153,[0.4066135011567198,0.9120566727334756,0.053085651539905084]
2008-03-01T00:00:00.000Z,3,120.0,5.77157,-70.84153,[0.4188589848046646,0.906808111432779,0.04749947250362175]
2008-03-01T00:00:00.000Z,3,126.0,6.27157,-70.84153,[0.42639632273626643,0.9039017937457154,0.033878063998223906]
2008-03-01T00:00:00.000Z,3,122.0,6.77157,-70.84153,[0.4231174580870338,0.905849403395952,0.0202107651801023]
2008-03-01T00:00:00.000Z,0,97.0,-3.72843,-70.34153,[0.2830084729429617,0.9581241049633858,0.04363947445380021]
2008-03-01T00:00:00.000Z,2,132.0,-2.22843,-70.34153,[0.29014338634656595,0.9568087244405838,0.018272388834802814]
2008-03-01T00:00:00.000Z,2,129.0,-1.72843,-70.34153,[0.29368344090959747,0.955867016800819,0.008263336360193997]
2008-03-01T00:00:00.000Z,2,144.0,-1.22843,-70.34153,[0.28969449242306305,0.9571060345823507,0.005013943138091476]
2008-03-01T00:00:00.000Z,2,134.0,-0.72843,-70.34153,[0.2932164446048507,0.9560428902633253,0.00247155623804855]
2008-03-01T00:00:00.000Z,2,170.0,-0.22843,-70.34153,[0.2967911187930676,0.9549424165746412,1.1327905297445329E-4]
2008-03-01T00:00:00.000Z,2,177.0,0.27157,-70.34153,[0.30211625676912673,0.9532683404874339,0.002288759520978233]
2008-03-01T00:00:00.000Z,2,190.0,0.77157,-70.34153,[0.3027711102461642,0.9530408811157669,0.006537103516678545]
2008-03-01T00:00:00.000Z,2,195.0,1.27157,-70.34153,[0.3074735817595414,0.9514276869540528,0.01566374850473136]
2008-03-01T00:00:00.000Z,4,216.0,1.77157,-70.34153,[0.3186266650819268,0.9475576569787151,0.024729233707851035]
2008-03-01T00:00:00.000Z,4,168.0,2.27157,-70.34153,[0.32843378829114583,0.9439430359775153,0.03320830526054919]
2008-03-01T00:00:00.000Z,4,193.0,2.77157,-70.34153,[0.3490166815902962,0.93617109899491,0.0420835998740646]
2008-03-01T00:00:00.000Z,4,177.0,3.27157,-70.34153,[0.36115943896569,0.931275410475815,0.047853625662953925]
2008-03-01T00:00:00.000Z,4,174.0,3.77157,-70.34153,[0.37181301950585766,0.9268767414824594,0.05152266127438313]
2008-03-01T00:00:00.000Z,3,118.0,4.27157,-70.34153,[0.384636869115832,0.9214975168216752,0.05382197885861112]
2008-03-01T00:00:00.000Z,3,116.0,4.77157,-70.34153,[0.3918585606536563,0.9184614684794471,0.05362275040523718]
2008-03-01T00:00:00.000Z,3,124.0,5.27157,-70.34153,[0.41068788031959996,0.9102875697805566,0.052076916782794636]
2008-03-01T00:00:00.000Z,3,105.0,5.77157,-70.34153,[0.42234794653674185,0.9052372369456445,0.04655917635882854]
2008-03-01T00:00:00.000Z,3,104.0,6.27157,-70.34153,[0.43274806031502805,0.9008224929006707,0.03532637227061453]
2008-03-01T00:00:00.000Z,3,109.0,6.77157,-70.34153,[0.42937369012202875,0.9028611155305674,0.021909821858966536]
2008-03-01T00:00:00.000Z,0,140.0,-3.72843,-69.84153,[0.2835688650422715,0.958119044006463,0.039957430983229174]
2008-03-01T00:00:00.000Z,0,128.0,-3.22843,-69.84153,[0.28720484547276737,0.9573494849092246,0.03154901711632672]
2008-03-01T00:00:00.000Z,2,61.0,-2.72843,-69.84153,[0.2889903929414044,0.9570746473458677,0.022196220294358818]
2008-03-01T00:00:00.000Z,2,111.0,-2.22843,-69.84153,[0.2867151695537902,0.9579142829536591,0.01395127453384343]
2008-03-01T00:00:00.000Z,2,145.0,-1.72843,-69.84153,[0.28764648099242657,0.9577195095111827,0.005730887743910414]
2008-03-01T00:00:00.000Z,2,68.0,-1.22843,-69.84153,[0.2911163656292301,0.9566839343769737,0.00266671479965707]
2008-03-01T00:00:00.000Z,2,122.0,-0.72843,-69.84153,[0.29204854830573945,0.9564032612455132,6.688134694024568E-4]
2008-03-01T00:00:00.000Z,2,188.0,0.77157,-69.84153,[0.3025433538709675,0.9531253027965064,0.004435786015401403]
2008-03-01T00:00:00.000Z,2,195.0,1.77157,-69.84153,[0.31725009518601854,0.9482121804072823,0.015685599501762258]
2008-03-01T00:00:00.000Z,4,182.0,2.27157,-69.84153,[0.33131681554048326,0.943164657378018,0.02587656880498665]
2008-03-01T00:00:00.000Z,4,180.0,2.77157,-69.84153,[0.3425919521236275,0.9387266846997592,0.03772221855512866]
2008-03-01T00:00:00.000Z,4,198.0,3.27157,-69.84153,[0.3555999512492058,0.9334498720291652,0.047116993540519764]
2008-03-01T00:00:00.000Z,4,149.0,3.77157,-69.84153,[0.36309119370648363,0.9303404251554028,0.05129793733148541]
2008-03-01T00:00:00.000Z,4,188.0,4.27157,-69.84153,[0.37337399347378764,0.926178598652293,0.05277370932491698]
2008-03-01T00:00:00.000Z,3,143.0,4.77157,-69.84153,[0.38455323637220784,0.9215784576919928,0.0530278673313255]
2008-03-01T00:00:00.000Z,3,100.0,5.27157,-69.84153,[0.39992517532147237,0.9151065643640636,0.051379275996161385]
2008-03-01T00:00:00.000Z,3,112.0,5.77157,-69.84153,[0.41445721664088475,0.9089475509779404,0.04516154498569641]
2008-03-01T00:00:00.000Z,3,98.0,6.27157,-69.84153,[0.4316748854094424,0.9013956929227679,0.033802338484603796]
2008-03-01T00:00:00.000Z,2,169.0,0.77157,-69.34153,[0.3022664399558763,0.9532147657035501,0.004075502561202827]
2008-03-01T00:00:00.000Z,2,182.0,1.77157,-69.34153,[0.3169076973853214,0.9483842899612384,0.011694010973628094]
2008-03-01T00:00:00.000Z,4,167.0,2.27157,-69.34153,[0.3290629286457725,0.9441114570964164,0.019265138731625227]
2008-03-01T00:00:00.000Z,4,128.0,2.77157,-69.34153,[0.3394066525193568,0.9400831742442617,0.03235351184087394]
2008-03-01T00:00:00.000Z,4,182.0,3.27157,-69.34153,[0.34776422715971544,0.9364793831372338,0.0454577525501628]
2008-03-01T00:00:00.000Z,5,123.0,3.77157,-69.34153,[0.360979618443591,0.9311488390947753,0.05153207273894373]
2008-03-01T00:00:00.000Z,4,172.0,4.27157,-69.34153,[0.3722229085919127,0.9266528353756708,0.052579739535361096]
2008-03-01T00:00:00.000Z,3,142.0,4.77157,-69.34153,[0.3867366394479861,0.9206740759176969,0.052858468021437545]
2008-03-01T00:00:00.000Z,3,117.0,5.27157,-69.34153,[0.40188278104424746,0.9142488008635459,0.05137470603039865]
2008-03-01T00:00:00.000Z,3,83.0,5.77157,-69.34153,[0.42536883484576843,0.9039087740472579,0.044836174483743156]
2008-03-01T00:00:00.000Z,2,139.0,1.77157,-68.84153,[0.3193637742804493,0.9475628467661683,0.011464340615195617]
2008-03-01T00:00:00.000Z,4,178.0,2.27157,-68.84153,[0.3250600662269085,0.9455214335140367,0.01803252922134675]
2008-03-01T00:00:00.000Z,4,155.0,2.77157,-68.84153,[0.3401169614374405,0.9398931084884108,0.03035452451538448]
2008-03-01T00:00:00.000Z,4,154.0,3.27157,-68.84153,[0.3514662740086603,0.9351735135283435,0.04384013947881876]
2008-03-01T00:00:00.000Z,5,118.0,3.77157,-68.84153,[0.36213842331631885,0.9306704235576725,0.05204157062342903]
2008-03-01T00:00:00.000Z,3,168.0,4.27157,-68.84153,[0.3798206636368354,0.9235365451443601,0.05307083245336605]
2008-03-01T00:00:00.000Z,3,130.0,4.77157,-68.84153,[0.3904867467438564,0.9191048596828186,0.05259617405121332]
2008-03-01T00:00:00.000Z,3,118.0,5.27157,-68.84153,[0.4080374142666793,0.9115140881414971,0.051454209527866]
2008-03-01T00:00:00.000Z,3,76.0,5.77157,-68.84153,[0.43571890987789114,0.8989416712098685,0.045308976342784024]
2008-03-01T00:00:00.000Z,2,140.0,1.77157,-68.34153,[0.32042871294698305,0.947201360249873,0.011619942337637848]
2008-03-01T00:00:00.000Z,4,115.0,2.27157,-68.34153,[0.32546759592156466,0.945405873867402,0.01669064594469562]
2008-03-01T00:00:00.000Z,4,126.0,2.77157,-68.34153,[0.34095095522804575,0.939753708137517,0.02480754262053523]
2008-03-01T00:00:00.000Z,4,132.0,3.27157,-68.34153,[0.35239027970917564,0.9351416963307098,0.03648422330557896]
2008-03-01T00:00:00.000Z,4,110.0,3.77157,-68.34153,[0.3676571370175845,0.9286841177260785,0.04872411193001207]
2008-03-01T00:00:00.000Z,3,121.0,4.27157,-68.34153,[0.3861123853047974,0.9209302163013072,0.05296000960599585]
2008-03-01T00:00:00.000Z,3,109.0,4.77157,-68.34153,[0.4046773750490497,0.9128768692966936,0.05377772425900993]
2008-03-01T00:00:00.000Z,3,89.0,5.27157,-68.34153,[0.4228302642906832,0.9046601003428572,0.05295913941448092]
2008-03-01T00:00:00.000Z,3,65.0,5.77157,-68.34153,[0.45021540452473297,0.8915741125670121,0.04900705386957749]
2008-03-01T00:00:00.000Z,4,136.0,2.27157,-67.84153,[0.3346133636237097,0.9422325762689298,0.015220680078190404]
2008-03-01T00:00:00.000Z,4,120.0,2.77157,-67.84153,[0.34792644346280066,0.9372965042752316,0.020553661784635198]
2008-03-01T00:00:00.000Z,4,103.0,3.27157,-67.84153,[0.3602919305604173,0.9322238762752055,0.03388759766459869]
2008-03-01T00:00:00.000Z,4,95.0,3.77157,-67.84153,[0.3756381887227253,0.9255415165436222,0.04763247135350022]
2008-03-01T00:00:00.000Z,3,110.0,4.27157,-67.84153,[0.3880975613431527,0.9200816335244132,0.05319840721812604]
2008-03-01T00:00:00.000Z,3,101.0,4.77157,-67.84153,[0.4121392359439917,0.9094539139830751,0.05508927787118022]
2008-03-01T00:00:00.000Z,3,80.0,5.77157,-67.84153,[0.4623102662651796,0.8852104770454586,0.05168780353981189]
2008-03-01T00:00:00.000Z,3,54.0,6.27157,-67.84153,[0.4558955723352527,0.8891473248525292,0.039702164080851476]
2008-03-01T00:00:00.000Z,4,114.0,2.27157,-67.34153,[0.3435767554550798,0.9390282853718906,0.013449623879024477]
