COMFORT ZONE,19.9602159854053,24.3900340556233,19.9707539388675,86.9386838677212,24.2125805728354,84.6764506966908,27.3188633505897,53.0909658238576,27.2573528005351,23.2555380683034,19.9602159854053,24.3900340556233,23.5226494419768,51.9191148427236
HEATING INTERNAL GAINS,13.5212356453575,-0.471111631698032,13.4465003270413,106.137150410145,14.9910302389107,105.036902370966,18.0551782898776,103.271293075542,19.9733847933284,102.218056694295,19.95617580833,-0.178180789206631,13.5212356453575,-0.471111631698032,16.9294324766301,52.8823223953712
PASSIVE SOLAR HEATING,7.04417472461459,-0.0778716862396031,7.01926295184249,109.622796556945,10.0086756844931,107.827724403129,13.4465003270413,106.137150410145,13.5212356453575,-0.471111631698032,7.04417472461459,-0.0778716862396031,10.4773691209234,54.4367290092118
ACTIVE SOLAR HEATING,1.31188990709235,0.719598876158676,1.31188990709235,110.745769774805,5.15087999393588,108.129912473835,7.01926295184249,109.622796556945,7.04417472461459,-0.0778716862396031,1.31188990709235,0.719598876158676,4.35888344237028,55.4201179368129
HUMIDIFICATION,-5.20640429272165,48.6362126810803,1.31188990709235,34.8433454538619,4.09066717342371,47.1768582478599,7.03293613164224,49.7061095525735,10.3435221392179,44.5918370386615,13.4957483937087,36.2193772675459,16.8953183782771,25.9277958380659,19.9589216514601,16.5553488314596,22.0769671148715,10.8841281179325,22.1018788876435,1.35157130062449,-5.20640429272165,16.5335300849481,-5.20640429272165,48.6362126810803,10.5583805241009,19.7266525657864
CONVENTIONAL HEATING,-5.20640429272165,1.2250310863166,-5.20640429272165,113.828664218718,1.31188990709235,110.745769774805,1.31188990709235,0.719598876158676,-5.20640429272165,1.2250310863166,-1.67494499009595,57.9213590405218
SOLAR PROTECTION,19.9733847933284,102.218056694295,22.1760064367398,101.643807961258,25.2161046622725,100.747979473654,28.4297233498719,102.267757147149,29.9493414889693,104.568141443989,32.9024644766709,84.7195971715121,48.0196025710805,29.3233358689886,48.0196025710805,0.438201449004504,19.9564730598835,1.6407526844966,19.9733847933284,102.218056694295,34.3733353929123,35.4072068506782
COOLING HIGH THERMAL MASS,19.9602159854053,24.3900340556233,27.2573528005351,23.2555380683034,27.3188633505897,53.0909658238576,24.2125805728354,84.6764506966908,31.8740911112164,54.1860512788346,35.1033949890797,33.1283726901858,35.1033949890797,10.0534004890969,19.9602159854053,24.3900340556233,30.3270128388341,35.0294644750054
EVAPORATIVE COOLING,19.9602159854053,24.3900340556233,27.2573528005351,23.2555380683034,27.3188633505897,53.0909658238576,24.2125805728354,84.6764506966908,34.8375964517807,33.2690333375459,38.332698866943,22.4986397973026,40.5778339439337,12.1401846826779,40.5778339439337,0.64378596049224,30.0902851596348,1.24262222227235,19.9602159854053,24.3900340556233,32.3069608321537,20.5628264154643
COOLING HIGH THERMAL MASS WITH NIGHT COOLING,19.9602159854053,24.3900340556233,27.2573528005351,23.2555380683034,27.3188633505897,53.0909658238576,24.2125805728354,84.6764506966908,39.6579094269851,35.4534841991017,43.7176057305847,22.4640928962118,43.6253399055029,6.36831261700276,19.9602159854053,24.3900340556233,34.6778164030213,28.0167965148613
COOLING NATURAL AND MECHANICAL VENTILATION,19.9707539388675,86.9386838677212,19.9729517906317,99.7123311070264,23.7512514474264,97.3387347645155,26.2731839996625,94.9426162525836,30.7019436035893,54.050678540616,30.5789225034802,23.2265879875255,27.2573528005351,23.2555380683034,27.3188633505897,53.0909658238576,24.2125805728354,84.6764506966908,19.9707539388675,86.9386838677212,27.1373556134518,59.994492016505
AIR CONDITIONED,40.5778339439337,0.64378596049224,40.5778339439337,7.47349946916,43.6253399055029,6.36831261700276,43.7176057305847,22.4640928962118,39.6579094269851,35.4534841991017,29.8050629710872,61.0620212580126,27.2562920422301,84.4022547622414,32.9024644766709,84.7195971715118,48.0196025710805,29.3233358689886,48.0196025710805,0.438201449004504,40.5778339439337,0.64378596049224,40.1758678859559,34.02191163159
CONVENTIONAL DRY,29.9493414889693,104.568141443989,32.9024644766709,84.7195971715118,27.7280017550174,84.7994215934227,26.2731839996625,94.9426162525836,25.4835508996417,101.040165998366,28.4297233498719,102.267757147149,29.9493414889693,104.568141443989,29.1863831624576,93.9156492136238
