2009-10-01T00:00:00.000Z,0,10.0,1.77157,-78.84153,[0.30916581148320904,0.9510081425472096,1.1755354048791219E-4]
2009-10-01T00:00:00.000Z,0,235.0,1.27157,-78.34153,[0.3224018473756572,0.9466009127834144,0.00193925923233478]
2009-10-01T00:00:00.000Z,0,57.0,1.77157,-78.34153,[0.3158727753328188,0.9488013701008265,5.91522051185054E-4]
2009-10-01T00:00:00.000Z,0,1772.0,1.27157,-77.84153,[0.2929841292331012,0.9561169320240709,8.439872035521434E-4]
2009-10-01T00:00:00.000Z,0,528.0,1.77157,-77.84153,[0.3216229919770747,0.9468676890668357,4.800343163836936E-4]
2009-10-01T00:00:00.000Z,0,116.0,2.27157,-77.84153,[0.3151769478111581,0.9490328095202649,4.669288115720861E-4]
2009-10-01T00:00:00.000Z,0,167.0,7.27157,-77.84153,[0.26481225582215895,0.9598093190615392,0.09295450612532925]
2009-10-01T00:00:00.000Z,0,2201.0,0.77157,-77.34153,[0.20534467522009006,0.9786895339437041,6.004230269593277E-4]
2009-10-01T00:00:00.000Z,0,2447.0,1.27157,-77.34153,[0.2512958483968121,0.9679098466958553,9.618979842940178E-4]
2009-10-01T00:00:00.000Z,0,1706.0,1.77157,-77.34153,[0.23046622775798956,0.9730796283115114,0.0011639708472625735]
2009-10-01T00:00:00.000Z,0,2096.0,2.27157,-77.34153,[0.29895519530013487,0.9542649833980306,0.002032895328040917]
2009-10-01T00:00:00.000Z,0,57.0,2.77157,-77.34153,[0.3140992312410427,0.9493826387887155,0.0037786373683132957]
2009-10-01T00:00:00.000Z,0,74.0,3.27157,-77.34153,[0.303810345800053,0.9527033862635624,0.007451951878114508]
2009-10-01T00:00:00.000Z,0,28.0,4.27157,-77.34153,[0.287145506606554,0.9571516886885135,0.03752469688608377]
2009-10-01T00:00:00.000Z,0,14.0,5.27157,-77.34153,[0.27263478687398746,0.9595466522400886,0.07028865599094988]
2009-10-01T00:00:00.000Z,0,499.0,6.27157,-77.34153,[0.2833443390474703,0.9550564014997746,0.08708188952964725]
2009-10-01T00:00:00.000Z,0,695.0,6.77157,-77.34153,[0.29667509347876314,0.950479827786679,0.09258501973846683]
2009-10-01T00:00:00.000Z,0,345.0,7.27157,-77.34153,[0.29684233554439227,0.950120354299286,0.09568667710162039]
2009-10-01T00:00:00.000Z,0,279.0,0.27157,-76.84153,[0.3041575547733978,0.9526214615502818,7.299781314561546E-4]
2009-10-01T00:00:00.000Z,0,485.0,0.77157,-76.84153,[0.22095347484263575,0.9752838862677631,9.503375262048849E-4]
2009-10-01T00:00:00.000Z,0,3335.0,1.27157,-76.84153,[0.17919422973590263,0.9838114573735831,0.0021081674086576778]
2009-10-01T00:00:00.000Z,0,2008.0,1.77157,-76.84153,[0.18351104497112727,0.9830113937625352,0.0035065804771552984]
2009-10-01T00:00:00.000Z,0,1013.0,2.27157,-76.84153,[0.22752591849342627,0.9737637755210885,0.004008228615946369]
2009-10-01T00:00:00.000Z,0,2856.0,2.77157,-76.84153,[0.27183004570253655,0.9623269028665692,0.005946282249742987]
2009-10-01T00:00:00.000Z,0,1911.0,3.27157,-76.84153,[0.2769161419779256,0.9608512685009917,0.009071390857897562]
2009-10-01T00:00:00.000Z,0,794.0,3.77157,-76.84153,[0.2927503821727762,0.9560855735245827,0.014056665175756319]
2009-10-01T00:00:00.000Z,0,70.0,4.27157,-76.84153,[0.3017608704529582,0.9531088625250039,0.02288827734379041]
2009-10-01T00:00:00.000Z,0,24.0,4.77157,-76.84153,[0.2975969146961361,0.9532051553425112,0.053254184735098034]
2009-10-01T00:00:00.000Z,0,133.0,5.27157,-76.84153,[0.2979831543289601,0.9522018089459252,0.06721424533735942]
2009-10-01T00:00:00.000Z,0,76.0,5.77157,-76.84153,[0.28713011701688,0.9545136322453038,0.08037426055491816]
2009-10-01T00:00:00.000Z,0,38.0,6.27157,-76.84153,[0.28471085434719556,0.9546187469288321,0.08742297998190357]
2009-10-01T00:00:00.000Z,0,20.0,6.77157,-76.84153,[0.3055977109247872,0.9475809618600678,0.09327571923002834]
2009-10-01T00:00:00.000Z,0,15.0,7.27157,-76.84153,[0.3065047024278545,0.9469622895905355,0.09652610777951835]
2009-10-01T00:00:00.000Z,0,8.0,7.77157,-76.84153,[0.31642759854624436,0.9435504116070982,0.09790911926032343]
2009-10-01T00:00:00.000Z,0,294.0,0.77157,-76.34153,[0.2861317000309548,0.9581805248935755,0.004328042521476627]
2009-10-01T00:00:00.000Z,0,1412.0,1.27157,-76.34153,[0.21016114801580113,0.9776557272337267,0.004644445260017705]
2009-10-01T00:00:00.000Z,0,2388.0,1.77157,-76.34153,[0.15803371055026097,0.987413635092232,0.00629758395425852]
2009-10-01T00:00:00.000Z,0,3852.0,2.27157,-76.34153,[0.16593208543926014,0.9861106791818888,0.007229898008424905]
2009-10-01T00:00:00.000Z,0,2450.0,2.77157,-76.34153,[0.23241686442636997,0.9725751865226557,0.008939110170244999]
2009-10-01T00:00:00.000Z,0,990.0,3.27157,-76.34153,[0.2366671669224195,0.9715187202165319,0.011833358346120974]
2009-10-01T00:00:00.000Z,0,962.0,3.77157,-76.34153,[0.25644847874563476,0.9664308411988274,0.015671851478899903]
2009-10-01T00:00:00.000Z,0,1899.0,4.27157,-76.34153,[0.22142515472629934,0.9749485129020219,0.021125767313172436]
2009-10-01T00:00:00.000Z,0,1358.0,4.77157,-76.34153,[0.2506092534613013,0.9672836796492759,0.03946245258123658]
2009-10-01T00:00:00.000Z,0,407.0,5.27157,-76.34153,[0.23154099367360803,0.9709061956941631,0.061073131664632845]
2009-10-01T00:00:00.000Z,0,480.0,5.77157,-76.34153,[0.22126064541468135,0.9722058662160241,0.07654724348942259]
2009-10-01T00:00:00.000Z,0,1095.0,6.27157,-76.34153,[0.21838181276102817,0.9722928950063867,0.0834020993459203]
2009-10-01T00:00:00.000Z,0,1485.0,6.77157,-76.34153,[0.24908031384023058,0.9643596221690343,0.08927214788079059]
2009-10-01T00:00:00.000Z,0,827.0,7.27157,-76.34153,[0.2911452515752463,0.9519084983143794,0.0954183070592311]
2009-10-01T00:00:00.000Z,0,201.0,7.77157,-76.34153,[0.30920273721891506,0.9459994525322196,0.09735863138454315]
2009-10-01T00:00:00.000Z,0,165.0,8.27157,-76.34153,[0.30868570045699933,0.9464100046978331,0.09498021552523056]
2009-10-01T00:00:00.000Z,0,99.0,8.77157,-76.34153,[0.3121328774054924,0.9454459619963463,0.09330058835490261]
2009-10-01T00:00:00.000Z,0,267.0,0.27157,-75.84153,[0.32238841400693113,0.9465614712008014,0.00933229619493748]
2009-10-01T00:00:00.000Z,0,241.0,0.77157,-75.84153,[0.3111834346449656,0.9503063350311642,0.009096131166545148]
2009-10-01T00:00:00.000Z,0,250.0,1.27157,-75.84153,[0.2564708631537555,0.9665151972553564,0.008430292261072517]
2009-10-01T00:00:00.000Z,0,1712.0,1.77157,-75.84153,[0.2730681751850577,0.9619447080382716,0.009805629927099801]
2009-10-01T00:00:00.000Z,0,1262.0,2.27157,-75.84153,[0.23733477478336465,0.9713598514329462,0.011499726200843443]
2009-10-01T00:00:00.000Z,0,2705.0,2.77157,-75.84153,[0.19360234339039875,0.9809972399842766,0.012749422613514066]
2009-10-01T00:00:00.000Z,0,1867.0,3.27157,-75.84153,[0.16512094332931226,0.9861705994702372,0.014234564080113126]
2009-10-01T00:00:00.000Z,0,3782.0,3.77157,-75.84153,[0.1877174648805147,0.9820828345578148,0.01659697098028941]
2009-10-01T00:00:00.000Z,0,2035.0,4.27157,-75.84153,[0.23805333174056725,0.9710690364070665,0.01885570944479741]
2009-10-01T00:00:00.000Z,0,1185.0,4.77157,-75.84153,[0.23997760257219586,0.9704460123529287,0.02540250719910561]
2009-10-01T00:00:00.000Z,0,1530.0,5.27157,-75.84153,[0.2540812347101223,0.9659880904545215,0.04805970524469766]
2009-10-01T00:00:00.000Z,0,1704.0,5.77157,-75.84153,[0.24216108026113894,0.9674395395507192,0.07361214927341089]
2009-10-01T00:00:00.000Z,0,488.0,6.27157,-75.84153,[0.19784924933287618,0.9769505306041457,0.08014571286535153]
2009-10-01T00:00:00.000Z,0,896.0,6.77157,-75.84153,[0.20880689050660722,0.9740677457664241,0.0871304145202963]
2009-10-01T00:00:00.000Z,0,2421.0,7.27157,-75.84153,[0.26210469760748845,0.9606850004358153,0.09157214330638194]
2009-10-01T00:00:00.000Z,0,131.0,7.77157,-75.84153,[0.3130399700186567,0.9448323182679894,0.0964254506188855]
2009-10-01T00:00:00.000Z,0,43.0,8.27157,-75.84153,[0.30840829899498745,0.9466108739225709,0.09387318297876626]
2009-10-01T00:00:00.000Z,0,10.0,8.77157,-75.84153,[0.3111865447084669,0.9459172225434266,0.09167083771917293]
2009-10-01T00:00:00.000Z,0,155.0,9.27157,-75.84153,[0.31659031807631527,0.9440563275488679,0.09234836715005876]
2009-10-01T00:00:00.000Z,0,228.0,0.27157,-75.34153,[0.31834578277677356,0.9478566163879875,0.014959858213194246]
2009-10-01T00:00:00.000Z,0,189.0,0.77157,-75.34153,[0.3122620048273539,0.9498464025166659,0.016859773644670818]
2009-10-01T00:00:00.000Z,0,244.0,1.27157,-75.34153,[0.3050374080536016,0.9521952031790857,0.01662752930174534]
2009-10-01T00:00:00.000Z,0,1357.0,1.77157,-75.34153,[0.24223196965746072,0.9701094979940255,0.014533918179447642]
2009-10-01T00:00:00.000Z,0,2437.0,2.27157,-75.34153,[0.28870620024767407,0.9572889797686035,0.015701565276627888]
2009-10-01T00:00:00.000Z,0,485.0,2.77157,-75.34153,[0.32507010758450017,0.945541225632693,0.016769489676978184]
2009-10-01T00:00:00.000Z,0,694.0,3.27157,-75.34153,[0.31918307613246055,0.9475356416951869,0.0172734370612861]
2009-10-01T00:00:00.000Z,0,442.0,3.77157,-75.34153,[0.2574067779791334,0.9661569474833228,0.016807839840646613]
2009-10-01T00:00:00.000Z,0,2270.0,4.27157,-75.34153,[0.14173710045782173,0.9897573794681789,0.01705649852967007]
2009-10-01T00:00:00.000Z,0,4229.0,4.77157,-75.34153,[0.1745902314326049,0.9844636275619142,0.01869805059213704]
2009-10-01T00:00:00.000Z,0,3209.0,5.27157,-75.34153,[0.19235339000997012,0.9808898016882686,0.029246714270521768]
2009-10-01T00:00:00.000Z,0,1992.0,5.77157,-75.34153,[0.2090937970437057,0.9765245440311445,0.05176484272757687]
2009-10-01T00:00:00.000Z,0,2185.0,6.27157,-75.34153,[0.21367278944889548,0.9742593508550674,0.07185162712556123]
2009-10-01T00:00:00.000Z,0,2092.0,6.77157,-75.34153,[0.2459990368617803,0.9657342102128407,0.0827158333552711]
2009-10-01T00:00:00.000Z,0,869.0,7.27157,-75.34153,[0.3017050185868772,0.948856675555755,0.09297898156450601]
2009-10-01T00:00:00.000Z,0,83.0,7.77157,-75.34153,[0.3094291663195184,0.9462254216437447,0.0943983181308096]
2009-10-01T00:00:00.000Z,0,30.0,8.27157,-75.34153,[0.3111445596992196,0.9457896002409493,0.0931187147980697]
2009-10-01T00:00:00.000Z,0,74.0,8.77157,-75.34153,[0.3084758921467544,0.9468183404942352,0.0915295256625224]
2009-10-01T00:00:00.000Z,0,180.0,9.27157,-75.34153,[0.30247677302446,0.9488808398211765,0.0901828897350705]
2009-10-01T00:00:00.000Z,0,136.0,9.77157,-75.34153,[0.31288707484182543,0.9454385618866711,0.09081632064000997]
2009-10-01T00:00:00.000Z,0,79.0,10.27157,-75.34153,[0.31660405993369284,0.944158535873691,0.09124981298803218]
2009-10-01T00:00:00.000Z,0,205.0,0.27157,-74.84153,[0.311921445644149,0.9499425844617265,0.017722809411599375]
2009-10-01T00:00:00.000Z,0,239.0,0.77157,-74.84153,[0.3073440676280731,0.9513589268945315,0.021349855079507367]
2009-10-01T00:00:00.000Z,0,226.0,1.27157,-74.84153,[0.30662518655639404,0.9515954065543262,0.021146564590096138]
2009-10-01T00:00:00.000Z,0,258.0,1.77157,-74.84153,[0.30148049799033294,0.9532980173607366,0.018231824582024086]
2009-10-01T00:00:00.000Z,0,576.0,2.27157,-74.84153,[0.22796230962859315,0.9734921079547575,0.018609168132946382]
2009-10-01T00:00:00.000Z,0,1998.0,2.77157,-74.84153,[0.24585810598851862,0.9691105925372676,0.019453821007829386]
2009-10-01T00:00:00.000Z,0,2106.0,3.27157,-74.84153,[0.2463159517230081,0.9689976591367395,0.019287003766990257]
2009-10-01T00:00:00.000Z,0,361.0,3.77157,-74.84153,[0.32214011883721244,0.946442674723283,0.02172572894483526]
2009-10-01T00:00:00.000Z,0,289.0,4.27157,-74.84153,[0.3028869872929922,0.9528064337111535,0.02047859387770433]
2009-10-01T00:00:00.000Z,0,277.0,4.77157,-74.84153,[0.30428075487681416,0.9523748036498711,0.019886065082500452]
2009-10-01T00:00:00.000Z,0,325.0,5.27157,-74.84153,[0.3087530426267755,0.9508190289983655,0.02479380493821076]
2009-10-01T00:00:00.000Z,0,379.0,5.77157,-74.84153,[0.28024024801647707,0.9590692153233219,0.04064041843744926]
2009-10-01T00:00:00.000Z,0,978.0,6.27157,-74.84153,[0.25347054082338377,0.9655509161026355,0.05885671880136199]
2009-10-01T00:00:00.000Z,0,1143.0,6.77157,-74.84153,[0.2689295141113802,0.9601539680522774,0.07603468993349867]
2009-10-01T00:00:00.000Z,0,322.0,7.27157,-74.84153,[0.28962419579723875,0.9530275423969516,0.08863593312889079]
2009-10-01T00:00:00.000Z,0,55.0,7.77157,-74.84153,[0.31445432634298603,0.9444941096992566,0.09512808937210478]
2009-10-01T00:00:00.000Z,0,27.0,8.27157,-74.84153,[0.31994654805691203,0.9426996505248302,0.09461276492540113]
2009-10-01T00:00:00.000Z,0,14.0,8.77157,-74.84153,[0.32277411702122244,0.9419031172861295,0.09292678315664375]
2009-10-01T00:00:00.000Z,0,48.0,9.27157,-74.84153,[0.3217651008457844,0.9423120810483687,0.09227763427827317]
2009-10-01T00:00:00.000Z,0,15.0,9.77157,-74.84153,[0.3210822675839612,0.9425318177464668,0.09241184977416517]
2009-10-01T00:00:00.000Z,0,5.0,10.27157,-74.84153,[0.32977954280985194,0.9394072187787684,0.0935923632058946]
2009-10-01T00:00:00.000Z,0,171.0,-0.72843,-74.34153,[0.32776550326894693,0.9447358623634354,0.006627611279335325]
2009-10-01T00:00:00.000Z,0,219.0,-0.22843,-74.34153,[0.31513495256728036,0.9489590113022238,0.01291342474805773]
2009-10-01T00:00:00.000Z,0,201.0,0.27157,-74.34153,[0.30603278972841436,0.9518434296495928,0.018385239839197515]
2009-10-01T00:00:00.000Z,0,242.0,0.77157,-74.34153,[0.3005447441181313,0.9534522916851061,0.024527214749870484]
2009-10-01T00:00:00.000Z,0,251.0,1.27157,-74.34153,[0.30053247055925436,0.9534133548776345,0.026138264680824037]
2009-10-01T00:00:00.000Z,0,298.0,1.77157,-74.34153,[0.30733204645321077,0.9513217163112745,0.02310855463789409]
2009-10-01T00:00:00.000Z,0,313.0,2.27157,-74.34153,[0.30997912951032136,0.9503623699328069,0.02691291667066356]
2009-10-01T00:00:00.000Z,0,364.0,2.77157,-74.34153,[0.27417184980426174,0.9613818110019566,0.02397520071881423]
2009-10-01T00:00:00.000Z,0,899.0,3.27157,-74.34153,[0.15407640847858098,0.9876987677843363,0.026675915497784166]
2009-10-01T00:00:00.000Z,0,3444.0,3.77157,-74.34153,[0.15076686159555075,0.9882296631145866,0.025913054336735287]
2009-10-01T00:00:00.000Z,0,2263.0,4.27157,-74.34153,[0.17124569849502622,0.9849425795792357,0.023728162144408864]
2009-10-01T00:00:00.000Z,0,2655.0,4.77157,-74.34153,[0.20557625947704938,0.9784110745164383,0.021217228919289056]
2009-10-01T00:00:00.000Z,0,1104.0,5.27157,-74.34153,[0.27212237256304933,0.9620259810112782,0.02134071718440511]
2009-10-01T00:00:00.000Z,0,744.0,5.77157,-74.34153,[0.3004358147025517,0.9532625098080963,0.03207660578027243]
2009-10-01T00:00:00.000Z,0,119.0,6.27157,-74.34153,[0.30942258983223303,0.9497240804704671,0.04776852390475715]
2009-10-01T00:00:00.000Z,0,97.0,6.77157,-74.34153,[0.26929233445866413,0.9609827257899909,0.0631968301027994]
2009-10-01T00:00:00.000Z,0,575.0,7.27157,-74.34153,[0.2577046362893566,0.9626652529156131,0.08284884588145432]
2009-10-01T00:00:00.000Z,0,1234.0,7.77157,-74.34153,[0.29712820990240907,0.9501324126537111,0.09467431174837218]
2009-10-01T00:00:00.000Z,0,715.0,8.27157,-74.34153,[0.3199560328713974,0.9426042838909154,0.09552644146879852]
2009-10-01T00:00:00.000Z,0,14.0,8.77157,-74.34153,[0.33201120242613075,0.9385475686957759,0.09432403065392547]
2009-10-01T00:00:00.000Z,0,37.0,9.27157,-74.34153,[0.3267753593601465,0.9405039912766942,0.09311340884993423]
2009-10-01T00:00:00.000Z,0,95.0,9.77157,-74.34153,[0.3211223209815461,0.9425748702192144,0.091831742870622]
2009-10-01T00:00:00.000Z,0,119.0,10.27157,-74.34153,[0.3186835392718338,0.9433494622648123,0.09237204036864748]
2009-10-01T00:00:00.000Z,0,5.0,10.77157,-74.34153,[0.28909072450830686,0.9529710049009009,0.09095502636704042]
2009-10-01T00:00:00.000Z,0,156.0,-1.22843,-73.84153,[0.32262504518599355,0.9465249487442017,0.001897794383447021]
2009-10-01T00:00:00.000Z,0,195.0,-0.72843,-73.84153,[0.3155177887722664,0.9489079766807712,0.004709220727944274]
2009-10-01T00:00:00.000Z,0,174.0,-0.22843,-73.84153,[0.30332789396066956,0.9528200638535536,0.011230078516864483]
2009-10-01T00:00:00.000Z,0,241.0,0.27157,-73.84153,[0.2996006482125806,0.9539009144239634,0.017677586139746133]
2009-10-01T00:00:00.000Z,0,232.0,0.77157,-73.84153,[0.2975880625082611,0.9543341314920096,0.02622423539344829]
2009-10-01T00:00:00.000Z,0,267.0,1.27157,-73.84153,[0.2975409064799852,0.9541829069875388,0.031692096552274285]
2009-10-01T00:00:00.000Z,0,265.0,1.77157,-73.84153,[0.28067981623323757,0.9592711791746392,0.03190055742731174]
2009-10-01T00:00:00.000Z,0,554.0,2.27157,-73.84153,[0.2671219369753591,0.9632235947713158,0.029089126187570875]
2009-10-01T00:00:00.000Z,0,995.0,2.77157,-73.84153,[0.2990120098367465,0.9535422360935617,0.03672903427915941]
2009-10-01T00:00:00.000Z,0,363.0,3.27157,-73.84153,[0.28202983591301856,0.9584333427915444,0.04318216159830035]
2009-10-01T00:00:00.000Z,0,545.0,3.77157,-73.84153,[0.2114965360995602,0.9763137396163484,0.045614658326337584]
2009-10-01T00:00:00.000Z,0,1499.0,4.27157,-73.84153,[0.1585141866810544,0.9863104949043385,0.0454407335152356]
2009-10-01T00:00:00.000Z,0,3610.0,4.77157,-73.84153,[0.14650662723541827,0.9883383583341708,0.04151021105003517]
2009-10-01T00:00:00.000Z,0,2585.0,5.27157,-73.84153,[0.17437106903714164,0.98403036412043,0.035762728808891475]
2009-10-01T00:00:00.000Z,0,2622.0,5.77157,-73.84153,[0.25132228597234385,0.9673115540091101,0.033844734510942304]
2009-10-01T00:00:00.000Z,0,616.0,6.27157,-73.84153,[0.30769635573653353,0.9507471666016485,0.03745367626006494]
2009-10-01T00:00:00.000Z,0,101.0,6.77157,-73.84153,[0.3318648178421438,0.9414604761479256,0.05931200999731931]
2009-10-01T00:00:00.000Z,0,89.0,7.27157,-73.84153,[0.3323205236488937,0.9394219749792048,0.08396083901376643]
2009-10-01T00:00:00.000Z,0,59.0,7.77157,-73.84153,[0.32379512440276026,0.9412109171707476,0.09632614811981759]
2009-10-01T00:00:00.000Z,0,38.0,8.27157,-73.84153,[0.3312499726424852,0.9383451182328049,0.09890346158257832]
2009-10-01T00:00:00.000Z,0,29.0,8.77157,-73.84153,[0.33758046512043743,0.9363981099630507,0.09590625228156595]
2009-10-01T00:00:00.000Z,0,52.0,9.27157,-73.84153,[0.33766429844160184,0.9366306511542666,0.09330511709587726]
2009-10-01T00:00:00.000Z,0,46.0,9.77157,-73.84153,[0.282128053718916,0.955413727733381,0.08711125164627885]
2009-10-01T00:00:00.000Z,0,931.0,10.27157,-73.84153,[0.15721584075585934,0.9837219750152342,0.08703019756127928]
2009-10-01T00:00:00.000Z,0,2665.0,10.77157,-73.84153,[0.2915745790266345,0.9524769581536726,0.08815843154099419]
2009-10-01T00:00:00.000Z,0,139.0,-1.72843,-73.34153,[0.316914076798122,0.948403381119103,0.00982316695610415]
2009-10-01T00:00:00.000Z,0,199.0,-1.22843,-73.34153,[0.31239108549745664,0.9499476131483997,0.003367784936589681]
2009-10-01T00:00:00.000Z,0,223.0,-0.72843,-73.34153,[0.3116866150301445,0.9501789719389107,0.003372728296967981]
2009-10-01T00:00:00.000Z,0,171.0,-0.22843,-73.34153,[0.3010619896001879,0.9535537541329144,0.00984461258768675]
2009-10-01T00:00:00.000Z,0,209.0,0.27157,-73.34153,[0.2960402050756643,0.9550415811253232,0.015992976596041635]
2009-10-01T00:00:00.000Z,0,237.0,0.77157,-73.34153,[0.2864487039434762,0.9578128538109983,0.023273957195407438]
2009-10-01T00:00:00.000Z,0,249.0,1.27157,-73.34153,[0.28897636972381224,0.956882842937604,0.029459847808419773]
2009-10-01T00:00:00.000Z,0,294.0,1.77157,-73.34153,[0.29686703299248185,0.9542967075888592,0.03446387394510421]
2009-10-01T00:00:00.000Z,0,229.0,2.27157,-73.34153,[0.3063028162587683,0.9512725199281749,0.03548489229865731]
2009-10-01T00:00:00.000Z,0,267.0,2.77157,-73.34153,[0.3075815143370617,0.9507064988600089,0.03937975448709351]
2009-10-01T00:00:00.000Z,0,234.0,3.27157,-73.34153,[0.31477727389999344,0.9478819413304312,0.04934666286326965]
2009-10-01T00:00:00.000Z,0,256.0,3.77157,-73.34153,[0.3125838852939358,0.9484079246986461,0.05304453811048608]
2009-10-01T00:00:00.000Z,0,300.0,4.27157,-73.34153,[0.24682385961573147,0.9676879355962558,0.05155619871412709]
2009-10-01T00:00:00.000Z,0,1229.0,4.77157,-73.34153,[0.18088552244370915,0.9822770775740661,0.04911385387870331]
2009-10-01T00:00:00.000Z,0,2684.0,5.27157,-73.34153,[0.15965330931212882,0.9859505895687956,0.04911472034563963]
2009-10-01T00:00:00.000Z,0,3515.0,5.77157,-73.34153,[0.2287661635058026,0.9725494848528737,0.04258570120646479]
2009-10-01T00:00:00.000Z,0,1301.0,6.27157,-73.34153,[0.23910296010728724,0.9703401682023889,0.035633305219872416]
2009-10-01T00:00:00.000Z,0,1945.0,6.77157,-73.34153,[0.2962958327582894,0.9540725814816918,0.044207338247536775]
2009-10-01T00:00:00.000Z,0,351.0,7.27157,-73.34153,[0.2443616160535858,0.9673116506453006,0.06779064187293025]
2009-10-01T00:00:00.000Z,0,325.0,7.77157,-73.34153,[0.24867305081476207,0.963608071907203,0.09808770337693391]
2009-10-01T00:00:00.000Z,0,1339.0,8.27157,-73.34153,[0.26836816542417224,0.9582931915575593,0.09824808802867765]
2009-10-01T00:00:00.000Z,0,1230.0,8.77157,-73.34153,[0.2817206593208574,0.9548483002391356,0.09433023715784447]
2009-10-01T00:00:00.000Z,0,809.0,9.27157,-73.34153,[0.29443501311241305,0.9514292188416797,0.08994700988806657]
2009-10-01T00:00:00.000Z,0,74.0,9.77157,-73.34153,[0.28448463290363474,0.9547304280245982,0.08693850381535077]
2009-10-01T00:00:00.000Z,0,99.0,10.27157,-73.34153,[0.2414411797296516,0.9668621788264683,0.08296796903437118]
2009-10-01T00:00:00.000Z,0,1426.0,10.77157,-73.34153,[0.3036366761018057,0.9488646128181429,0.08637543323956672]
2009-10-01T00:00:00.000Z,0,146.0,-2.22843,-72.84153,[0.3130613956411833,0.9495810598415229,0.016981559099355698]
2009-10-01T00:00:00.000Z,0,165.0,-1.72843,-72.84153,[0.31308564862907734,0.9496546242549874,0.011552975964172596]
2009-10-01T00:00:00.000Z,0,168.0,-1.22843,-72.84153,[0.31137630342433326,0.9502743482283357,0.004843631386600739]
2009-10-01T00:00:00.000Z,0,178.0,-0.72843,-72.84153,[0.3035327675045088,0.9528190258130258,0.0019398710705175377]
2009-10-01T00:00:00.000Z,0,191.0,-0.22843,-72.84153,[0.30451641846192157,0.9524724066177396,0.008128069816088882]
2009-10-01T00:00:00.000Z,0,247.0,0.27157,-72.84153,[0.2917593121012227,0.956384772100147,0.014306344647434473]
2009-10-01T00:00:00.000Z,0,264.0,0.77157,-72.84153,[0.2855445991152429,0.958135979062475,0.020969681497525646]
2009-10-01T00:00:00.000Z,0,246.0,1.27157,-72.84153,[0.28550076879207265,0.957988907782775,0.027323315763303827]
2009-10-01T00:00:00.000Z,0,259.0,1.77157,-72.84153,[0.29162376820165387,0.9559404602440315,0.03366621880011371]
2009-10-01T00:00:00.000Z,0,271.0,2.27157,-72.84153,[0.3070100942554186,0.9509263968136,0.038519993099462635]
2009-10-01T00:00:00.000Z,0,193.0,2.77157,-72.84153,[0.3089231625312173,0.9499967930471269,0.045525518688810974]
2009-10-01T00:00:00.000Z,0,182.0,3.27157,-72.84153,[0.310884914346674,0.9490171069530048,0.05212581646564533]
2009-10-01T00:00:00.000Z,0,203.0,3.77157,-72.84153,[0.31289665736660194,0.9481003978852675,0.05658018503508854]
2009-10-01T00:00:00.000Z,0,165.0,4.27157,-72.84153,[0.30968076588183185,0.9490596855542069,0.05816817427590302]
2009-10-01T00:00:00.000Z,0,293.0,4.77157,-72.84153,[0.22976569295790855,0.9716459652448869,0.05578390953405939]
2009-10-01T00:00:00.000Z,0,1653.0,5.27157,-72.84153,[0.16755730785427855,0.9840865767262479,0.059145228817219224]
2009-10-01T00:00:00.000Z,0,2686.0,5.77157,-72.84153,[0.16437780595621368,0.9849925891794818,0.052626382837144374]
2009-10-01T00:00:00.000Z,0,2685.0,6.27157,-72.84153,[0.186589478415444,0.9817289550616497,0.0373178956830888]
2009-10-01T00:00:00.000Z,0,1547.0,6.77157,-72.84153,[0.16355298453489578,0.9853070043931524,0.049198865266594664]
2009-10-01T00:00:00.000Z,0,3795.0,7.27157,-72.84153,[0.2283457406109548,0.9710579175465862,0.07003387405335985]
2009-10-01T00:00:00.000Z,0,1328.0,7.77157,-72.84153,[0.2997850436452768,0.9485386146588837,0.10199717695899849]
2009-10-01T00:00:00.000Z,0,973.0,8.27157,-72.84153,[0.340350059493149,0.9344593506225328,0.10463058366043804]
2009-10-01T00:00:00.000Z,0,83.0,8.77157,-72.84153,[0.3467972424178683,0.9324723056620305,0.10112898607570005]
2009-10-01T00:00:00.000Z,0,223.0,10.77157,-72.84153,[0.316449406124524,0.9446945506364467,0.08609285313681904]
2009-10-01T00:00:00.000Z,0,51.0,11.27157,-72.84153,[0.34827593759384484,0.9331853519500583,0.08870721616066223]
2009-10-01T00:00:00.000Z,0,149.0,-2.22843,-72.34153,[0.30661835702400775,0.9516525303189572,0.018510663775893797]
2009-10-01T00:00:00.000Z,0,147.0,-1.72843,-72.34153,[0.3076430811466088,0.9514147139163643,0.012875432655395109]
2009-10-01T00:00:00.000Z,0,145.0,-1.22843,-72.34153,[0.31105171247871016,0.9503720218906716,0.006312857633331757]
2009-10-01T00:00:00.000Z,0,205.0,-0.72843,-72.34153,[0.30325050541938714,0.9529107642204713,4.543078732874714E-4]
2009-10-01T00:00:00.000Z,0,176.0,-0.22843,-72.34153,[0.29891281585559487,0.9542650649578612,0.005414269872101341]
2009-10-01T00:00:00.000Z,0,150.0,0.27157,-72.34153,[0.2955654666220283,0.9552496069533235,0.011800142203541055]
2009-10-01T00:00:00.000Z,0,218.0,0.77157,-72.34153,[0.29553461693900196,0.955149902654569,0.018653515745959817]
2009-10-01T00:00:00.000Z,0,234.0,1.27157,-72.34153,[0.2931169371827557,0.9557184426916671,0.026167144200606163]
2009-10-01T00:00:00.000Z,0,237.0,1.77157,-72.34153,[0.2973342309008634,0.9541828550582843,0.03357728767207469]
2009-10-01T00:00:00.000Z,0,203.0,2.27157,-72.34153,[0.3049879377193851,0.9515166746076696,0.03997969221040629]
2009-10-01T00:00:00.000Z,0,188.0,2.77157,-72.34153,[0.30859213506064115,0.950047696703547,0.04669334178445657]
2009-10-01T00:00:00.000Z,0,220.0,3.27157,-72.34153,[0.3105401487533673,0.9490665220327629,0.05326868469252518]
2009-10-01T00:00:00.000Z,0,180.0,3.77157,-72.34153,[0.316734378906132,0.946670783050298,0.05910805137950864]
2009-10-01T00:00:00.000Z,0,190.0,4.27157,-72.34153,[0.3212902779916213,0.9449016662705616,0.06271681072234969]
2009-10-01T00:00:00.000Z,0,177.0,4.77157,-72.34153,[0.3209670860904146,0.9449366825572281,0.0638341257038026]
2009-10-01T00:00:00.000Z,0,257.0,5.27157,-72.34153,[0.2528096727369447,0.9655925000369415,0.060978629396272306]
2009-10-01T00:00:00.000Z,0,1342.0,5.77157,-72.34153,[0.18522230827714664,0.9809470931783096,0.05861311202717601]
2009-10-01T00:00:00.000Z,0,3317.0,6.27157,-72.34153,[0.18731157591404612,0.9815126577896016,0.03933543094194969]
2009-10-01T00:00:00.000Z,0,3467.0,6.77157,-72.34153,[0.2400600408077992,0.9697947917210594,0.043234693916628514]
2009-10-01T00:00:00.000Z,0,2203.0,7.27157,-72.34153,[0.26171423373142905,0.9632039835047114,0.06118615875364916]
2009-10-01T00:00:00.000Z,0,97.0,11.27157,-72.34153,[0.3536431228893307,0.9313409640475868,0.08683634216152401]
2009-10-01T00:00:00.000Z,0,19.0,11.77157,-72.34153,[0.35021943956901685,0.9327024657966525,0.08609561222738331]
2009-10-01T00:00:00.000Z,0,109.0,-2.22843,-71.84153,[0.3036534795340211,0.9525722117233922,0.020018636798909542]
2009-10-01T00:00:00.000Z,0,140.0,-1.72843,-71.84153,[0.305648237847838,0.9520376593704879,0.014263584432899106]
2009-10-01T00:00:00.000Z,0,153.0,-1.22843,-71.84153,[0.30567228237768224,0.952112553628262,0.006792717386170715]
2009-10-01T00:00:00.000Z,0,136.0,-0.72843,-71.84153,[0.30736694831182204,0.9515899248473014,0.001474453995591766]
2009-10-01T00:00:00.000Z,0,192.0,-0.22843,-71.84153,[0.2946347252972102,0.9556023599943736,0.0038089660304582306]
2009-10-01T00:00:00.000Z,0,216.0,0.27157,-71.84153,[0.29627886075987137,0.9550504185857975,0.009875962025329046]
2009-10-01T00:00:00.000Z,0,215.0,0.77157,-71.84153,[0.2920055928381603,0.9562625902867998,0.017163687517968203]
2009-10-01T00:00:00.000Z,0,232.0,1.27157,-71.84153,[0.28369417235123484,0.9585760120461646,0.025488148297181254]
2009-10-01T00:00:00.000Z,0,233.0,1.77157,-71.84153,[0.29970581087479675,0.9534037681790704,0.034607538916108606]
2009-10-01T00:00:00.000Z,0,159.0,2.27157,-71.84153,[0.3049666000395605,0.9514501042432729,0.0416901906421122]
2009-10-01T00:00:00.000Z,0,186.0,2.77157,-71.84153,[0.30859249926400434,0.9499582533313566,0.0484766575336365]
2009-10-01T00:00:00.000Z,0,222.0,3.27157,-71.84153,[0.3139878916179723,0.9477998810178198,0.055560682680354946]
2009-10-01T00:00:00.000Z,0,206.0,3.77157,-71.84153,[0.31739230492555615,0.9462992795002692,0.06148006499113551]
2009-10-01T00:00:00.000Z,0,189.0,4.27157,-71.84153,[0.3230168960614524,0.9441118837090245,0.06567218511837618]
2009-10-01T00:00:00.000Z,0,149.0,4.77157,-71.84153,[0.3295520321095239,0.9417490552618877,0.06711315106464028]
2009-10-01T00:00:00.000Z,0,172.0,5.27157,-71.84153,[0.33304340495650037,0.9405731326793471,0.0663646931488411]
2009-10-01T00:00:00.000Z,0,213.0,5.77157,-71.84153,[0.32187415892779175,0.9448957317009039,0.05974179464947651]
2009-10-01T00:00:00.000Z,0,412.0,6.27157,-71.84153,[0.31442094191927683,0.9481565369161071,0.046245570445714645]
2009-10-01T00:00:00.000Z,0,325.0,6.77157,-71.84153,[0.3523708522674057,0.934991250601239,0.040325472985114665]
2009-10-01T00:00:00.000Z,0,174.0,11.77157,-71.84153,[0.3575184601402487,0.9300394306741178,0.08489527696113809]
2009-10-01T00:00:00.000Z,0,107.0,-2.22843,-71.34153,[0.3020338302802366,0.9530845311065245,0.020135588685349107]
2009-10-01T00:00:00.000Z,0,121.0,-1.72843,-71.34153,[0.3030385310697902,0.9528878254750069,0.013131669679690906]
2009-10-01T00:00:00.000Z,0,140.0,-1.22843,-71.34153,[0.3037093440835725,0.9527474608843922,0.005736732054911924]
2009-10-01T00:00:00.000Z,0,186.0,-0.72843,-71.34153,[0.30371418611790185,0.9527626505254181,0.001012380620393006]
2009-10-01T00:00:00.000Z,0,201.0,-0.22843,-71.34153,[0.29541502750830007,0.9553610512249553,0.0039017079104869813]
2009-10-01T00:00:00.000Z,0,185.0,0.27157,-71.34153,[0.2980053244736065,0.954513294930499,0.009858822764540365]
2009-10-01T00:00:00.000Z,0,228.0,0.77157,-71.34153,[0.28873188282041057,0.9572572422738227,0.01710181152090124]
2009-10-01T00:00:00.000Z,0,342.0,1.27157,-71.34153,[0.29123994908354295,0.9562936259179936,0.026111167848869368]
2009-10-01T00:00:00.000Z,0,222.0,1.77157,-71.34153,[0.2977622070100396,0.9539626934019759,0.03595619103517459]
2009-10-01T00:00:00.000Z,0,164.0,2.27157,-71.34153,[0.30394585621736636,0.9516806584184204,0.04382739874295358]
2009-10-01T00:00:00.000Z,0,189.0,2.77157,-71.34153,[0.310981656730397,0.9490699449846192,0.05056331381653492]
2009-10-01T00:00:00.000Z,0,209.0,3.27157,-71.34153,[0.31641027770732266,0.9468957019211759,0.05721071441940521]
2009-10-01T00:00:00.000Z,0,171.0,3.77157,-71.34153,[0.3173621186864379,0.9462092797873426,0.0630022576355299]
2009-10-01T00:00:00.000Z,0,165.0,4.27157,-71.34153,[0.3258658679551485,0.9429818156943858,0.06779919890055837]
2009-10-01T00:00:00.000Z,0,131.0,4.77157,-71.34153,[0.32729225483417274,0.9424583542487677,0.06820579471179293]
2009-10-01T00:00:00.000Z,0,146.0,5.27157,-71.34153,[0.3302812699794077,0.9416018751412933,0.06557584487591149]
2009-10-01T00:00:00.000Z,0,151.0,5.77157,-71.34153,[0.3348435497970671,0.9404631109823761,0.05838607745558968]
2009-10-01T00:00:00.000Z,0,157.0,6.27157,-71.34153,[0.33925291297833227,0.9396573488968196,0.04417609874034399]
2009-10-01T00:00:00.000Z,0,154.0,6.77157,-71.34153,[0.34509219444873845,0.9379112856267499,0.03512545550638945]
2009-10-01T00:00:00.000Z,0,97.0,-2.22843,-70.84153,[0.30011272832136826,0.9536915588879036,0.0201186680837658]
2009-10-01T00:00:00.000Z,0,137.0,-1.72843,-70.84153,[0.30111301349668257,0.9535245427394948,0.011040810494878362]
2009-10-01T00:00:00.000Z,0,114.0,-1.22843,-70.84153,[0.29681626862000876,0.9549257481070695,0.004113184246794129]
2009-10-01T00:00:00.000Z,0,155.0,-0.72843,-70.84153,[0.3003802955834693,0.9538195206773594,0.0]
2009-10-01T00:00:00.000Z,0,183.0,-0.22843,-70.84153,[0.29611629280142726,0.9551420271564832,0.004341554668893106]
2009-10-01T00:00:00.000Z,0,193.0,0.27157,-70.84153,[0.2961051964293083,0.9551062350990471,0.009684643642612716]
2009-10-01T00:00:00.000Z,0,250.0,0.77157,-70.84153,[0.2979782912469783,0.9544267073023516,0.01669126518639089]
2009-10-01T00:00:00.000Z,0,316.0,1.27157,-70.84153,[0.298554645058922,0.954028001128134,0.02637606826648371]
2009-10-01T00:00:00.000Z,0,186.0,1.77157,-70.84153,[0.3010897189356121,0.9528869382044652,0.036762265308243273]
2009-10-01T00:00:00.000Z,0,191.0,2.27157,-70.84153,[0.3036449342361288,0.9517229282027917,0.04498023839244147]
2009-10-01T00:00:00.000Z,0,160.0,2.77157,-70.84153,[0.3126671868642963,0.9483853417064632,0.05295728367922951]
2009-10-01T00:00:00.000Z,0,240.0,3.27157,-70.84153,[0.32057397728900555,0.9453422395967754,0.05966887898444993]
2009-10-01T00:00:00.000Z,0,186.0,3.77157,-70.84153,[0.3201388862144258,0.9451159030521469,0.06532245656213469]
2009-10-01T00:00:00.000Z,0,176.0,4.27157,-70.84153,[0.3207684472122502,0.9446159052096044,0.0693425907944129]
2009-10-01T00:00:00.000Z,0,146.0,4.77157,-70.84153,[0.32611341976165437,0.9427642498564189,0.06961039178185131]
2009-10-01T00:00:00.000Z,0,123.0,5.27157,-70.84153,[0.3286919941773938,0.9421712757287029,0.06538241472626136]
2009-10-01T00:00:00.000Z,0,120.0,5.77157,-70.84153,[0.32881857939975445,0.9426921143223176,0.05665615091096488]
2009-10-01T00:00:00.000Z,0,126.0,6.27157,-70.84153,[0.3326398778413537,0.9420836540292624,0.04276798429388833]
2009-10-01T00:00:00.000Z,0,122.0,6.77157,-70.84153,[0.33826937178932687,0.9404368350455046,0.03394689085687217]
2009-10-01T00:00:00.000Z,0,97.0,-3.72843,-70.34153,[0.2872051332991672,0.9573504443305573,0.03151726743694981]
2009-10-01T00:00:00.000Z,0,132.0,-2.22843,-70.34153,[0.29916952785881684,0.9540183832831158,0.0186149928445486]
2009-10-01T00:00:00.000Z,0,129.0,-1.72843,-70.34153,[0.30016359853998964,0.9538532131381894,0.008115534330896016]
2009-10-01T00:00:00.000Z,0,144.0,-1.22843,-70.34153,[0.2958739899020678,0.9552186490471253,0.003989312223398667]
2009-10-01T00:00:00.000Z,0,134.0,-0.72843,-70.34153,[0.29681877212655255,0.954933802459583,2.2233615889629405E-4]
2009-10-01T00:00:00.000Z,0,170.0,-0.22843,-70.34153,[0.29776492834226687,0.954632129816406,0.003680240687376332]
2009-10-01T00:00:00.000Z,0,177.0,0.27157,-70.34153,[0.29941095175293536,0.954093107451518,0.007708714802594231]
2009-10-01T00:00:00.000Z,0,190.0,0.77157,-70.34153,[0.3003549106715913,0.953738914110165,0.013000436432053952]
2009-10-01T00:00:00.000Z,0,195.0,1.27157,-70.34153,[0.3012634372449728,0.9532514730736451,0.023494051635895262]
2009-10-01T00:00:00.000Z,0,216.0,1.77157,-70.34153,[0.30214473817834586,0.9526578498533667,0.03393491275809034]
2009-10-01T00:00:00.000Z,0,168.0,2.27157,-70.34153,[0.30567787881511715,0.9511241062016843,0.0438630710864815]
2009-10-01T00:00:00.000Z,0,193.0,2.77157,-70.34153,[0.3140294197416877,0.9478397137990867,0.05463881845322405]
2009-10-01T00:00:00.000Z,0,177.0,3.27157,-70.34153,[0.31943103302247555,0.9455158577465277,0.06295695269024791]
2009-10-01T00:00:00.000Z,0,174.0,3.77157,-70.34153,[0.31968462393504027,0.9450018004233609,0.06908935096032007]
2009-10-01T00:00:00.000Z,0,118.0,4.27157,-70.34153,[0.31854788754096897,0.9451420839127651,0.07234420889208819]
2009-10-01T00:00:00.000Z,0,116.0,4.77157,-70.34153,[0.3175236560958947,0.9455924263954667,0.07094850923754424]
2009-10-01T00:00:00.000Z,0,124.0,5.27157,-70.34153,[0.32181244079917565,0.9445253226344036,0.06564044370091489]
2009-10-01T00:00:00.000Z,0,105.0,5.77157,-70.34153,[0.32585231915597435,0.9436870031470512,0.05722854350768009]
2009-10-01T00:00:00.000Z,0,104.0,6.27157,-70.34153,[0.3232228880635969,0.9452525467471377,0.04499541643187482]
2009-10-01T00:00:00.000Z,0,109.0,6.77157,-70.34153,[0.33159712298845917,0.9426832496386195,0.03730467633620165]
2009-10-01T00:00:00.000Z,0,140.0,-3.72843,-69.84153,[0.2912755526709955,0.9561201227081376,0.031509734508274975]
2009-10-01T00:00:00.000Z,0,128.0,-3.22843,-69.84153,[0.293123566446538,0.9556482073368544,0.0285495815646814]
2009-10-01T00:00:00.000Z,0,61.0,-2.72843,-69.84153,[0.29662517647044934,0.9546936235289648,0.02394973647057702]
2009-10-01T00:00:00.000Z,0,111.0,-2.22843,-69.84153,[0.2940388167977843,0.955626154592799,0.017883704155984642]
2009-10-01T00:00:00.000Z,0,145.0,-1.72843,-69.84153,[0.2959358093817725,0.955165951922512,0.008944328567135661]
2009-10-01T00:00:00.000Z,0,68.0,-1.22843,-69.84153,[0.29688279000934814,0.954899123089769,0.005317303701659966]
2009-10-01T00:00:00.000Z,0,122.0,-0.72843,-69.84153,[0.2984647498890393,0.9544189949809951,0.00178187910381516]
2009-10-01T00:00:00.000Z,0,188.0,0.77157,-69.84153,[0.30304595233995546,0.9529111612467489,0.0111116849191317]
2009-10-01T00:00:00.000Z,0,195.0,1.77157,-69.84153,[0.3065716933873083,0.951507700216905,0.025434096043984097]
2009-10-01T00:00:00.000Z,0,182.0,2.27157,-69.84153,[0.3098567262225144,0.9500754031969745,0.0366815683248712]
2009-10-01T00:00:00.000Z,0,180.0,2.77157,-69.84153,[0.3133863336992891,0.9481945481157977,0.052116262087720605]
2009-10-01T00:00:00.000Z,0,198.0,3.27157,-69.84153,[0.3138444800432912,0.9472815075299338,0.06449331622867632]
2009-10-01T00:00:00.000Z,0,149.0,3.77157,-69.84153,[0.3129965533572108,0.9470447184300902,0.07169001939027293]
2009-10-01T00:00:00.000Z,0,188.0,4.27157,-69.84153,[0.3156965327284217,0.9459332006294833,0.07447200259234563]
2009-10-01T00:00:00.000Z,0,143.0,4.77157,-69.84153,[0.3119402073203312,0.9472890119360057,0.07305364414082756]
2009-10-01T00:00:00.000Z,0,100.0,5.27157,-69.84153,[0.31203968887794886,0.9475490918674712,0.06915165266342822]
2009-10-01T00:00:00.000Z,0,112.0,5.77157,-69.84153,[0.31291452357658683,0.9478797611991501,0.060070452336235286]
2009-10-01T00:00:00.000Z,0,98.0,6.27157,-69.84153,[0.32037576942053403,0.9461457075333036,0.04655820534025027]
2009-10-01T00:00:00.000Z,0,169.0,0.77157,-69.34153,[0.3037474760402749,0.9527134857351794,0.008630463341365744]
2009-10-01T00:00:00.000Z,0,182.0,1.77157,-69.34153,[0.3100297637285983,0.9505308140689992,0.019305882723026267]
2009-10-01T00:00:00.000Z,0,167.0,2.27157,-69.34153,[0.31267356087900117,0.9494321264647044,0.028528609569251934]
2009-10-01T00:00:00.000Z,0,128.0,2.77157,-69.34153,[0.3124654297717039,0.9488001371169986,0.046299622075661226]
2009-10-01T00:00:00.000Z,0,182.0,3.27157,-69.34153,[0.31384852401763924,0.947272734899955,0.06460239691457975]
2009-10-01T00:00:00.000Z,0,123.0,3.77157,-69.34153,[0.31092543856321725,0.9475822889545669,0.0735742979164243]
2009-10-01T00:00:00.000Z,0,172.0,4.27157,-69.34153,[0.31258266186520445,0.9468744866719697,0.07563587767030312]
2009-10-01T00:00:00.000Z,0,142.0,4.77157,-69.34153,[0.30988532302647115,0.947817746253126,0.07491733084156445]
2009-10-01T00:00:00.000Z,0,117.0,5.27157,-69.34153,[0.3143461484589826,0.9464676760874093,0.07338553720387885]
2009-10-01T00:00:00.000Z,0,83.0,5.77157,-69.34153,[0.320749517616199,0.944941924200241,0.06484216866917404]
2009-10-01T00:00:00.000Z,0,139.0,1.77157,-68.84153,[0.3090510365042033,0.9509262661667793,0.015056332547640675]
2009-10-01T00:00:00.000Z,0,178.0,2.27157,-68.84153,[0.30999340679040277,0.9504193460936524,0.024640501565390986]
2009-10-01T00:00:00.000Z,0,155.0,2.77157,-68.84153,[0.31422441238918447,0.9483864083019022,0.04273452008492909]
2009-10-01T00:00:00.000Z,0,154.0,3.27157,-68.84153,[0.31732186071870805,0.9462377507352088,0.06277703237323178]
2009-10-01T00:00:00.000Z,0,118.0,3.77157,-68.84153,[0.3170405297469556,0.945398835996337,0.07554034282779448]
2009-10-01T00:00:00.000Z,0,168.0,4.27157,-68.84153,[0.32146791122615254,0.9436638684380608,0.07846582349283508]
2009-10-01T00:00:00.000Z,0,130.0,4.77157,-68.84153,[0.3197411609306296,0.9442715580001686,0.07821006814130507]
2009-10-01T00:00:00.000Z,0,118.0,5.27157,-68.84153,[0.3198018569703543,0.9443968195009018,0.07642918025789695]
2009-10-01T00:00:00.000Z,0,76.0,5.77157,-68.84153,[0.33270032874653044,0.940495628965457,0.06912642872896109]
2009-10-01T00:00:00.000Z,0,140.0,1.77157,-68.34153,[0.30540253286904817,0.9521373083564443,0.012799959098188046]
2009-10-01T00:00:00.000Z,0,115.0,2.27157,-68.34153,[0.30832375353132474,0.9510427544587554,0.021310612376429797]
2009-10-01T00:00:00.000Z,0,126.0,2.77157,-68.34153,[0.31328604395374887,0.9489719076853557,0.03611333670303214]
2009-10-01T00:00:00.000Z,0,132.0,3.27157,-68.34153,[0.31745745132525705,0.9466420750709831,0.05558370537644392]
2009-10-01T00:00:00.000Z,0,110.0,3.77157,-68.34153,[0.32508666735080227,0.9427513353173266,0.07442162634709437]
2009-10-01T00:00:00.000Z,0,121.0,4.27157,-68.34153,[0.33130070028081865,0.9400511036236656,0.08089356321344371]
2009-10-01T00:00:00.000Z,0,109.0,4.77157,-68.34153,[0.33602494729017574,0.9382668422574273,0.08211313852795141]
2009-10-01T00:00:00.000Z,0,89.0,5.27157,-68.34153,[0.34101761985417706,0.9365976883318948,0.08057141652188479]
2009-10-01T00:00:00.000Z,0,65.0,5.77157,-68.34153,[0.3474745842570803,0.934670310266432,0.07518526718593967]
2009-10-01T00:00:00.000Z,0,136.0,2.27157,-67.84153,[0.31072253173765346,0.9503119766282979,0.01893819810225844]
2009-10-01T00:00:00.000Z,0,120.0,2.77157,-67.84153,[0.31883842776809357,0.9473069532604369,0.030847905646876925]
2009-10-01T00:00:00.000Z,0,103.0,3.27157,-67.84153,[0.3255099085297587,0.9439787347363002,0.05429040260121332]
2009-10-01T00:00:00.000Z,0,95.0,3.77157,-67.84153,[0.33261668807297934,0.9400549659367536,0.07525157694700738]
2009-10-01T00:00:00.000Z,0,110.0,4.27157,-67.84153,[0.3372930062904793,0.9377224004671482,0.08312717708222805]
2009-10-01T00:00:00.000Z,0,101.0,4.77157,-67.84153,[0.34981755371349427,0.9328468099026513,0.08616558691469227]
2009-10-01T00:00:00.000Z,0,80.0,5.77157,-67.84153,[0.36049946659250665,0.9293152339495414,0.08008327250947725]
2009-10-01T00:00:00.000Z,0,54.0,6.27157,-67.84153,[0.35344326485662686,0.9331391387045201,0.0657967046688115]
2009-10-01T00:00:00.000Z,0,114.0,2.27157,-67.34153,[0.317897844396242,0.9479759460592972,0.01680970616052071]
