2005-08-01T00:00:00.000Z,0,10.0,1.77157,-78.84153,[0.2922117507351315,0.9563293660422485,0.006814424226629548]
2005-08-01T00:00:00.000Z,0,235.0,1.27157,-78.34153,[0.30538288479191095,0.9522174990361949,0.0048091792880615904]
2005-08-01T00:00:00.000Z,0,57.0,1.77157,-78.34153,[0.29833810799697985,0.9544488689434628,0.00466153293745281]
2005-08-01T00:00:00.000Z,0,1772.0,1.27157,-77.84153,[0.2954105610681851,0.9553703251566836,3.7711986519342773E-4]
2005-08-01T00:00:00.000Z,0,528.0,1.77157,-77.84153,[0.31586172899141907,0.9488047303294364,9.756346841433794E-4]
2005-08-01T00:00:00.000Z,0,116.0,2.27157,-77.84153,[0.2999158603366918,0.9539631403786313,0.002191692825537363]
2005-08-01T00:00:00.000Z,0,167.0,7.27157,-77.84153,[0.2513139913898925,0.9628531933497527,0.09876743283018409]
2005-08-01T00:00:00.000Z,0,2201.0,0.77157,-77.34153,[0.2052908562814163,0.9786821953541732,0.006068346066180229]
2005-08-01T00:00:00.000Z,0,2447.0,1.27157,-77.34153,[0.27756241090253553,0.9606893154053777,0.005928517514423089]
2005-08-01T00:00:00.000Z,0,1706.0,1.77157,-77.34153,[0.25442646751178943,0.9670801953891995,0.0048029486213960245]
2005-08-01T00:00:00.000Z,0,2096.0,2.27157,-77.34153,[0.3109350586669141,0.9504290254798387,0.0020141542261824397]
2005-08-01T00:00:00.000Z,0,57.0,2.77157,-77.34153,[0.307002520961347,0.9517078149801758,0.0012988568194518529]
2005-08-01T00:00:00.000Z,0,74.0,3.27157,-77.34153,[0.28359840562670235,0.958937799570445,0.00320013765104061]
2005-08-01T00:00:00.000Z,0,28.0,4.27157,-77.34153,[0.2697739047941998,0.9624366333198481,0.03062298378744971]
2005-08-01T00:00:00.000Z,0,14.0,5.27157,-77.34153,[0.25863374758520963,0.9637186070734597,0.06599265861003563]
2005-08-01T00:00:00.000Z,0,499.0,6.27157,-77.34153,[0.2722260428399515,0.958108064839048,0.089005155412906]
2005-08-01T00:00:00.000Z,0,695.0,6.77157,-77.34153,[0.28340476001053183,0.9540572455316378,0.09724461040056036]
2005-08-01T00:00:00.000Z,0,345.0,7.27157,-77.34153,[0.28080510569092576,0.9543070066967477,0.10220875494497297]
2005-08-01T00:00:00.000Z,0,279.0,0.27157,-76.84153,[0.2908545397485454,0.9567257839388325,0.008911288026338412]
2005-08-01T00:00:00.000Z,0,485.0,0.77157,-76.84153,[0.21520935425035026,0.9765279947197975,0.008832291417210906]
2005-08-01T00:00:00.000Z,0,3335.0,1.27157,-76.84153,[0.17988691509584237,0.9836369612687551,0.00995119104785511]
2005-08-01T00:00:00.000Z,0,2008.0,1.77157,-76.84153,[0.1911357431378342,0.9815078701672567,0.01046080756362471]
2005-08-01T00:00:00.000Z,0,1013.0,2.27157,-76.84153,[0.2359893882407315,0.9717210104030121,0.008202839698207245]
2005-08-01T00:00:00.000Z,0,2856.0,2.77157,-76.84153,[0.27438519776457443,0.9615953976203948,0.00685962994411436]
2005-08-01T00:00:00.000Z,0,1911.0,3.27157,-76.84153,[0.26922802685010816,0.9630535586003869,0.006641748680002669]
2005-08-01T00:00:00.000Z,0,794.0,3.77157,-76.84153,[0.28314398208756786,0.9590360683611169,0.008905334920496086]
2005-08-01T00:00:00.000Z,0,70.0,4.27157,-76.84153,[0.2885197019774776,0.9573105820402129,0.0176870315388492]
2005-08-01T00:00:00.000Z,0,24.0,4.77157,-76.84153,[0.28384062804251087,0.9576912793495406,0.04755955561475659]
2005-08-01T00:00:00.000Z,0,133.0,5.27157,-76.84153,[0.2884679777925875,0.9553445196096717,0.06405524677979889]
2005-08-01T00:00:00.000Z,0,76.0,5.77157,-76.84153,[0.281772803181028,0.9560540248009977,0.08102338581742399]
2005-08-01T00:00:00.000Z,0,38.0,6.27157,-76.84153,[0.27532312979747986,0.9570756416769538,0.0905725692865519]
2005-08-01T00:00:00.000Z,0,20.0,6.77157,-76.84153,[0.2939545365205455,0.9506378784834245,0.09938991121600331]
2005-08-01T00:00:00.000Z,0,15.0,7.27157,-76.84153,[0.29102117974590874,0.9510352515470074,0.10410870882985718]
2005-08-01T00:00:00.000Z,0,8.0,7.77157,-76.84153,[0.3036236088134981,0.9464604069607577,0.10966039497806195]
2005-08-01T00:00:00.000Z,0,294.0,0.77157,-76.34153,[0.2795900973760338,0.9600084759460275,0.014598067031138046]
2005-08-01T00:00:00.000Z,0,1412.0,1.27157,-76.34153,[0.20909060188598325,0.9778060499962158,0.013283402943344819]
2005-08-01T00:00:00.000Z,0,2388.0,1.77157,-76.34153,[0.15261372845224302,0.9881738917282735,0.014879838524093693]
2005-08-01T00:00:00.000Z,0,3852.0,2.27157,-76.34153,[0.16417945446040585,0.9863396456428998,0.013386940132925402]
2005-08-01T00:00:00.000Z,0,2450.0,2.77157,-76.34153,[0.23462387016091438,0.972013176380931,0.011917402928808348]
2005-08-01T00:00:00.000Z,0,990.0,3.27157,-76.34153,[0.23736226626416312,0.9713594280964214,0.010955181519884453]
2005-08-01T00:00:00.000Z,0,962.0,3.77157,-76.34153,[0.2534237416539494,0.9672934364538067,0.010946001986931147]
2005-08-01T00:00:00.000Z,0,1899.0,4.27157,-76.34153,[0.21455986449834394,0.9765791770723593,0.01603669090322674]
2005-08-01T00:00:00.000Z,0,1358.0,4.77157,-76.34153,[0.24606870024914196,0.968615883707986,0.03512071449010481]
2005-08-01T00:00:00.000Z,0,407.0,5.27157,-76.34153,[0.23056552071460532,0.9712711790489654,0.05892229973817691]
2005-08-01T00:00:00.000Z,0,480.0,5.77157,-76.34153,[0.2270431190702291,0.9706093340252293,0.07980565635318553]
2005-08-01T00:00:00.000Z,0,1095.0,6.27157,-76.34153,[0.21955468161063638,0.971529466127066,0.08902942339311305]
2005-08-01T00:00:00.000Z,0,1485.0,6.77157,-76.34153,[0.2416701123815917,0.9656063601380042,0.09591618238078284]
2005-08-01T00:00:00.000Z,0,827.0,7.27157,-76.34153,[0.27568779580307246,0.9556450471118361,0.10362810031965292]
2005-08-01T00:00:00.000Z,0,201.0,7.77157,-76.34153,[0.29620697458446293,0.9487531667141444,0.11013108942256912]
2005-08-01T00:00:00.000Z,0,165.0,8.27157,-76.34153,[0.3034896638313177,0.9461736578270493,0.11246969894925303]
2005-08-01T00:00:00.000Z,0,99.0,8.77157,-76.34153,[0.3202659079277323,0.940135407142698,0.116512507722813]
2005-08-01T00:00:00.000Z,0,267.0,0.27157,-75.84153,[0.3040621550085571,0.9523226694868008,0.025054721572705104]
2005-08-01T00:00:00.000Z,0,241.0,0.77157,-75.84153,[0.29614871305529905,0.9549285033211683,0.020186463298055075]
2005-08-01T00:00:00.000Z,0,250.0,1.27157,-75.84153,[0.247957491771732,0.9686221230294753,0.016978370126241746]
2005-08-01T00:00:00.000Z,0,1712.0,1.77157,-75.84153,[0.2663355691194748,0.9636973008236069,0.018785020817122376]
2005-08-01T00:00:00.000Z,0,1262.0,2.27157,-75.84153,[0.24342433146477413,0.969749904267776,0.018158139320075043]
2005-08-01T00:00:00.000Z,0,2705.0,2.77157,-75.84153,[0.1980557302572913,0.9800564200473706,0.01622779209204903]
2005-08-01T00:00:00.000Z,0,1867.0,3.27157,-75.84153,[0.16939195070611646,0.9854407643268236,0.014589963637461126]
2005-08-01T00:00:00.000Z,0,3782.0,3.77157,-75.84153,[0.18688082751994392,0.9822923496517051,0.013315258960796002]
2005-08-01T00:00:00.000Z,0,2035.0,4.27157,-75.84153,[0.24025916967661648,0.9705992327234456,0.014582894875894132]
2005-08-01T00:00:00.000Z,0,1185.0,4.77157,-75.84153,[0.24219587041125157,0.969964924915305,0.022565566462706854]
2005-08-01T00:00:00.000Z,0,1530.0,5.27157,-75.84153,[0.2615543367783991,0.9639443867185132,0.048995389847221245]
2005-08-01T00:00:00.000Z,0,1704.0,5.77157,-75.84153,[0.25473905579841,0.9637418465673836,0.07943341001004607]
2005-08-01T00:00:00.000Z,0,488.0,6.27157,-75.84153,[0.20343795230067993,0.975138341195438,0.08785337269744448]
2005-08-01T00:00:00.000Z,0,896.0,6.77157,-75.84153,[0.20594082425519653,0.9739284813735335,0.09514037037206213]
2005-08-01T00:00:00.000Z,0,2421.0,7.27157,-75.84153,[0.25048201449584,0.9628232709101697,0.10114400332173792]
2005-08-01T00:00:00.000Z,0,131.0,7.77157,-75.84153,[0.3071433109662925,0.9450563414347461,0.11194417377709194]
2005-08-01T00:00:00.000Z,0,43.0,8.27157,-75.84153,[0.30875097706713756,0.94428218533672,0.11403503240581869]
2005-08-01T00:00:00.000Z,0,10.0,8.77157,-75.84153,[0.313798556671397,0.9425244418007787,0.11479609069597509]
2005-08-01T00:00:00.000Z,0,155.0,9.27157,-75.84153,[0.3301044939198544,0.9364666494180267,0.11858008948255765]
2005-08-01T00:00:00.000Z,0,228.0,0.27157,-75.34153,[0.30085003503708957,0.9530929109974998,0.033213843868094686]
2005-08-01T00:00:00.000Z,0,189.0,0.77157,-75.34153,[0.2965908344640273,0.9543527657350555,0.035279958131809695]
2005-08-01T00:00:00.000Z,0,244.0,1.27157,-75.34153,[0.2906008904777345,0.9562095690823379,0.03484799060085696]
2005-08-01T00:00:00.000Z,0,1357.0,1.77157,-75.34153,[0.23953321997076318,0.970479953077422,0.02815132688316186]
2005-08-01T00:00:00.000Z,0,2437.0,2.27157,-75.34153,[0.304543060800487,0.9522138235888529,0.023288587002390178]
2005-08-01T00:00:00.000Z,0,485.0,2.77157,-75.34153,[0.3794650111026118,0.9249459645626162,0.021937820954369743]
2005-08-01T00:00:00.000Z,0,694.0,3.27157,-75.34153,[0.3911553436769307,0.9201040470582348,0.020150426795478252]
2005-08-01T00:00:00.000Z,0,442.0,3.77157,-75.34153,[0.28718702548484965,0.9577232478838651,0.017023303320595158]
2005-08-01T00:00:00.000Z,0,2270.0,4.27157,-75.34153,[0.13914232097862275,0.9901466948210923,0.015777745325254545]
2005-08-01T00:00:00.000Z,0,4229.0,4.77157,-75.34153,[0.17692218625713466,0.9840573889204024,0.01815476028913081]
2005-08-01T00:00:00.000Z,0,3209.0,5.27157,-75.34153,[0.19915733410669467,0.9794813917177205,0.030863563472674903]
2005-08-01T00:00:00.000Z,0,1992.0,5.77157,-75.34153,[0.2231059004233983,0.9731214805701415,0.05708188197002903]
2005-08-01T00:00:00.000Z,0,2185.0,6.27157,-75.34153,[0.22272970453245394,0.9716015172206537,0.07988723586036486]
2005-08-01T00:00:00.000Z,0,2092.0,6.77157,-75.34153,[0.24401914327219998,0.9654207153039877,0.09174693552723326]
2005-08-01T00:00:00.000Z,0,869.0,7.27157,-75.34153,[0.2978076973530183,0.948777682645118,0.10550584965703586]
2005-08-01T00:00:00.000Z,0,83.0,7.77157,-75.34153,[0.31489639609983566,0.942431866463666,0.11252749351667965]
2005-08-01T00:00:00.000Z,0,30.0,8.27157,-75.34153,[0.3209274255050124,0.9399404668705523,0.11626481109042798]
2005-08-01T00:00:00.000Z,0,74.0,8.77157,-75.34153,[0.31919655641258116,0.9403668334600862,0.11757455890880686]
2005-08-01T00:00:00.000Z,0,180.0,9.27157,-75.34153,[0.3151127810125238,0.9419007490628893,0.11630526281007697]
2005-08-01T00:00:00.000Z,0,136.0,9.77157,-75.34153,[0.3219853697324381,0.9396948910985693,0.11532100121622782]
2005-08-01T00:00:00.000Z,0,79.0,10.27157,-75.34153,[0.31486432742980036,0.9423519550479078,0.11328392705748333]
2005-08-01T00:00:00.000Z,0,205.0,0.27157,-74.84153,[0.29799212965419186,0.9538141660015701,0.03793715064272242]
2005-08-01T00:00:00.000Z,0,239.0,0.77157,-74.84153,[0.29143949558105225,0.9557327587880662,0.04047115262522305]
2005-08-01T00:00:00.000Z,0,226.0,1.27157,-74.84153,[0.2914532106712891,0.955777735399774,0.03929308467754626]
2005-08-01T00:00:00.000Z,0,258.0,1.77157,-74.84153,[0.3001433817506228,0.9533242658062814,0.032966568159494634]
2005-08-01T00:00:00.000Z,0,576.0,2.27157,-74.84153,[0.23086952158359875,0.972599261139416,0.027385054953799212]
2005-08-01T00:00:00.000Z,0,1998.0,2.77157,-74.84153,[0.262273183529411,0.9646978978334275,0.023890230578916646]
2005-08-01T00:00:00.000Z,0,2106.0,3.27157,-74.84153,[0.2772514922886498,0.9605253121469336,0.022863393202950267]
2005-08-01T00:00:00.000Z,0,361.0,3.77157,-74.84153,[0.36886810064869224,0.9291563898915922,0.024591206709912817]
2005-08-01T00:00:00.000Z,0,289.0,4.27157,-74.84153,[0.3365014347095189,0.9414028232944874,0.022967558242078273]
2005-08-01T00:00:00.000Z,0,277.0,4.77157,-74.84153,[0.34060752246832376,0.9399207585671683,0.02314051106845864]
2005-08-01T00:00:00.000Z,0,325.0,5.27157,-74.84153,[0.3408904167666907,0.939649967987889,0.02918323863094916]
2005-08-01T00:00:00.000Z,0,379.0,5.77157,-74.84153,[0.3010363723193159,0.9524978967915855,0.046096194511395246]
2005-08-01T00:00:00.000Z,0,978.0,6.27157,-74.84153,[0.2650574757680123,0.9619377558080779,0.06648525017180976]
2005-08-01T00:00:00.000Z,0,1143.0,6.77157,-74.84153,[0.27787866971525343,0.956649491391248,0.08720777223474753]
2005-08-01T00:00:00.000Z,0,322.0,7.27157,-74.84153,[0.30043449581725196,0.9480377423566618,0.10470698539408671]
2005-08-01T00:00:00.000Z,0,55.0,7.77157,-74.84153,[0.32547118184522894,0.9384610755678684,0.11558252217471911]
2005-08-01T00:00:00.000Z,0,27.0,8.27157,-74.84153,[0.33346372270098473,0.9350975720496144,0.11997698274801162]
2005-08-01T00:00:00.000Z,0,14.0,8.77157,-74.84153,[0.33996092273283013,0.9325316977740826,0.1217012886588708]
2005-08-01T00:00:00.000Z,0,48.0,9.27157,-74.84153,[0.33933871406787836,0.9328858724723207,0.12071945193843339]
2005-08-01T00:00:00.000Z,0,15.0,9.77157,-74.84153,[0.3272330093309788,0.9376037997852159,0.11754859519584453]
2005-08-01T00:00:00.000Z,0,5.0,10.27157,-74.84153,[0.33280708198121595,0.9355835451499918,0.11799523815697656]
2005-08-01T00:00:00.000Z,0,171.0,-0.72843,-74.34153,[0.3168531666802743,0.9480937166425328,0.02687703904136179]
2005-08-01T00:00:00.000Z,0,219.0,-0.22843,-74.34153,[0.3026301922002736,0.9525014017458809,0.03400068294839727]
2005-08-01T00:00:00.000Z,0,201.0,0.27157,-74.34153,[0.29493330767140635,0.9546837188078454,0.03991667658042729]
2005-08-01T00:00:00.000Z,0,242.0,0.77157,-74.34153,[0.2901767118525225,0.9559450547722212,0.044345553948429844]
2005-08-01T00:00:00.000Z,0,251.0,1.27157,-74.34153,[0.29333299242688166,0.9550922233419268,0.0418879513185587]
2005-08-01T00:00:00.000Z,0,298.0,1.77157,-74.34153,[0.30098389227009875,0.9531156588553127,0.03129276975189122]
2005-08-01T00:00:00.000Z,0,313.0,2.27157,-74.34153,[0.3104756682983468,0.9499813277017144,0.03376886750814688]
2005-08-01T00:00:00.000Z,0,364.0,2.77157,-74.34153,[0.2795007677377208,0.959701751170227,0.029186805834558453]
2005-08-01T00:00:00.000Z,0,899.0,3.27157,-74.34153,[0.15481320267484244,0.9873912926505699,0.03303494324793882]
2005-08-01T00:00:00.000Z,0,3444.0,3.77157,-74.34153,[0.14948113122680154,0.9883049998466219,0.030143302495321964]
2005-08-01T00:00:00.000Z,0,2263.0,4.27157,-74.34153,[0.17166356019038143,0.9847456932542826,0.028417278545029356]
2005-08-01T00:00:00.000Z,0,2655.0,4.77157,-74.34153,[0.21392616824450095,0.9764694453740931,0.027258334340831573]
2005-08-01T00:00:00.000Z,0,1104.0,5.27157,-74.34153,[0.2921348921002745,0.9559698704907355,0.02790719497705874]
2005-08-01T00:00:00.000Z,0,744.0,5.77157,-74.34153,[0.3177477327739221,0.9473806940270444,0.03880977843105838]
2005-08-01T00:00:00.000Z,0,119.0,6.27157,-74.34153,[0.323021702058465,0.9447516447301341,0.0556894045484307]
2005-08-01T00:00:00.000Z,0,97.0,6.77157,-74.34153,[0.28246790002843986,0.9563873780490483,0.07439804138544341]
2005-08-01T00:00:00.000Z,0,575.0,7.27157,-74.34153,[0.27375092871763257,0.9564791485314874,0.10103498132188929]
2005-08-01T00:00:00.000Z,0,1234.0,7.77157,-74.34153,[0.31225290029974695,0.9425626581538831,0.11863288628488529]
2005-08-01T00:00:00.000Z,0,715.0,8.27157,-74.34153,[0.3437583909906423,0.9306629609746658,0.12528615922516093]
2005-08-01T00:00:00.000Z,0,14.0,8.77157,-74.34153,[0.3576175257731875,0.9251675240139117,0.12718002111114723]
2005-08-01T00:00:00.000Z,0,37.0,9.27157,-74.34153,[0.34326329021736446,0.9310263976772727,0.12393611425742737]
2005-08-01T00:00:00.000Z,0,95.0,9.77157,-74.34153,[0.330478246651369,0.9361590189839492,0.11996007529693821]
2005-08-01T00:00:00.000Z,0,119.0,10.27157,-74.34153,[0.31780613711211647,0.9407522247123158,0.11825612420802303]
2005-08-01T00:00:00.000Z,0,5.0,10.77157,-74.34153,[0.3057344430209679,0.9444587251461684,0.12051625137686992]
2005-08-01T00:00:00.000Z,0,156.0,-1.22843,-73.84153,[0.31435547106350126,0.9491585734824322,0.016692519199883595]
2005-08-01T00:00:00.000Z,0,195.0,-0.72843,-73.84153,[0.30633854716095865,0.9515791878346316,0.025568414172489465]
2005-08-01T00:00:00.000Z,0,174.0,-0.22843,-73.84153,[0.29325977839833217,0.9554592780074693,0.033109974980456855]
2005-08-01T00:00:00.000Z,0,241.0,0.27157,-73.84153,[0.2875458980961657,0.9569341224091023,0.039930462772058646]
2005-08-01T00:00:00.000Z,0,232.0,0.77157,-73.84153,[0.2833518740750046,0.9578899386746107,0.04646052995966675]
2005-08-01T00:00:00.000Z,0,267.0,1.27157,-73.84153,[0.2854414490388664,0.9572032528010179,0.04780284508000293]
2005-08-01T00:00:00.000Z,0,265.0,1.77157,-73.84153,[0.2725048969182587,0.9611783602597995,0.04332713842214992]
2005-08-01T00:00:00.000Z,0,554.0,2.27157,-73.84153,[0.2543097120611905,0.966376905832524,0.03797691700113778]
2005-08-01T00:00:00.000Z,0,995.0,2.77157,-73.84153,[0.28457311677399916,0.9575185609485791,0.04665133061868839]
2005-08-01T00:00:00.000Z,0,363.0,3.27157,-73.84153,[0.2699980224738847,0.9612860627733998,0.055047010616442876]
2005-08-01T00:00:00.000Z,0,545.0,3.77157,-73.84153,[0.20260207874823066,0.9775264138473955,0.058262405696525084]
2005-08-01T00:00:00.000Z,0,1499.0,4.27157,-73.84153,[0.1454131391336945,0.987646040996053,0.0583979166760917]
2005-08-01T00:00:00.000Z,0,3610.0,4.77157,-73.84153,[0.14302394546000416,0.9881654413600288,0.05543655406672889]
2005-08-01T00:00:00.000Z,0,2585.0,5.27157,-73.84153,[0.16581742876209468,0.9850864353432336,0.04592706415055386]
2005-08-01T00:00:00.000Z,0,2622.0,5.77157,-73.84153,[0.2593277808394166,0.9648352370095326,0.04291931394678554]
2005-08-01T00:00:00.000Z,0,616.0,6.27157,-73.84153,[0.32120619409513457,0.9459698903021546,0.04435704585123287]
2005-08-01T00:00:00.000Z,0,101.0,6.77157,-73.84153,[0.3513151402454801,0.9335987117942169,0.07050615271362576]
2005-08-01T00:00:00.000Z,0,89.0,7.27157,-73.84153,[0.36395437532893166,0.9254130021162256,0.10558403379849554]
2005-08-01T00:00:00.000Z,0,59.0,7.77157,-73.84153,[0.3476680965113894,0.9295292858117008,0.12289101466965084]
2005-08-01T00:00:00.000Z,0,38.0,8.27157,-73.84153,[0.3590297172360914,0.9241005436764002,0.13090396219501474]
2005-08-01T00:00:00.000Z,0,29.0,8.77157,-73.84153,[0.3658044357699195,0.9213777255911282,0.13134002267233968]
2005-08-01T00:00:00.000Z,0,52.0,9.27157,-73.84153,[0.3574512542195053,0.9251679520975432,0.12764349285623858]
2005-08-01T00:00:00.000Z,0,46.0,9.77157,-73.84153,[0.2938473433979158,0.9486410298672873,0.11719187356775147]
2005-08-01T00:00:00.000Z,0,931.0,10.27157,-73.84153,[0.15692623706892644,0.9810712231143676,0.11346105629803675]
2005-08-01T00:00:00.000Z,0,2665.0,10.77157,-73.84153,[0.2973224630135611,0.9477153508557259,0.11590930394044295]
2005-08-01T00:00:00.000Z,0,139.0,-1.72843,-73.34153,[0.31259886815052046,0.9498660588203074,0.006034727184372982]
2005-08-01T00:00:00.000Z,0,199.0,-1.22843,-73.34153,[0.30932434032739653,0.9508413574266275,0.014804238856136099]
2005-08-01T00:00:00.000Z,0,223.0,-0.72843,-73.34153,[0.3021837985122357,0.9529496953082708,0.02391296988226747]
2005-08-01T00:00:00.000Z,0,171.0,-0.22843,-73.34153,[0.29343657613359714,0.9554294918909922,0.032395398005149116]
2005-08-01T00:00:00.000Z,0,209.0,0.27157,-73.34153,[0.28605922507496706,0.9573756323073495,0.040025222218150636]
2005-08-01T00:00:00.000Z,0,237.0,0.77157,-73.34153,[0.2748576141069969,0.9603049974355571,0.04761936441936036]
2005-08-01T00:00:00.000Z,0,249.0,1.27157,-73.34153,[0.2768796506879392,0.9594727487104505,0.05243761547722603]
2005-08-01T00:00:00.000Z,0,294.0,1.77157,-73.34153,[0.28040185659542094,0.9583212046694909,0.054729037070431565]
2005-08-01T00:00:00.000Z,0,229.0,2.27157,-73.34153,[0.28537656924206556,0.9569174643235928,0.05356472906805437]
2005-08-01T00:00:00.000Z,0,267.0,2.77157,-73.34153,[0.2879519603407394,0.9560460343328897,0.05531409198640291]
2005-08-01T00:00:00.000Z,0,234.0,3.27157,-73.34153,[0.2922773693319601,0.9539288943944683,0.06777613013248995]
2005-08-01T00:00:00.000Z,0,256.0,3.77157,-73.34153,[0.2900864163491515,0.9542922188628833,0.07194603580088083]
2005-08-01T00:00:00.000Z,0,300.0,4.27157,-73.34153,[0.2279258018559245,0.9712109290905158,0.06927597031778593]
2005-08-01T00:00:00.000Z,0,1229.0,4.77157,-73.34153,[0.16139184689734892,0.9848196371899455,0.0638979965267055]
2005-08-01T00:00:00.000Z,0,2684.0,5.27157,-73.34153,[0.16483911143488172,0.9841140981186968,0.06593564457395269]
2005-08-01T00:00:00.000Z,0,3515.0,5.77157,-73.34153,[0.22159729539762427,0.9736502927315304,0.05384929095413771]
2005-08-01T00:00:00.000Z,0,1301.0,6.27157,-73.34153,[0.2385387592314767,0.9702105303357176,0.04231769334443024]
2005-08-01T00:00:00.000Z,0,1945.0,6.77157,-73.34153,[0.3183807919607658,0.9465041373407261,0.05256985169584737]
2005-08-01T00:00:00.000Z,0,351.0,7.27157,-73.34153,[0.26979289818416713,0.9592636379881498,0.0838156603692146]
2005-08-01T00:00:00.000Z,0,325.0,7.77157,-73.34153,[0.2792026942653372,0.9517709622289495,0.12719233849865363]
2005-08-01T00:00:00.000Z,0,1339.0,8.27157,-73.34153,[0.2979758634302186,0.9456424095636689,0.13027209235916168]
2005-08-01T00:00:00.000Z,0,1230.0,8.77157,-73.34153,[0.3030645353932623,0.9443490922854053,0.1278932339359567]
2005-08-01T00:00:00.000Z,0,809.0,9.27157,-73.34153,[0.31235013359477776,0.9418743410715114,0.1237340683661166]
2005-08-01T00:00:00.000Z,0,74.0,9.77157,-73.34153,[0.29699308977094585,0.9475493816501608,0.11809010950416181]
2005-08-01T00:00:00.000Z,0,99.0,10.27157,-73.34153,[0.24421841081684714,0.9634918125376983,0.10973101198346008]
2005-08-01T00:00:00.000Z,0,1426.0,10.77157,-73.34153,[0.3237769690597374,0.9387115856694626,0.11827524354831451]
2005-08-01T00:00:00.000Z,0,146.0,-2.22843,-72.84153,[0.30485456107162767,0.9523751016423716,0.006735158907396424]
2005-08-01T00:00:00.000Z,0,165.0,-1.72843,-72.84153,[0.30486070744596033,0.9523943031063721,0.0022450982331291653]
2005-08-01T00:00:00.000Z,0,168.0,-1.22843,-72.84153,[0.3041111263344695,0.9525659793745057,0.011596455401080938]
2005-08-01T00:00:00.000Z,0,178.0,-0.72843,-72.84153,[0.29640552703565926,0.9548241285931316,0.021322452932999995]
2005-08-01T00:00:00.000Z,0,191.0,-0.22843,-72.84153,[0.2926385422163208,0.9557203184286985,0.03100575030625304]
2005-08-01T00:00:00.000Z,0,247.0,0.27157,-72.84153,[0.280827039430808,0.9589215980564175,0.040069223918786014]
2005-08-01T00:00:00.000Z,0,264.0,0.77157,-72.84153,[0.27305975509890523,0.9607658049776294,0.04865632673161562]
2005-08-01T00:00:00.000Z,0,246.0,1.27157,-72.84153,[0.2700326575908126,0.9612273613829337,0.05589564887579372]
2005-08-01T00:00:00.000Z,0,259.0,1.77157,-72.84153,[0.27361145040370966,0.9598645597495992,0.06161818842425005]
2005-08-01T00:00:00.000Z,0,271.0,2.27157,-72.84153,[0.2847826048550799,0.9563762281156817,0.06514121788220528]
2005-08-01T00:00:00.000Z,0,193.0,2.77157,-72.84153,[0.28141554353191234,0.9570361936779718,0.06990719454403854]
2005-08-01T00:00:00.000Z,0,182.0,3.27157,-72.84153,[0.28734405263206664,0.9547967733128515,0.07613486118952002]
2005-08-01T00:00:00.000Z,0,203.0,3.77157,-72.84153,[0.286542136257136,0.9547629283192316,0.07950694847925274]
2005-08-01T00:00:00.000Z,0,165.0,4.27157,-72.84153,[0.28508336845186266,0.9551996528606234,0.07950532187900551]
2005-08-01T00:00:00.000Z,0,293.0,4.77157,-72.84153,[0.20902964187419215,0.975106863402645,0.07398117167903345]
2005-08-01T00:00:00.000Z,0,1653.0,5.27157,-72.84153,[0.18087733162927577,0.980072917480615,0.08210034910832376]
2005-08-01T00:00:00.000Z,0,2686.0,5.77157,-72.84153,[0.16834429298289005,0.983283711286426,0.06937825407779712]
2005-08-01T00:00:00.000Z,0,2685.0,6.27157,-72.84153,[0.18037500960039787,0.9825691312442726,0.04497508463062552]
2005-08-01T00:00:00.000Z,0,1547.0,6.77157,-72.84153,[0.16758731081536013,0.9842429365346547,0.05639446014739103]
2005-08-01T00:00:00.000Z,0,3795.0,7.27157,-72.84153,[0.24784065875378336,0.9650765045412473,0.08486664981568945]
2005-08-01T00:00:00.000Z,0,1328.0,7.77157,-72.84153,[0.33001106889316223,0.935238915995339,0.12814392071360903]
2005-08-01T00:00:00.000Z,0,973.0,8.27157,-72.84153,[0.3655086948584718,0.9213339860053203,0.13246539251594963]
2005-08-01T00:00:00.000Z,0,83.0,8.77157,-72.84153,[0.36467976654571943,0.921759547855215,0.13178772253100482]
2005-08-01T00:00:00.000Z,0,223.0,10.77157,-72.84153,[0.3397190681559761,0.9329965712399632,0.11877858723569452]
2005-08-01T00:00:00.000Z,0,51.0,11.27157,-72.84153,[0.35392838791226383,0.9278331002561083,0.1177303457013711]
2005-08-01T00:00:00.000Z,0,149.0,-2.22843,-72.34153,[0.3007785012109217,0.9536310619788136,0.010958596555746759]
2005-08-01T00:00:00.000Z,0,147.0,-1.72843,-72.34153,[0.30079538568666514,0.9536845949290391,0.0027980966110387456]
2005-08-01T00:00:00.000Z,0,145.0,-1.22843,-72.34153,[0.3017954228591701,0.9533460063186961,0.007135473176127664]
2005-08-01T00:00:00.000Z,0,205.0,-0.72843,-72.34153,[0.29657358762327735,0.9548506487792575,0.017445505154310433]
2005-08-01T00:00:00.000Z,0,176.0,-0.22843,-72.34153,[0.2894462129138613,0.9567805371319303,0.028140604033292074]
2005-08-01T00:00:00.000Z,0,150.0,0.27157,-72.34153,[0.2870231460049485,0.957124992853155,0.039108333041311706]
2005-08-01T00:00:00.000Z,0,218.0,0.77157,-72.34153,[0.283052767563948,0.9578505654364,0.049024739342075796]
2005-08-01T00:00:00.000Z,0,234.0,1.27157,-72.34153,[0.2752824836517897,0.9595879288428782,0.058400008677545676]
2005-08-01T00:00:00.000Z,0,237.0,1.77157,-72.34153,[0.2791179981751844,0.9579329697372329,0.06676502516350412]
2005-08-01T00:00:00.000Z,0,203.0,2.27157,-72.34153,[0.28342299960089656,0.9562736640077496,0.07219475619755121]
2005-08-01T00:00:00.000Z,0,188.0,2.77157,-72.34153,[0.27918779877967276,0.9572153101017353,0.0761119118101727]
2005-08-01T00:00:00.000Z,0,220.0,3.27157,-72.34153,[0.2816050903178998,0.956121630763146,0.0808084172216582]
2005-08-01T00:00:00.000Z,0,180.0,3.77157,-72.34153,[0.2869420940089871,0.9542231204691023,0.08439473353205504]
2005-08-01T00:00:00.000Z,0,190.0,4.27157,-72.34153,[0.2961169498879044,0.951232827439137,0.08643413672403695]
2005-08-01T00:00:00.000Z,0,177.0,4.77157,-72.34153,[0.3006665550995589,0.949780009326126,0.08670384379615188]
2005-08-01T00:00:00.000Z,0,257.0,5.27157,-72.34153,[0.23930288562165372,0.9675164514368296,0.08152327969503227]
2005-08-01T00:00:00.000Z,0,1342.0,5.77157,-72.34153,[0.1782615557298378,0.9810367496541408,0.07609016741219922]
2005-08-01T00:00:00.000Z,0,3317.0,6.27157,-72.34153,[0.18161231937585118,0.9821890741755218,0.04818286024257276]
2005-08-01T00:00:00.000Z,0,3467.0,6.77157,-72.34153,[0.24481982732397653,0.9682624170663271,0.05031047451507718]
2005-08-01T00:00:00.000Z,0,2203.0,7.27157,-72.34153,[0.272054050202999,0.9596769018628727,0.07075901213995434]
2005-08-01T00:00:00.000Z,0,97.0,11.27157,-72.34153,[0.3866920382640702,0.9139993631696206,0.12277797713232938]
2005-08-01T00:00:00.000Z,0,19.0,11.77157,-72.34153,[0.35716942200918184,0.9269102647297107,0.11518404889707871]
2005-08-01T00:00:00.000Z,0,109.0,-2.22843,-71.84153,[0.2958143773264908,0.9550906058642125,0.017198510309679695]
2005-08-01T00:00:00.000Z,0,140.0,-1.72843,-71.84153,[0.29681990279761383,0.9548857338062771,0.00954885733806277]
2005-08-01T00:00:00.000Z,0,153.0,-1.22843,-71.84153,[0.2978141568924474,0.9546213478684263,0.0021932050313784885]
2005-08-01T00:00:00.000Z,0,136.0,-0.72843,-71.84153,[0.2968096673166125,0.9548528057084821,0.012654675738305185]
2005-08-01T00:00:00.000Z,0,192.0,-0.22843,-71.84153,[0.2845488909865168,0.9583606648425886,0.02401592639926202]
2005-08-01T00:00:00.000Z,0,216.0,0.27157,-71.84153,[0.28228886575503204,0.9586529881040889,0.03602005927034209]
2005-08-01T00:00:00.000Z,0,215.0,0.77157,-71.84153,[0.2795902358201616,0.958915909198466,0.04805808069519244]
2005-08-01T00:00:00.000Z,0,232.0,1.27157,-71.84153,[0.26723507690886,0.9618254214364341,0.0589684012683187]
2005-08-01T00:00:00.000Z,0,233.0,1.77157,-71.84153,[0.2786093174413022,0.9579276531945967,0.06893083112790784]
2005-08-01T00:00:00.000Z,0,159.0,2.27157,-71.84153,[0.28173216988943295,0.9565530985574029,0.07505434091125605]
2005-08-01T00:00:00.000Z,0,186.0,2.77157,-71.84153,[0.2823392185553651,0.955951684872496,0.08025547866022582]
2005-08-01T00:00:00.000Z,0,222.0,3.27157,-71.84153,[0.2859797247738362,0.9543872383628808,0.08579391743215087]
2005-08-01T00:00:00.000Z,0,206.0,3.77157,-71.84153,[0.28848638191308745,0.9533573402284061,0.08879971443262223]
2005-08-01T00:00:00.000Z,0,189.0,4.27157,-71.84153,[0.2950531103042619,0.951233000401771,0.08999689464879031]
2005-08-01T00:00:00.000Z,0,149.0,4.77157,-71.84153,[0.3041263520589693,0.9483634718785418,0.09007711801441227]
2005-08-01T00:00:00.000Z,0,172.0,5.27157,-71.84153,[0.3164267166644996,0.9445038976664875,0.08824126174153404]
2005-08-01T00:00:00.000Z,0,213.0,5.77157,-71.84153,[0.31271573559249594,0.9465989834151229,0.0784807830637538]
2005-08-01T00:00:00.000Z,0,412.0,6.27157,-71.84153,[0.3138333169707683,0.9476777721125168,0.05844218855400528]
2005-08-01T00:00:00.000Z,0,325.0,6.77157,-71.84153,[0.36823308069140576,0.9285301782901993,0.047287485542025845]
2005-08-01T00:00:00.000Z,0,174.0,11.77157,-71.84153,[0.3844083769122535,0.9152580402672702,0.12055255901806046]
2005-08-01T00:00:00.000Z,0,107.0,-2.22843,-71.34153,[0.2919355696619044,0.9561455673035242,0.023649044209045744]
2005-08-01T00:00:00.000Z,0,121.0,-1.72843,-71.34153,[0.2938899407301916,0.9557118615218246,0.015605783674432655]
2005-08-01T00:00:00.000Z,0,140.0,-1.22843,-71.34153,[0.29392390131621654,0.9558222992414949,0.0035316437755049273]
2005-08-01T00:00:00.000Z,0,186.0,-0.72843,-71.34153,[0.2962494382125323,0.9550898876736081,0.006291011236173467]
2005-08-01T00:00:00.000Z,0,201.0,-0.22843,-71.34153,[0.28647360232367575,0.9579314923550579,0.017324292946846793]
2005-08-01T00:00:00.000Z,0,185.0,0.27157,-71.34153,[0.284533585063421,0.9581921520712835,0.030140316520552112]
2005-08-01T00:00:00.000Z,0,228.0,0.77157,-71.34153,[0.27549211618864394,0.9603186722203338,0.04349875518768063]
2005-08-01T00:00:00.000Z,0,342.0,1.27157,-71.34153,[0.2735459723026256,0.9601795869893782,0.056813394247468396]
2005-08-01T00:00:00.000Z,0,222.0,1.77157,-71.34153,[0.27859215538427773,0.9578686458033133,0.06981452818195645]
2005-08-01T00:00:00.000Z,0,164.0,2.27157,-71.34153,[0.28328970174296864,0.9558239149359219,0.07840655918319173]
2005-08-01T00:00:00.000Z,0,189.0,2.77157,-71.34153,[0.2854953093962534,0.9546249407937223,0.08475641997701272]
2005-08-01T00:00:00.000Z,0,209.0,3.27157,-71.34153,[0.2891735807239685,0.9530351084560363,0.09001512240434817]
2005-08-01T00:00:00.000Z,0,171.0,3.77157,-71.34153,[0.28747205849459956,0.9533741314918556,0.0918563061908525]
2005-08-01T00:00:00.000Z,0,165.0,4.27157,-71.34153,[0.29497319802977096,0.9509753681654778,0.09293364076922514]
2005-08-01T00:00:00.000Z,0,131.0,4.77157,-71.34153,[0.3020732689553366,0.9488790089703893,0.09154434181318216]
2005-08-01T00:00:00.000Z,0,146.0,5.27157,-71.34153,[0.3111617145197472,0.9463527332574267,0.08714867568316229]
2005-08-01T00:00:00.000Z,0,151.0,5.77157,-71.34153,[0.3195481861400129,0.9443896207483653,0.0775706191633563]
2005-08-01T00:00:00.000Z,0,157.0,6.27157,-71.34153,[0.3343721291043434,0.9406512642935373,0.05805582021811676]
2005-08-01T00:00:00.000Z,0,154.0,6.77157,-71.34153,[0.3488867873246091,0.9362213789358215,0.042042112861059015]
2005-08-01T00:00:00.000Z,0,97.0,-2.22843,-70.84153,[0.29167535183734394,0.9561095510034943,0.027928759558170386]
2005-08-01T00:00:00.000Z,0,137.0,-1.72843,-70.84153,[0.28976994919486104,0.9569147159458202,0.018644113010211988]
2005-08-01T00:00:00.000Z,0,114.0,-1.22843,-70.84153,[0.285793918789508,0.9582501982942326,0.008854007680145541]
2005-08-01T00:00:00.000Z,0,155.0,-0.72843,-70.84153,[0.28580503367202087,0.9582874658414817,7.845628375310377E-4]
2005-08-01T00:00:00.000Z,0,183.0,-0.22843,-70.84153,[0.28537835040058,0.9583769011484046,0.008538879775765387]
2005-08-01T00:00:00.000Z,0,193.0,0.27157,-70.84153,[0.2824661518890746,0.9590451560186367,0.021101226366417033]
2005-08-01T00:00:00.000Z,0,250.0,0.77157,-70.84153,[0.2819304803233899,0.9587873874489888,0.03524131004042374]
2005-08-01T00:00:00.000Z,0,316.0,1.27157,-70.84153,[0.2805221793373383,0.9584507794025726,0.05176302118724696]
2005-08-01T00:00:00.000Z,0,186.0,1.77157,-70.84153,[0.28348118770014435,0.9564699915709597,0.06930780218968097]
2005-08-01T00:00:00.000Z,0,191.0,2.27157,-70.84153,[0.2848764771282442,0.9551740703711716,0.08054742745469179]
2005-08-01T00:00:00.000Z,0,160.0,2.77157,-70.84153,[0.2870467563838623,0.9538440854156358,0.08823616246819113]
2005-08-01T00:00:00.000Z,0,240.0,3.27157,-70.84153,[0.29406169472815535,0.951176481793764,0.09376044035755414]
2005-08-01T00:00:00.000Z,0,186.0,3.77157,-70.84153,[0.29425366131336683,0.9509278552868264,0.09566084278990536]
2005-08-01T00:00:00.000Z,0,176.0,4.27157,-70.84153,[0.2965745961787935,0.9501793792959038,0.09593047514860206]
2005-08-01T00:00:00.000Z,0,146.0,4.77157,-70.84153,[0.29642187738897247,0.9505942964542909,0.09222013963212475]
2005-08-01T00:00:00.000Z,0,123.0,5.27157,-70.84153,[0.3043804305158736,0.9486141988633804,0.086508122357143]
2005-08-01T00:00:00.000Z,0,120.0,5.77157,-70.84153,[0.3114792736311326,0.9471748915623288,0.07642242401358644]
2005-08-01T00:00:00.000Z,0,126.0,6.27157,-70.84153,[0.31815683890245716,0.946282656882676,0.05766592705107036]
2005-08-01T00:00:00.000Z,0,122.0,6.77157,-70.84153,[0.33314726891093016,0.9419199761294643,0.04242235006995297]
2005-08-01T00:00:00.000Z,0,97.0,-3.72843,-70.34153,[0.2831924373400052,0.9582441775109477,0.03962498832548134]
2005-08-01T00:00:00.000Z,0,132.0,-2.22843,-70.34153,[0.2869618506974712,0.9576517575601655,0.023579810987544147]
2005-08-01T00:00:00.000Z,0,129.0,-1.72843,-70.34153,[0.2898876041165832,0.95696487073235,0.013543011620890567]
2005-08-01T00:00:00.000Z,0,144.0,-1.22843,-70.34153,[0.2830516170168016,0.9590454788333984,0.010656060875926647]
2005-08-01T00:00:00.000Z,0,134.0,-0.72843,-70.34153,[0.28397266019725353,0.9588253350189619,0.0036749403084350464]
2005-08-01T00:00:00.000Z,0,170.0,-0.22843,-70.34153,[0.2848846051381056,0.9585529066999788,0.004133619760827415]
2005-08-01T00:00:00.000Z,0,177.0,0.27157,-70.34153,[0.2839569706763085,0.9587723598129475,0.011135567477502294]
2005-08-01T00:00:00.000Z,0,190.0,0.77157,-70.34153,[0.2831879948024007,0.9588254942128529,0.02140633661498462]
2005-08-01T00:00:00.000Z,0,195.0,1.27157,-70.34153,[0.2855435264090896,0.9574106473716534,0.04277554003461655]
2005-08-01T00:00:00.000Z,0,216.0,1.77157,-70.34153,[0.28342593251513043,0.9569793250804992,0.062131410304297224]
2005-08-01T00:00:00.000Z,0,168.0,2.27157,-70.34153,[0.28475758806429985,0.9554951880751311,0.07708476895646865]
2005-08-01T00:00:00.000Z,0,193.0,2.77157,-70.34153,[0.2922682404259437,0.9521199986183627,0.08970386763842425]
2005-08-01T00:00:00.000Z,0,177.0,3.27157,-70.34153,[0.2928118127557604,0.9513579203712061,0.09580892264115684]
2005-08-01T00:00:00.000Z,0,174.0,3.77157,-70.34153,[0.2913302887836807,0.9516039548687023,0.09785998117444102]
2005-08-01T00:00:00.000Z,0,118.0,4.27157,-70.34153,[0.2920338739872737,0.9513565048739262,0.09816830994802969]
2005-08-01T00:00:00.000Z,0,116.0,4.77157,-70.34153,[0.28772133842534,0.9531463643588483,0.093426117998344]
2005-08-01T00:00:00.000Z,0,124.0,5.27157,-70.34153,[0.29777860680868673,0.9506441560760338,0.08719856561643052]
2005-08-01T00:00:00.000Z,0,105.0,5.77157,-70.34153,[0.30305265222543143,0.9498665219006059,0.07689395653481096]
2005-08-01T00:00:00.000Z,0,104.0,6.27157,-70.34153,[0.3071047907119177,0.9497500009053751,0.06051101802175564]
2005-08-01T00:00:00.000Z,0,109.0,6.77157,-70.34153,[0.31244063295840657,0.9488086868516318,0.046291755544940395]
2005-08-01T00:00:00.000Z,0,140.0,-3.72843,-69.84153,[0.2849286136275357,0.9577984935017932,0.0379174231981259]
2005-08-01T00:00:00.000Z,0,128.0,-3.22843,-69.84153,[0.2867878028749204,0.9574300495978111,0.03287029432951011]
2005-08-01T00:00:00.000Z,0,61.0,-2.72843,-69.84153,[0.2861223488522716,0.9577918009842452,0.02772845929031667]
2005-08-01T00:00:00.000Z,0,111.0,-2.22843,-69.84153,[0.28353688631375257,0.9587297829052568,0.021072196609310014]
2005-08-01T00:00:00.000Z,0,145.0,-1.72843,-69.84153,[0.28610581144366765,0.9581217871601894,0.012087416064868128]
2005-08-01T00:00:00.000Z,0,68.0,-1.22843,-69.84153,[0.28449090173656966,0.9586347116882075,0.009187838460753028]
2005-08-01T00:00:00.000Z,0,122.0,-0.72843,-69.84153,[0.2828823850910181,0.9591480869492331,0.003536029813637726]
2005-08-01T00:00:00.000Z,0,188.0,0.77157,-69.84153,[0.28791160081072503,0.9574734631612484,0.01874773214581465]
2005-08-01T00:00:00.000Z,0,195.0,1.77157,-69.84153,[0.2835091800259074,0.9579509403219135,0.04418756360560041]
2005-08-01T00:00:00.000Z,0,182.0,2.27157,-69.84153,[0.28753044999965194,0.9558444689177618,0.0607255429149844]
2005-08-01T00:00:00.000Z,0,180.0,2.77157,-69.84153,[0.2896885296931582,0.95374377468209,0.0803328576572181]
2005-08-01T00:00:00.000Z,0,198.0,3.27157,-69.84153,[0.2884165768724606,0.9528839982055526,0.09395724638883621]
2005-08-01T00:00:00.000Z,0,149.0,3.77157,-69.84153,[0.2892065764920805,0.9521570364508495,0.09877516920191057]
2005-08-01T00:00:00.000Z,0,188.0,4.27157,-69.84153,[0.2866673336524037,0.9529751902498825,0.09828594296653842]
2005-08-01T00:00:00.000Z,0,143.0,4.77157,-69.84153,[0.2849154918320481,0.9537518587582461,0.09581520980143395]
2005-08-01T00:00:00.000Z,0,100.0,5.27157,-69.84153,[0.2873603534756495,0.9534638548272506,0.09127269464801278]
2005-08-01T00:00:00.000Z,0,112.0,5.77157,-69.84153,[0.29088413546663044,0.9533921094001349,0.0801866913358582]
2005-08-01T00:00:00.000Z,0,98.0,6.27157,-69.84153,[0.29885820113962136,0.9523317304971517,0.06122132553195975]
2005-08-01T00:00:00.000Z,0,169.0,0.77157,-69.34153,[0.2880235756587733,0.9574837785413274,0.01634728402387632]
2005-08-01T00:00:00.000Z,0,182.0,1.77157,-69.34153,[0.2869771935729978,0.9573293252782629,0.03412701761408622]
2005-08-01T00:00:00.000Z,0,167.0,2.27157,-69.34153,[0.2901085764401777,0.9559133170059494,0.04546145891342247]
2005-08-01T00:00:00.000Z,0,128.0,2.77157,-69.34153,[0.2922748124055434,0.9537975748348841,0.06961048967215996]
2005-08-01T00:00:00.000Z,0,182.0,3.27157,-69.34153,[0.2908155467743195,0.9523654165357485,0.09179559434441305]
2005-08-01T00:00:00.000Z,0,123.0,3.77157,-69.34153,[0.28554398938620884,0.953277626104728,0.09862250094954444]
2005-08-01T00:00:00.000Z,0,172.0,4.27157,-69.34153,[0.2846498205761637,0.9535768989301485,0.0983136687989981]
2005-08-01T00:00:00.000Z,0,142.0,4.77157,-69.34153,[0.283763991201759,0.9538835704243745,0.09789857696460687]
2005-08-01T00:00:00.000Z,0,117.0,5.27157,-69.34153,[0.2879221989186827,0.9527807116889234,0.09648690482847459]
2005-08-01T00:00:00.000Z,0,83.0,5.77157,-69.34153,[0.29596858473033383,0.951327593776073,0.08589764940293898]
2005-08-01T00:00:00.000Z,0,139.0,1.77157,-68.84153,[0.2877337559209217,0.9572680725830665,0.029105376079693233]
2005-08-01T00:00:00.000Z,0,178.0,2.27157,-68.84153,[0.2876286035062428,0.956918238588077,0.03971487256105429]
2005-08-01T00:00:00.000Z,0,155.0,2.77157,-68.84153,[0.2905433915925529,0.9548009929816337,0.06276624413793319]
2005-08-01T00:00:00.000Z,0,154.0,3.27157,-68.84153,[0.29328622303877505,0.9520692922129934,0.08687493424860687]
2005-08-01T00:00:00.000Z,0,118.0,3.77157,-68.84153,[0.29200966499743,0.9512436056734462,0.09932752998776218]
2005-08-01T00:00:00.000Z,0,168.0,4.27157,-68.84153,[0.2929755735273058,0.9507886537112566,0.10082782002147278]
2005-08-01T00:00:00.000Z,0,130.0,4.77157,-68.84153,[0.2929592008463473,0.9507355197277686,0.10137493855701904]
2005-08-01T00:00:00.000Z,0,118.0,5.27157,-68.84153,[0.29198712274524957,0.9511701725792222,0.10009407048653443]
2005-08-01T00:00:00.000Z,0,76.0,5.77157,-68.84153,[0.30537804915308264,0.9478029821862342,0.09172651772709259]
2005-08-01T00:00:00.000Z,0,140.0,1.77157,-68.34153,[0.2868430942278541,0.9576146376529897,0.026367499815560434]
2005-08-01T00:00:00.000Z,0,115.0,2.27157,-68.34153,[0.2860502205077716,0.957550352047251,0.03567344448803484]
2005-08-01T00:00:00.000Z,0,126.0,2.77157,-68.34153,[0.29328289873067537,0.9545633510017417,0.05285783041761982]
2005-08-01T00:00:00.000Z,0,132.0,3.27157,-68.34153,[0.29451231714593623,0.9527027228887484,0.0749667716371474]
2005-08-01T00:00:00.000Z,0,110.0,3.77157,-68.34153,[0.29666181359904586,0.9502100194976958,0.09535558294255046]
2005-08-01T00:00:00.000Z,0,121.0,4.27157,-68.34153,[0.3014346277223389,0.9480063013126346,0.10208436648886644]
2005-08-01T00:00:00.000Z,0,109.0,4.77157,-68.34153,[0.305003009794174,0.9466389711389548,0.10415287964082535]
2005-08-01T00:00:00.000Z,0,89.0,5.27157,-68.34153,[0.30868259649874236,0.9454833603868886,0.10380881393365114]
2005-08-01T00:00:00.000Z,0,65.0,5.77157,-68.34153,[0.31603087043805383,0.9434621223700143,0.10001856119358188]
2005-08-01T00:00:00.000Z,0,136.0,2.27157,-67.84153,[0.28933645863585034,0.9566948804702637,0.031926781642576584]
2005-08-01T00:00:00.000Z,0,120.0,2.77157,-67.84153,[0.29340091012620767,0.954947448927885,0.0446237125667236]
2005-08-01T00:00:00.000Z,0,103.0,3.27157,-67.84153,[0.30052766905680833,0.9511081661161164,0.07124869457414221]
2005-08-01T00:00:00.000Z,0,95.0,3.77157,-67.84153,[0.3052468753365808,0.9475135349667099,0.09509177752120994]
2005-08-01T00:00:00.000Z,0,110.0,4.27157,-67.84153,[0.30799181893577204,0.9457295258027796,0.10361806547839172]
2005-08-01T00:00:00.000Z,0,101.0,4.77157,-67.84153,[0.31511857131433185,0.9430301156307126,0.10674496253378474]
2005-08-01T00:00:00.000Z,0,80.0,5.77157,-67.84153,[0.32549357685527847,0.9396548149362235,0.10536963601117955]
2005-08-01T00:00:00.000Z,0,54.0,6.27157,-67.84153,[0.31915611575609354,0.9434395070152656,0.08978457761929665]
2005-08-01T00:00:00.000Z,0,114.0,2.27157,-67.34153,[0.30047061295735206,0.9533729223158088,0.028239719262909028]
