2008-10-01T00:00:00.000Z,0,10.0,1.77157,-78.84153,[0.28137552796842824,0.9595914419959144,0.0034751559231160456]
2008-10-01T00:00:00.000Z,0,235.0,1.27157,-78.34153,[0.29125202612711715,0.956642030480768,0.002877984447896414]
2008-10-01T00:00:00.000Z,0,57.0,1.77157,-78.34153,[0.287965397497544,0.9576261061879111,0.005307597522503753]
2008-10-01T00:00:00.000Z,0,1772.0,1.27157,-77.84153,[0.2632105920245831,0.9647240394640152,0.005264211840491661]
2008-10-01T00:00:00.000Z,0,528.0,1.77157,-77.84153,[0.2898414979313303,0.9570452598360005,0.007501779946457962]
2008-10-01T00:00:00.000Z,0,116.0,2.27157,-77.84153,[0.2835876748391776,0.9589015153122386,0.009269013496689071]
2008-10-01T00:00:00.000Z,0,167.0,7.27157,-77.84153,[0.25220981350492705,0.9639544567010347,0.08474677208025726]
2008-10-01T00:00:00.000Z,0,2201.0,0.77157,-77.34153,[0.180087738847233,0.9836437887668485,0.0036473466095642126]
2008-10-01T00:00:00.000Z,0,2447.0,1.27157,-77.34153,[0.22245094764684042,0.9749253266767139,0.00601525521698089]
2008-10-01T00:00:00.000Z,0,1706.0,1.77157,-77.34153,[0.20307111827095112,0.9791320945820994,0.00790330838676134]
2008-10-01T00:00:00.000Z,0,2096.0,2.27157,-77.34153,[0.27020775163874955,0.9627570310489898,0.009309678837973722]
2008-10-01T00:00:00.000Z,0,57.0,2.77157,-77.34153,[0.2853700147411434,0.9583489077724225,0.011459740749447491]
2008-10-01T00:00:00.000Z,0,74.0,3.27157,-77.34153,[0.2745478807732485,0.9614601674509808,0.014758305053423636]
2008-10-01T00:00:00.000Z,0,28.0,4.27157,-77.34153,[0.2614838486061978,0.9642862875477569,0.04216814633649355]
2008-10-01T00:00:00.000Z,0,14.0,5.27157,-77.34153,[0.2508531675210027,0.9656827221235346,0.06730206933490314]
2008-10-01T00:00:00.000Z,0,499.0,6.27157,-77.34153,[0.264472884268754,0.9612367882057123,0.07796108315392186]
2008-10-01T00:00:00.000Z,0,695.0,6.77157,-77.34153,[0.281024941318968,0.9561434526907073,0.08255107651244684]
2008-10-01T00:00:00.000Z,0,345.0,7.27157,-77.34153,[0.282922825458258,0.9552805989002356,0.08598634891378429]
2008-10-01T00:00:00.000Z,0,279.0,0.27157,-76.84153,[0.2765616523981478,0.960993640896085,0.002207845124186894]
2008-10-01T00:00:00.000Z,0,485.0,0.77157,-76.84153,[0.1937450925799228,0.9810445150289733,0.0038077070218019518]
2008-10-01T00:00:00.000Z,0,3335.0,1.27157,-76.84153,[0.15471112699957243,0.9879410538401268,0.0060779371321260595]
2008-10-01T00:00:00.000Z,0,2008.0,1.77157,-76.84153,[0.15867253121493974,0.9872957497818472,0.008374383591899596]
2008-10-01T00:00:00.000Z,0,1013.0,2.27157,-76.84153,[0.19995088723220716,0.9797593474378151,0.009553209056649897]
2008-10-01T00:00:00.000Z,0,2856.0,2.77157,-76.84153,[0.24064096149584885,0.9705471954169068,0.011404784905016532]
2008-10-01T00:00:00.000Z,0,1911.0,3.27157,-76.84153,[0.24567679589684685,0.9692454413464644,0.014359191723651323]
2008-10-01T00:00:00.000Z,0,794.0,3.77157,-76.84153,[0.26362359278668135,0.9644229769446092,0.0197717694590011]
2008-10-01T00:00:00.000Z,0,70.0,4.27157,-76.84153,[0.2743274907790037,0.961226247217769,0.028080766772653924]
2008-10-01T00:00:00.000Z,0,24.0,4.77157,-76.84153,[0.2702467982898566,0.9612307688192154,0.05479121361406112]
2008-10-01T00:00:00.000Z,0,133.0,5.27157,-76.84153,[0.2752576849125698,0.9591009958672353,0.06601883536574915]
2008-10-01T00:00:00.000Z,0,76.0,5.77157,-76.84153,[0.26645039829153033,0.9609335649228685,0.07490573445946637]
2008-10-01T00:00:00.000Z,0,38.0,6.27157,-76.84153,[0.26514161494715455,0.9610030778492784,0.07856849487821803]
2008-10-01T00:00:00.000Z,0,20.0,6.77157,-76.84153,[0.28984973651565965,0.9534825309318226,0.08281421043304563]
2008-10-01T00:00:00.000Z,0,15.0,7.27157,-76.84153,[0.29261420668911464,0.9524084024668866,0.08541171438493075]
2008-10-01T00:00:00.000Z,0,8.0,7.77157,-76.84153,[0.30475717178876727,0.9483861241486266,0.08767454457057446]
2008-10-01T00:00:00.000Z,0,294.0,0.77157,-76.34153,[0.2580861250793599,0.9661100080404356,0.0047962908200589]
2008-10-01T00:00:00.000Z,0,1412.0,1.27157,-76.34153,[0.1859444775113924,0.9825350202229196,0.007041684355461014]
2008-10-01T00:00:00.000Z,0,2388.0,1.77157,-76.34153,[0.13651686980863573,0.9905934850577038,0.009364380325716334]
2008-10-01T00:00:00.000Z,0,3852.0,2.27157,-76.34153,[0.14297769201187296,0.989673711894683,0.010164820291469093]
2008-10-01T00:00:00.000Z,0,2450.0,2.77157,-76.34153,[0.20362872409278449,0.9789842504460793,0.011188391433669478]
2008-10-01T00:00:00.000Z,0,990.0,3.27157,-76.34153,[0.20761300228704296,0.9781125936624857,0.013877874484428005]
2008-10-01T00:00:00.000Z,0,962.0,3.77157,-76.34153,[0.2277538180017849,0.9735359279291984,0.01886784080504983]
2008-10-01T00:00:00.000Z,0,1899.0,4.27157,-76.34153,[0.19708250660528362,0.980085978793843,0.02428908730054306]
2008-10-01T00:00:00.000Z,0,1358.0,4.77157,-76.34153,[0.2251376481332681,0.973452307166702,0.04127523549109915]
2008-10-01T00:00:00.000Z,0,407.0,5.27157,-76.34153,[0.2111925078344043,0.9755593001487711,0.06067764438287961]
2008-10-01T00:00:00.000Z,0,480.0,5.77157,-76.34153,[0.2045376878877525,0.9761534099193269,0.07272451124897868]
2008-10-01T00:00:00.000Z,0,1095.0,6.27157,-76.34153,[0.20378696200442842,0.9760322917054203,0.07636648260376475]
2008-10-01T00:00:00.000Z,0,1485.0,6.77157,-76.34153,[0.23538391389812274,0.9686536180231502,0.07940139399697044]
2008-10-01T00:00:00.000Z,0,827.0,7.27157,-76.34153,[0.2777735322147835,0.9570254085618655,0.08333205966443506]
2008-10-01T00:00:00.000Z,0,201.0,7.77157,-76.34153,[0.2975720086858092,0.9508622806282179,0.08550919789822102]
2008-10-01T00:00:00.000Z,0,165.0,8.27157,-76.34153,[0.2994851413288235,0.9502460875245377,0.08567977163580251]
2008-10-01T00:00:00.000Z,0,99.0,8.77157,-76.34153,[0.30284320026293826,0.9490588023109925,0.0870252021573425]
2008-10-01T00:00:00.000Z,0,267.0,0.27157,-75.84153,[0.2983374272996323,0.9544466912437455,0.00512767453171243]
2008-10-01T00:00:00.000Z,0,241.0,0.77157,-75.84153,[0.2874455885236782,0.9577687009608956,0.007358607066206162]
2008-10-01T00:00:00.000Z,0,250.0,1.27157,-75.84153,[0.23237644047094624,0.972580419141814,0.00940841198004319]
2008-10-01T00:00:00.000Z,0,1712.0,1.77157,-75.84153,[0.24668359874244403,0.9690298304667299,0.011330921281949582]
2008-10-01T00:00:00.000Z,0,1262.0,2.27157,-75.84153,[0.21260908445183813,0.9770723498579008,0.011269443274223113]
2008-10-01T00:00:00.000Z,0,2705.0,2.77157,-75.84153,[0.16907600301069883,0.9855351228123629,0.011568358100732026]
2008-10-01T00:00:00.000Z,0,1867.0,3.27157,-75.84153,[0.14155804587245166,0.9898419748975942,0.01319789299863459]
2008-10-01T00:00:00.000Z,0,3782.0,3.77157,-75.84153,[0.16298506305034377,0.9864885395152387,0.01662018735052848]
2008-10-01T00:00:00.000Z,0,2035.0,4.27157,-75.84153,[0.21275736141986293,0.9769016019121455,0.019939040677568305]
2008-10-01T00:00:00.000Z,0,1185.0,4.77157,-75.84153,[0.21673493420588488,0.9758629345270099,0.026786214945445263]
2008-10-01T00:00:00.000Z,0,1530.0,5.27157,-75.84153,[0.23120559767171628,0.9717502595212234,0.04738570170103491]
2008-10-01T00:00:00.000Z,0,1704.0,5.77157,-75.84153,[0.2219391295961544,0.9725814213192734,0.06948670130811535]
2008-10-01T00:00:00.000Z,0,488.0,6.27157,-75.84153,[0.18418038542668203,0.9801027653062723,0.0740010477160776]
2008-10-01T00:00:00.000Z,0,896.0,6.77157,-75.84153,[0.1990635869714837,0.9768256890731822,0.07864643354119275]
2008-10-01T00:00:00.000Z,0,2421.0,7.27157,-75.84153,[0.2520131798425006,0.9644140735098291,0.0799678185387675]
2008-10-01T00:00:00.000Z,0,131.0,7.77157,-75.84153,[0.3014860822183733,0.9497944996202887,0.08364538672073665]
2008-10-01T00:00:00.000Z,0,43.0,8.27157,-75.84153,[0.29959681978514796,0.9504063908540087,0.08348315877159179]
2008-10-01T00:00:00.000Z,0,10.0,8.77157,-75.84153,[0.300080586162726,0.9502551895152991,0.08346685933637304]
2008-10-01T00:00:00.000Z,0,155.0,9.27157,-75.84153,[0.3062227649967943,0.948047600857234,0.08621696298618231]
2008-10-01T00:00:00.000Z,0,228.0,0.27157,-75.34153,[0.29707596886629845,0.9548044758115272,0.009709876025201972]
2008-10-01T00:00:00.000Z,0,189.0,0.77157,-75.34153,[0.2909945118207486,0.9566158164186026,0.014435160822604064]
2008-10-01T00:00:00.000Z,0,244.0,1.27157,-75.34153,[0.2802700147625406,0.9597818056562105,0.01635861718818094]
2008-10-01T00:00:00.000Z,0,1357.0,1.77157,-75.34153,[0.22013320279710047,0.975359421624076,0.014675546853140032]
2008-10-01T00:00:00.000Z,0,2437.0,2.27157,-75.34153,[0.26411642347015063,0.964388408634128,0.014053901432356639]
2008-10-01T00:00:00.000Z,0,485.0,2.77157,-75.34153,[0.29552007682570036,0.9552287960465584,0.014346825306475906]
2008-10-01T00:00:00.000Z,0,694.0,3.27157,-75.34153,[0.2900408475610828,0.956897058551933,0.014977519177334602]
2008-10-01T00:00:00.000Z,0,442.0,3.77157,-75.34153,[0.2289498314415513,0.9733132930848557,0.01559513344601871]
2008-10-01T00:00:00.000Z,0,2270.0,4.27157,-75.34153,[0.12095500226117618,0.9925092708907728,0.0171823928445783]
2008-10-01T00:00:00.000Z,0,4229.0,4.77157,-75.34153,[0.1535399767836586,0.9879503333734723,0.01948369360565047]
2008-10-01T00:00:00.000Z,0,3209.0,5.27157,-75.34153,[0.17267171434774797,0.9845505203182151,0.02906461775667062]
2008-10-01T00:00:00.000Z,0,1992.0,5.77157,-75.34153,[0.19293764056995727,0.9800355151678511,0.048015162823659814]
2008-10-01T00:00:00.000Z,0,2185.0,6.27157,-75.34153,[0.19945590395212828,0.977767529156629,0.06471476883664162]
2008-10-01T00:00:00.000Z,0,2092.0,6.77157,-75.34153,[0.23463273616049865,0.969319855721879,0.07325637463834574]
2008-10-01T00:00:00.000Z,0,869.0,7.27157,-75.34153,[0.2903925174531053,0.9535110630548322,0.08055332668047824]
2008-10-01T00:00:00.000Z,0,83.0,7.77157,-75.34153,[0.30007238920578383,0.9504151509417391,0.08165538620767054]
2008-10-01T00:00:00.000Z,0,30.0,8.27157,-75.34153,[0.3001246609921198,0.9503947598083795,0.08170060215896595]
2008-10-01T00:00:00.000Z,0,74.0,8.77157,-75.34153,[0.29840995470996623,0.9509033631429521,0.08206273754524071]
2008-10-01T00:00:00.000Z,0,180.0,9.27157,-75.34153,[0.2909267348482859,0.9532258547112398,0.08198844345724421]
2008-10-01T00:00:00.000Z,0,136.0,9.77157,-75.34153,[0.29918511929910124,0.9505475561495429,0.08335231183425144]
2008-10-01T00:00:00.000Z,0,79.0,10.27157,-75.34153,[0.30341889116157106,0.9490145610418482,0.0854888262688806]
2008-10-01T00:00:00.000Z,0,205.0,0.27157,-74.84153,[0.29342173738621863,0.9559130038285405,0.011576404482815657]
2008-10-01T00:00:00.000Z,0,239.0,0.77157,-74.84153,[0.2855459542762622,0.9582154750219235,0.01692960203218946]
2008-10-01T00:00:00.000Z,0,226.0,1.27157,-74.84153,[0.28480904973417653,0.95840505624834,0.018535192125557518]
2008-10-01T00:00:00.000Z,0,258.0,1.77157,-74.84153,[0.2798264501203293,0.9598964702898183,0.017202445704118607]
2008-10-01T00:00:00.000Z,0,576.0,2.27157,-74.84153,[0.20542777237106388,0.9785430447352828,0.015904085602921073]
2008-10-01T00:00:00.000Z,0,1998.0,2.77157,-74.84153,[0.22242526776312807,0.97481278065575,0.016341448243821652]
2008-10-01T00:00:00.000Z,0,2106.0,3.27157,-74.84153,[0.2229740848888651,0.9746837473112272,0.01655748155115335]
2008-10-01T00:00:00.000Z,0,361.0,3.77157,-74.84153,[0.2953698941095824,0.9551881253059883,0.019294323728125947]
2008-10-01T00:00:00.000Z,0,289.0,4.27157,-74.84153,[0.2734439864149615,0.961688596289907,0.019581370213613766]
2008-10-01T00:00:00.000Z,0,277.0,4.77157,-74.84153,[0.2776732039679433,0.9604761645448532,0.019573684869871415]
2008-10-01T00:00:00.000Z,0,325.0,5.27157,-74.84153,[0.2869601732503719,0.9576592448473195,0.023294414063853717]
2008-10-01T00:00:00.000Z,0,379.0,5.77157,-74.84153,[0.2611270297905631,0.9646593579866259,0.03528452014112155]
2008-10-01T00:00:00.000Z,0,978.0,6.27157,-74.84153,[0.2397476486493503,0.9695058423451798,0.05078864662177026]
2008-10-01T00:00:00.000Z,0,1143.0,6.77157,-74.84153,[0.25651732696977575,0.9643348474465427,0.06524693835372304]
2008-10-01T00:00:00.000Z,0,322.0,7.27157,-74.84153,[0.2808157547373488,0.9567327457912,0.07619032105276906]
2008-10-01T00:00:00.000Z,0,55.0,7.77157,-74.84153,[0.30110060307033265,0.9501396807997164,0.08107412534523402]
2008-10-01T00:00:00.000Z,0,27.0,8.27157,-74.84153,[0.3044037812349566,0.9490235532619236,0.08180851620689458]
2008-10-01T00:00:00.000Z,0,14.0,8.77157,-74.84153,[0.30807148528087264,0.9478257740575754,0.08196500466049496]
2008-10-01T00:00:00.000Z,0,48.0,9.27157,-74.84153,[0.3054186929665839,0.948699822841257,0.08178060972841496]
2008-10-01T00:00:00.000Z,0,15.0,9.77157,-74.84153,[0.3054018595235733,0.9486475343442863,0.08244731519006357]
2008-10-01T00:00:00.000Z,0,5.0,10.27157,-74.84153,[0.3147368853680218,0.9453428031737345,0.08525067434608649]
2008-10-01T00:00:00.000Z,0,171.0,-0.72843,-74.34153,[0.3116372194978734,0.950199522091629,0.001763984261308717]
2008-10-01T00:00:00.000Z,0,219.0,-0.22843,-74.34153,[0.29683029256961724,0.9549191582665981,0.004602020039839027]
2008-10-01T00:00:00.000Z,0,201.0,0.27157,-74.34153,[0.2870198784558571,0.9578584963369975,0.011255681508072827]
2008-10-01T00:00:00.000Z,0,242.0,0.77157,-74.34153,[0.28157979095007435,0.9593746237113204,0.01769612124943155]
2008-10-01T00:00:00.000Z,0,251.0,1.27157,-74.34153,[0.2815686251183808,0.9593365804428627,0.019809966510305053]
2008-10-01T00:00:00.000Z,0,298.0,1.77157,-74.34153,[0.2846156375447076,0.9584684710991733,0.01822440050681527]
2008-10-01T00:00:00.000Z,0,313.0,2.27157,-74.34153,[0.28665105176989764,0.9578059239861642,0.02095200458719734]
2008-10-01T00:00:00.000Z,0,364.0,2.77157,-74.34153,[0.252094111036176,0.9674963180307296,0.019985839433498638]
2008-10-01T00:00:00.000Z,0,899.0,3.27157,-74.34153,[0.13693485703484115,0.9903128860759712,0.023005055981853314]
2008-10-01T00:00:00.000Z,0,3444.0,3.77157,-74.34153,[0.13053767928250953,0.9912013613315978,0.02190378008299736]
2008-10-01T00:00:00.000Z,0,2263.0,4.27157,-74.34153,[0.15051913106990436,0.9883738746478336,0.02147265925752482]
2008-10-01T00:00:00.000Z,0,2655.0,4.77157,-74.34153,[0.18350306650524983,0.9828299833162534,0.01928337309038219]
2008-10-01T00:00:00.000Z,0,1104.0,5.27157,-74.34153,[0.2495759399736674,0.9681825257599167,0.01828789215324287]
2008-10-01T00:00:00.000Z,0,744.0,5.77157,-74.34153,[0.27907551740103054,0.9599329081031558,0.02540998874390706]
2008-10-01T00:00:00.000Z,0,119.0,6.27157,-74.34153,[0.2871384138896963,0.9571280462989878,0.03817635730124372]
2008-10-01T00:00:00.000Z,0,97.0,6.77157,-74.34153,[0.25290485765576476,0.966117719831436,0.05153333291981483]
2008-10-01T00:00:00.000Z,0,575.0,7.27157,-74.34153,[0.2434330283331683,0.9674634516588576,0.06895527841197041]
2008-10-01T00:00:00.000Z,0,1234.0,7.77157,-74.34153,[0.27966591445838956,0.9568097624580337,0.07938548201751926]
2008-10-01T00:00:00.000Z,0,715.0,8.27157,-74.34153,[0.30007512065926684,0.9504238022367858,0.08154457739848478]
2008-10-01T00:00:00.000Z,0,14.0,8.77157,-74.34153,[0.30973282313258066,0.9472850576098635,0.08195485283617554]
2008-10-01T00:00:00.000Z,0,37.0,9.27157,-74.34153,[0.3107159915522046,0.9469439742543379,0.08217470545812883]
2008-10-01T00:00:00.000Z,0,95.0,9.77157,-74.34153,[0.30735714157266525,0.9480611830127432,0.0819242381030082]
2008-10-01T00:00:00.000Z,0,119.0,10.27157,-74.34153,[0.29840449405459285,0.9508859623978444,0.08228392578594929]
2008-10-01T00:00:00.000Z,0,5.0,10.77157,-74.34153,[0.2723103926692917,0.9586211384211649,0.0830214611796621]
2008-10-01T00:00:00.000Z,0,156.0,-1.22843,-73.84153,[0.3120063238418185,0.9500417276531776,0.00853050997769766]
2008-10-01T00:00:00.000Z,0,195.0,-0.72843,-73.84153,[0.29964603173529014,0.9540454113870732,0.003099786535192657]
2008-10-01T00:00:00.000Z,0,174.0,-0.22843,-73.84153,[0.28703701407261145,0.9579156822580092,0.002701524838330461]
2008-10-01T00:00:00.000Z,0,241.0,0.27157,-73.84153,[0.28324076730158343,0.9590041727533929,0.009255505388201348]
2008-10-01T00:00:00.000Z,0,232.0,0.77157,-73.84153,[0.28140539350517607,0.9594372865176475,0.017061586850313823]
2008-10-01T00:00:00.000Z,0,267.0,1.27157,-73.84153,[0.27799226354295825,0.9603369104211285,0.02175591627727499]
2008-10-01T00:00:00.000Z,0,265.0,1.77157,-73.84153,[0.26157864140801385,0.9649104241150386,0.02290169848012071]
2008-10-01T00:00:00.000Z,0,554.0,2.27157,-73.84153,[0.2457828312647392,0.9690556563081127,0.02284589312637003]
2008-10-01T00:00:00.000Z,0,995.0,2.77157,-73.84153,[0.2762304870653302,0.960605612161883,0.03055447428355285]
2008-10-01T00:00:00.000Z,0,363.0,3.27157,-73.84153,[0.2588808895429692,0.9652240062701222,0.03637722844439998]
2008-10-01T00:00:00.000Z,0,545.0,3.77157,-73.84153,[0.18870346497700452,0.9812580178804234,0.03903465961238608]
2008-10-01T00:00:00.000Z,0,1499.0,4.27157,-73.84153,[0.13593678706339615,0.9899267638568284,0.03957514526603711]
2008-10-01T00:00:00.000Z,0,3610.0,4.77157,-73.84153,[0.12475629701781282,0.9915413519502688,0.03579963305728542]
2008-10-01T00:00:00.000Z,0,2585.0,5.27157,-73.84153,[0.1516782427770516,0.9879863621984663,0.02960842410373953]
2008-10-01T00:00:00.000Z,0,2622.0,5.77157,-73.84153,[0.2274832932137457,0.9734168825890512,0.026663158088308797]
2008-10-01T00:00:00.000Z,0,616.0,6.27157,-73.84153,[0.28097355300295235,0.9592612707991419,0.02952417412413835]
2008-10-01T00:00:00.000Z,0,101.0,6.77157,-73.84153,[0.30603846676807495,0.9508649041281148,0.04686566926522181]
2008-10-01T00:00:00.000Z,0,89.0,7.27157,-73.84153,[0.311045922034344,0.947949476676096,0.0681338686360944]
2008-10-01T00:00:00.000Z,0,59.0,7.77157,-73.84153,[0.30108949422411607,0.9502787382761136,0.0794697178063652]
2008-10-01T00:00:00.000Z,0,38.0,8.27157,-73.84153,[0.3062932627004089,0.9482658575853987,0.08352425134155061]
2008-10-01T00:00:00.000Z,0,29.0,8.77157,-73.84153,[0.3134161646771372,0.9459677671094616,0.08315823055484625]
2008-10-01T00:00:00.000Z,0,52.0,9.27157,-73.84153,[0.3235230887010799,0.9425383847717381,0.08339187196121697]
2008-10-01T00:00:00.000Z,0,46.0,9.77157,-73.84153,[0.2683578362455259,0.9601491436161643,0.07808773103865713]
2008-10-01T00:00:00.000Z,0,931.0,10.27157,-73.84153,[0.1442039656119316,0.9864862192998048,0.07778274508764796]
2008-10-01T00:00:00.000Z,0,2665.0,10.77157,-73.84153,[0.27152142399151646,0.9591549489781618,0.07935931050808956]
2008-10-01T00:00:00.000Z,0,139.0,-1.72843,-73.34153,[0.30616818789983924,0.9518838022299514,0.01335169541217344]
2008-10-01T00:00:00.000Z,0,199.0,-1.22843,-73.34153,[0.302103746999205,0.9532288683724915,0.009383525474975306]
2008-10-01T00:00:00.000Z,0,223.0,-0.72843,-73.34153,[0.2977543406115348,0.9546322370751495,0.004432221100706052]
2008-10-01T00:00:00.000Z,0,171.0,-0.22843,-73.34153,[0.28469398792120965,0.9586180374534481,8.896687122537802E-4]
2008-10-01T00:00:00.000Z,0,209.0,0.27157,-73.34153,[0.2796543623797749,0.9600732440754478,0.00726660941616738]
2008-10-01T00:00:00.000Z,0,237.0,0.77157,-73.34153,[0.26968101894906854,0.9628370515892448,0.014729565693603746]
2008-10-01T00:00:00.000Z,0,249.0,1.27157,-73.34153,[0.2696507504236973,0.9627289844444455,0.021008933968753928]
2008-10-01T00:00:00.000Z,0,294.0,1.77157,-73.34153,[0.277089837469015,0.9605050887759928,0.025518550249122727]
2008-10-01T00:00:00.000Z,0,229.0,2.27157,-73.34153,[0.28367482275752526,0.9585106315830443,0.02803505084283355]
2008-10-01T00:00:00.000Z,0,267.0,2.77157,-73.34153,[0.2838255826269165,0.9583287319285297,0.03238950766448341]
2008-10-01T00:00:00.000Z,0,234.0,3.27157,-73.34153,[0.2884388780732604,0.9565804979851488,0.041913774470020655]
2008-10-01T00:00:00.000Z,0,256.0,3.77157,-73.34153,[0.28601420887314377,0.9571341635518591,0.045717231812006445]
2008-10-01T00:00:00.000Z,0,300.0,4.27157,-73.34153,[0.2224802099679897,0.9738962132422294,0.045041336625872425]
2008-10-01T00:00:00.000Z,0,1229.0,4.77157,-73.34153,[0.1574722495680231,0.9866118493343489,0.042421095801998064]
2008-10-01T00:00:00.000Z,0,2684.0,5.27157,-73.34153,[0.13651760165115326,0.9897526119708611,0.041865397839687]
2008-10-01T00:00:00.000Z,0,3515.0,5.77157,-73.34153,[0.2004149351876526,0.9790762407527948,0.035264267284384775]
2008-10-01T00:00:00.000Z,0,1301.0,6.27157,-73.34153,[0.21040596474727452,0.9771947125633729,0.028632564274886845]
2008-10-01T00:00:00.000Z,0,1945.0,6.77157,-73.34153,[0.2671312997502473,0.9630195596038326,0.03513113311841487]
2008-10-01T00:00:00.000Z,0,351.0,7.27157,-73.34153,[0.21989939306501763,0.9739934092831024,0.05459941027809462]
2008-10-01T00:00:00.000Z,0,325.0,7.77157,-73.34153,[0.22201573515365522,0.9718629975108535,0.07868498848828076]
2008-10-01T00:00:00.000Z,0,1339.0,8.27157,-73.34153,[0.24379149677443165,0.9664201038053704,0.08122739107775906]
2008-10-01T00:00:00.000Z,0,1230.0,8.77157,-73.34153,[0.2659341486183665,0.960504773068868,0.08191220611451795]
2008-10-01T00:00:00.000Z,0,809.0,9.27157,-73.34153,[0.28297120667873704,0.9557380916338066,0.08057292591776087]
2008-10-01T00:00:00.000Z,0,74.0,9.77157,-73.34153,[0.269758680966887,0.9597612574896268,0.07802937052761194]
2008-10-01T00:00:00.000Z,0,99.0,10.27157,-73.34153,[0.22502159677414132,0.9715387424703447,0.07401184273045217]
2008-10-01T00:00:00.000Z,0,1426.0,10.77157,-73.34153,[0.28493699522466565,0.955376983988585,0.07788277869474194]
2008-10-01T00:00:00.000Z,0,146.0,-2.22843,-72.84153,[0.3024999297313856,0.9529885004319592,0.017513153826553905]
2008-10-01T00:00:00.000Z,0,165.0,-1.72843,-72.84153,[0.2998534995498557,0.9538735853604842,0.014596642053559011]
2008-10-01T00:00:00.000Z,0,168.0,-1.22843,-72.84153,[0.29723344870441837,0.9547498655354044,0.01024554690609927]
2008-10-01T00:00:00.000Z,0,178.0,-0.72843,-72.84153,[0.2896934566510346,0.9571026125509181,0.0056824485727702935]
2008-10-01T00:00:00.000Z,0,191.0,-0.22843,-72.84153,[0.2880620236341108,0.9576115920809629,5.561042927299437E-4]
2008-10-01T00:00:00.000Z,0,247.0,0.27157,-72.84153,[0.27471688194235805,0.9615090867982532,0.005559746420262008]
2008-10-01T00:00:00.000Z,0,264.0,0.77157,-72.84153,[0.266458810355746,0.9637643261657425,0.012570839036944467]
2008-10-01T00:00:00.000Z,0,246.0,1.27157,-72.84153,[0.26642836313583446,0.9636542005356592,0.01965983486042649]
2008-10-01T00:00:00.000Z,0,259.0,1.77157,-72.84153,[0.26950043555110387,0.9626555557885429,0.02576424163868553]
2008-10-01T00:00:00.000Z,0,271.0,2.27157,-72.84153,[0.2832772031942957,0.9585310015062796,0.031182451824488363]
2008-10-01T00:00:00.000Z,0,193.0,2.77157,-72.84153,[0.28520222050222094,0.9577023980288586,0.03828590119582343]
2008-10-01T00:00:00.000Z,0,182.0,3.27157,-72.84153,[0.2844100294018484,0.9576618958765365,0.044661262429509005]
2008-10-01T00:00:00.000Z,0,203.0,3.77157,-72.84153,[0.28364043354994617,0.9577035815157006,0.04849695255991237]
2008-10-01T00:00:00.000Z,0,165.0,4.27157,-72.84153,[0.2805429013217601,0.9585215795160135,0.05031959976088712]
2008-10-01T00:00:00.000Z,0,293.0,4.77157,-72.84153,[0.20414582273900325,0.977751045749963,0.04824288126832235]
2008-10-01T00:00:00.000Z,0,1653.0,5.27157,-72.84153,[0.1417277332128041,0.9886090242958713,0.05065023908260868]
2008-10-01T00:00:00.000Z,0,2686.0,5.77157,-72.84153,[0.13846188654374672,0.9893515995775407,0.044852183760752146]
2008-10-01T00:00:00.000Z,0,2685.0,6.27157,-72.84153,[0.15990538652257713,0.9866502572669653,0.03084699654903616]
2008-10-01T00:00:00.000Z,0,1547.0,6.77157,-72.84153,[0.1349562319507805,0.9900879925843624,0.03889193229854311]
2008-10-01T00:00:00.000Z,0,3795.0,7.27157,-72.84153,[0.19771732602095282,0.9787007638037165,0.055251008326966264]
2008-10-01T00:00:00.000Z,0,1328.0,7.77157,-72.84153,[0.26916817613514077,0.9597389886785757,0.08030919353540265]
2008-10-01T00:00:00.000Z,0,973.0,8.27157,-72.84153,[0.31818851406878146,0.9441140946639391,0.08605025143246973]
2008-10-01T00:00:00.000Z,0,83.0,8.77157,-72.84153,[0.33467849533424193,0.9382950672763569,0.08713593682095085]
2008-10-01T00:00:00.000Z,0,223.0,10.77157,-72.84153,[0.2942244793593432,0.9525658431365708,0.07778348304902176]
2008-10-01T00:00:00.000Z,0,51.0,11.27157,-72.84153,[0.3275469281596466,0.9412539885020891,0.08218235201117487]
2008-10-01T00:00:00.000Z,0,149.0,-2.22843,-72.34153,[0.29600111656392436,0.9550224704232275,0.01776006699383546]
2008-10-01T00:00:00.000Z,0,147.0,-1.72843,-72.34153,[0.29601464338366124,0.955066113558605,0.014968287627702115]
2008-10-01T00:00:00.000Z,0,145.0,-1.22843,-72.34153,[0.2969822975547064,0.9548261038362635,0.010422397612297242]
2008-10-01T00:00:00.000Z,0,205.0,-0.72843,-72.34153,[0.28693757342318654,0.957930052812792,0.0060698332839520235]
2008-10-01T00:00:00.000Z,0,176.0,-0.22843,-72.34153,[0.2816341417370858,0.959520971267048,0.0013099262406376082]
2008-10-01T00:00:00.000Z,0,150.0,0.27157,-72.34153,[0.2784514473548187,0.9604399531808785,0.0044595739615420175]
2008-10-01T00:00:00.000Z,0,218.0,0.77157,-72.34153,[0.27599066784256665,0.9610969138988203,0.011039626713702667]
2008-10-01T00:00:00.000Z,0,234.0,1.27157,-72.34153,[0.2733884041397652,0.961722054088502,0.018694147792956275]
2008-10-01T00:00:00.000Z,0,237.0,1.77157,-72.34153,[0.27434272211714406,0.9612796168671582,0.026030155917414064]
2008-10-01T00:00:00.000Z,0,203.0,2.27157,-72.34153,[0.28148146921177153,0.9590008195238262,0.03294860608602907]
2008-10-01T00:00:00.000Z,0,188.0,2.77157,-72.34153,[0.2824796368528693,0.9584523086992297,0.03967904626610343]
2008-10-01T00:00:00.000Z,0,220.0,3.27157,-72.34153,[0.28420170653979643,0.9576602251496642,0.04600307779009935]
2008-10-01T00:00:00.000Z,0,180.0,3.77157,-72.34153,[0.2904682184887364,0.9555170739475035,0.051140350436626944]
2008-10-01T00:00:00.000Z,0,190.0,4.27157,-72.34153,[0.2920823196251366,0.9548845064667928,0.053698211069544345]
2008-10-01T00:00:00.000Z,0,177.0,4.77157,-72.34153,[0.2892026591269941,0.9557244125837382,0.05433846837503287]
2008-10-01T00:00:00.000Z,0,257.0,5.27157,-72.34153,[0.22583595039948015,0.9727470448914193,0.0525481699222205]
2008-10-01T00:00:00.000Z,0,1342.0,5.77157,-72.34153,[0.15885277866537298,0.9860218904300653,0.050265557820543025]
2008-10-01T00:00:00.000Z,0,3317.0,6.27157,-72.34153,[0.15813067512146423,0.9868739213784812,0.03278037352882908]
2008-10-01T00:00:00.000Z,0,3467.0,6.77157,-72.34153,[0.20879644088707228,0.9773450424501255,0.03465132423232263]
2008-10-01T00:00:00.000Z,0,2203.0,7.27157,-72.34153,[0.2268719915531398,0.9727828320741946,0.04714510653738417]
2008-10-01T00:00:00.000Z,0,97.0,11.27157,-72.34153,[0.332513411838119,0.939557469748991,0.08164920077163776]
2008-10-01T00:00:00.000Z,0,19.0,11.77157,-72.34153,[0.32829989848198965,0.9410473624357395,0.08154163543523787]
2008-10-01T00:00:00.000Z,0,109.0,-2.22843,-71.84153,[0.2925655964542222,0.9560822887900241,0.01766433789912285]
2008-10-01T00:00:00.000Z,0,140.0,-1.72843,-71.84153,[0.2918798217190797,0.956348658284106,0.014262309470364125]
2008-10-01T00:00:00.000Z,0,153.0,-1.22843,-71.84153,[0.2918980925168421,0.9564085228298048,0.008845396742934612]
2008-10-01T00:00:00.000Z,0,136.0,-0.72843,-71.84153,[0.29006499498375676,0.9569947372380763,0.004834416583062613]
2008-10-01T00:00:00.000Z,0,192.0,-0.22843,-71.84153,[0.2775841059817511,0.9607012417962166,4.3372516559648605E-4]
2008-10-01T00:00:00.000Z,0,216.0,0.27157,-71.84153,[0.2767158228215216,0.9609389315950496,0.004972237441324216]
2008-10-01T00:00:00.000Z,0,215.0,0.77157,-71.84153,[0.27243634908055736,0.9621078941939368,0.011262132540731702]
2008-10-01T00:00:00.000Z,0,232.0,1.27157,-71.84153,[0.26137064927694836,0.9650608588687324,0.018518163410310106]
2008-10-01T00:00:00.000Z,0,233.0,1.77157,-71.84153,[0.2766182600333934,0.9606001295690888,0.027013501956386073]
2008-10-01T00:00:00.000Z,0,159.0,2.27157,-71.84153,[0.28146697605507365,0.9589514416760069,0.03447424978038887]
2008-10-01T00:00:00.000Z,0,186.0,2.77157,-71.84153,[0.2822790208945449,0.9584357453628731,0.04146656934846221]
2008-10-01T00:00:00.000Z,0,222.0,3.27157,-71.84153,[0.2848896159887519,0.9573616165203407,0.04792329199190632]
2008-10-01T00:00:00.000Z,0,206.0,3.77157,-71.84153,[0.2885819828038182,0.9559974565470116,0.052813845501548204]
2008-10-01T00:00:00.000Z,0,189.0,4.27157,-71.84153,[0.2937192967132964,0.9543063739956908,0.05503016708536471]
2008-10-01T00:00:00.000Z,0,149.0,4.77157,-71.84153,[0.29994727871608895,0.952304097824845,0.056111810314948954]
2008-10-01T00:00:00.000Z,0,172.0,5.27157,-71.84153,[0.30015357801706055,0.9522113509506748,0.05658067447677923]
2008-10-01T00:00:00.000Z,0,213.0,5.77157,-71.84153,[0.2891711346887577,0.9558712507767269,0.051867203523539074]
2008-10-01T00:00:00.000Z,0,412.0,6.27157,-71.84153,[0.279646455275546,0.9592790289575083,0.03976939343467806]
2008-10-01T00:00:00.000Z,0,325.0,6.77157,-71.84153,[0.3132046746637167,0.9491411623839628,0.03215409207574278]
2008-10-01T00:00:00.000Z,0,174.0,11.77157,-71.84153,[0.33190956756635626,0.9398156214244496,0.08113344984955376]
2008-10-01T00:00:00.000Z,0,107.0,-2.22843,-71.34153,[0.2882058612720798,0.9574111376349015,0.01735785300843208]
2008-10-01T00:00:00.000Z,0,121.0,-1.72843,-71.34153,[0.28913356802715884,0.957207342635367,0.012485313164809133]
2008-10-01T00:00:00.000Z,0,140.0,-1.22843,-71.34153,[0.2866419364393536,0.9580162058182198,0.006430370437232646]
2008-10-01T00:00:00.000Z,0,186.0,-0.72843,-71.34153,[0.28664696224245073,0.9580330030840845,0.0025067985291164895]
2008-10-01T00:00:00.000Z,0,201.0,-0.22843,-71.34153,[0.2781362876282815,0.9605404351813907,0.0015092666770526904]
2008-10-01T00:00:00.000Z,0,185.0,0.27157,-71.34153,[0.2781309784599859,0.9605221000304165,0.006360359584937662]
2008-10-01T00:00:00.000Z,0,228.0,0.77157,-71.34153,[0.2685032651335261,0.9632021892091573,0.012146576279849991]
2008-10-01T00:00:00.000Z,0,342.0,1.27157,-71.34153,[0.26846978202658894,0.9630820752064938,0.019922162396417514]
2008-10-01T00:00:00.000Z,0,222.0,1.77157,-71.34153,[0.2748901291767291,0.9610416625514552,0.028884939354898484]
2008-10-01T00:00:00.000Z,0,164.0,2.27157,-71.34153,[0.27810738768916904,0.9598492329972488,0.03668420405705382]
2008-10-01T00:00:00.000Z,0,189.0,2.77157,-71.34153,[0.284861081687878,0.9575714822892515,0.04371521984363974]
2008-10-01T00:00:00.000Z,0,209.0,3.27157,-71.34153,[0.2900486964603642,0.9557160113253379,0.04978613640392458]
2008-10-01T00:00:00.000Z,0,171.0,3.77157,-71.34153,[0.28856828360813336,0.9559520746555152,0.05370266899579934]
2008-10-01T00:00:00.000Z,0,165.0,4.27157,-71.34153,[0.2937009227594969,0.9542466762454151,0.05615201550076205]
2008-10-01T00:00:00.000Z,0,131.0,4.77157,-71.34153,[0.29536247189584336,0.9537276764270362,0.05625415018168925]
2008-10-01T00:00:00.000Z,0,146.0,5.27157,-71.34153,[0.2980065587859026,0.9529411252431333,0.055635445005276875]
2008-10-01T00:00:00.000Z,0,151.0,5.77157,-71.34153,[0.2997683632083999,0.9526729421660892,0.050529136980203775]
2008-10-01T00:00:00.000Z,0,157.0,6.27157,-71.34153,[0.30597077623937785,0.9512700449246823,0.038303860333726625]
2008-10-01T00:00:00.000Z,0,154.0,6.77157,-71.34153,[0.3088060536036101,0.9507062773863951,0.028220478306846764]
2008-10-01T00:00:00.000Z,0,97.0,-2.22843,-70.84153,[0.2864092311513686,0.9579520875252217,0.017249646876161977]
2008-10-01T00:00:00.000Z,0,137.0,-1.72843,-70.84153,[0.28396371982325147,0.958782445638963,0.010041302640137788]
2008-10-01T00:00:00.000Z,0,114.0,-1.22843,-70.84153,[0.27983280451135295,0.960041775477411,0.003659352058994616]
2008-10-01T00:00:00.000Z,0,155.0,-0.72843,-70.84153,[0.2831647075989297,0.9590712701818155,2.1698445026737908E-4]
2008-10-01T00:00:00.000Z,0,183.0,-0.22843,-70.84153,[0.27641750860328607,0.9610329659579363,0.0029998799383302364]
2008-10-01T00:00:00.000Z,0,193.0,0.27157,-70.84153,[0.27556058628178787,0.9612578591225157,0.007049224300231783]
2008-10-01T00:00:00.000Z,0,250.0,0.77157,-70.84153,[0.2748404943333277,0.9614070210337028,0.012619135537483528]
2008-10-01T00:00:00.000Z,0,316.0,1.27157,-70.84153,[0.275651272545425,0.9610254482517541,0.021129688984999503]
2008-10-01T00:00:00.000Z,0,186.0,1.77157,-70.84153,[0.27800633677601866,0.9600916514241573,0.030602247924181897]
2008-10-01T00:00:00.000Z,0,191.0,2.27157,-70.84153,[0.2779308451737812,0.9598309420536396,0.038457872762418556]
2008-10-01T00:00:00.000Z,0,160.0,2.77157,-70.84153,[0.2839423224379484,0.9577592953003107,0.04553998017562481]
2008-10-01T00:00:00.000Z,0,240.0,3.27157,-70.84153,[0.2914411559311308,0.955217781036634,0.05119612701147621]
2008-10-01T00:00:00.000Z,0,186.0,3.77157,-70.84153,[0.29089018602103756,0.9551451701916825,0.05550318491895659]
2008-10-01T00:00:00.000Z,0,176.0,4.27157,-70.84153,[0.291781158981976,0.9547168956728256,0.058132644701389846]
2008-10-01T00:00:00.000Z,0,146.0,4.77157,-70.84153,[0.2941420006874792,0.9540042835985542,0.05793367161829438]
2008-10-01T00:00:00.000Z,0,123.0,5.27157,-70.84153,[0.2965369135387956,0.9533941522077504,0.05572655960087555]
2008-10-01T00:00:00.000Z,0,120.0,5.77157,-70.84153,[0.29670854876012887,0.9537060495861285,0.04907960956934462]
2008-10-01T00:00:00.000Z,0,126.0,6.27157,-70.84153,[0.29756671422660663,0.9539966568463494,0.03666646029234217]
2008-10-01T00:00:00.000Z,0,122.0,6.77157,-70.84153,[0.30556655704748303,0.9517832388034563,0.027161471737554045]
2008-10-01T00:00:00.000Z,0,97.0,-3.72843,-70.34153,[0.27480168163732444,0.9612794457274988,0.020636448122956164]
2008-10-01T00:00:00.000Z,0,132.0,-2.22843,-70.34153,[0.2821838643432839,0.9592105502771705,0.016952490709596525]
2008-10-01T00:00:00.000Z,0,129.0,-1.72843,-70.34153,[0.28308965074499837,0.9590603757178462,0.007965260135030372]
2008-10-01T00:00:00.000Z,0,144.0,-1.22843,-70.34153,[0.2789687109771533,0.9602961397098163,0.0027896871097715333]
2008-10-01T00:00:00.000Z,0,134.0,-0.72843,-70.34153,[0.27740783930060164,0.9607522465352885,1.0710727386123617E-4]
2008-10-01T00:00:00.000Z,0,170.0,-0.22843,-70.34153,[0.2774067652421526,0.9607485267266829,0.002784778338338211]
2008-10-01T00:00:00.000Z,0,177.0,0.27157,-70.34153,[0.27896493904385616,0.9602831555548126,0.005901181402850804]
2008-10-01T00:00:00.000Z,0,190.0,0.77157,-70.34153,[0.2747070732272476,0.9614747562953664,0.010115182928910277]
2008-10-01T00:00:00.000Z,0,195.0,1.27157,-70.34153,[0.27551538146789506,0.9611001679112618,0.01943558117331663]
2008-10-01T00:00:00.000Z,0,216.0,1.77157,-70.34153,[0.27630487585483876,0.9606413707046138,0.028701436716704182]
2008-10-01T00:00:00.000Z,0,168.0,2.27157,-70.34153,[0.27980432230552,0.9593291050474971,0.03737926467865248]
2008-10-01T00:00:00.000Z,0,193.0,2.77157,-70.34153,[0.28814314125142154,0.956459932747114,0.0464534950154383]
2008-10-01T00:00:00.000Z,0,177.0,3.27157,-70.34153,[0.29312860677454705,0.9546037269676758,0.052984378356606805]
2008-10-01T00:00:00.000Z,0,174.0,3.77157,-70.34153,[0.2880909454763902,0.9558879646841145,0.057287050077489084]
2008-10-01T00:00:00.000Z,0,118.0,4.27157,-70.34153,[0.28713181257900516,0.9560059200427413,0.060066655045263144]
2008-10-01T00:00:00.000Z,0,116.0,4.77157,-70.34153,[0.28623607018327246,0.9563136137923893,0.059440593884802176]
2008-10-01T00:00:00.000Z,0,124.0,5.27157,-70.34153,[0.29030551146263783,0.9552694565864914,0.056417863548399436]
2008-10-01T00:00:00.000Z,0,105.0,5.77157,-70.34153,[0.2914146803879239,0.9553142905949986,0.0495185847877224]
2008-10-01T00:00:00.000Z,0,104.0,6.27157,-70.34153,[0.28873543715658734,0.95664042952258,0.03835278259589387]
2008-10-01T00:00:00.000Z,0,109.0,6.77157,-70.34153,[0.30455664827399886,0.9520215227527966,0.030004469792919892]
2008-10-01T00:00:00.000Z,0,140.0,-3.72843,-69.84153,[0.27548982435359526,0.961059921599947,0.021660650311771234]
2008-10-01T00:00:00.000Z,0,128.0,-3.22843,-69.84153,[0.2771667195259504,0.9605625241586373,0.022321441916021197]
2008-10-01T00:00:00.000Z,0,61.0,-2.72843,-69.84153,[0.2795686873224908,0.9598879264342555,0.021366276103353857]
2008-10-01T00:00:00.000Z,0,111.0,-2.22843,-69.84153,[0.2770615945870098,0.9606925023036164,0.017515388163546596]
2008-10-01T00:00:00.000Z,0,145.0,-1.72843,-69.84153,[0.2763937954270422,0.9609999656386391,0.009248561616212566]
2008-10-01T00:00:00.000Z,0,68.0,-1.22843,-69.84153,[0.27725211651996956,0.9607852191711252,0.004798594324384089]
2008-10-01T00:00:00.000Z,0,122.0,-0.72843,-69.84153,[0.2781094466364761,0.960547242613675,0.0020323382638819405]
2008-10-01T00:00:00.000Z,0,188.0,0.77157,-69.84153,[0.2796602742065433,0.960059791912118,0.008679111958134103]
2008-10-01T00:00:00.000Z,0,195.0,1.77157,-69.84153,[0.2782006097777618,0.9602754638660967,0.021804912658257004]
2008-10-01T00:00:00.000Z,0,182.0,2.27157,-69.84153,[0.2812746195962114,0.9591356760177323,0.030713895243264462]
2008-10-01T00:00:00.000Z,0,180.0,2.77157,-69.84153,[0.2844896501580885,0.9577094329749394,0.04310778286746609]
2008-10-01T00:00:00.000Z,0,198.0,3.27157,-69.84153,[0.285248531735325,0.9569979366234759,0.05280364041665367]
2008-10-01T00:00:00.000Z,0,149.0,3.77157,-69.84153,[0.28445835865108854,0.9569135589871866,0.05830851412962925]
2008-10-01T00:00:00.000Z,0,188.0,4.27157,-69.84153,[0.28441401085090756,0.9567643736670376,0.06091472492937062]
2008-10-01T00:00:00.000Z,0,143.0,4.77157,-69.84153,[0.2786074536911825,0.958452668875844,0.06120758345570767]
2008-10-01T00:00:00.000Z,0,100.0,5.27157,-69.84153,[0.27847114444825116,0.9585833626199415,0.05976419177004775]
2008-10-01T00:00:00.000Z,0,112.0,5.77157,-69.84153,[0.28200348206988624,0.9579507597030487,0.052956379075719096]
2008-10-01T00:00:00.000Z,0,98.0,6.27157,-69.84153,[0.28880884310851723,0.9565435743556527,0.04017265862787645]
2008-10-01T00:00:00.000Z,0,169.0,0.77157,-69.34153,[0.2823932272154904,0.9592747031365897,0.006790371494112938]
2008-10-01T00:00:00.000Z,0,182.0,1.77157,-69.34153,[0.2832385674661878,0.9589030890935443,0.01675648013635844]
2008-10-01T00:00:00.000Z,0,167.0,2.27157,-69.34153,[0.28567174763309555,0.9580322487163128,0.023787875563364227]
2008-10-01T00:00:00.000Z,0,128.0,2.77157,-69.34153,[0.28554739115394306,0.9576152053147444,0.037892030232975715]
2008-10-01T00:00:00.000Z,0,182.0,3.27157,-69.34153,[0.28437085798598694,0.9573095295558797,0.051881400808130446]
2008-10-01T00:00:00.000Z,0,123.0,3.77157,-69.34153,[0.28179610861127025,0.9576748978474969,0.05873451459177433]
2008-10-01T00:00:00.000Z,0,172.0,4.27157,-69.34153,[0.2836226090219203,0.9569556731884641,0.061595902493691866]
2008-10-01T00:00:00.000Z,0,142.0,4.77157,-69.34153,[0.27911545889697137,0.9581894680907521,0.06298812463230502]
2008-10-01T00:00:00.000Z,0,117.0,5.27157,-69.34153,[0.28096037196097784,0.9576244738975312,0.06337693886600683]
2008-10-01T00:00:00.000Z,0,83.0,5.77157,-69.34153,[0.2869753420226027,0.9562234981356914,0.05728677582262523]
2008-10-01T00:00:00.000Z,0,139.0,1.77157,-68.84153,[0.2841396978540582,0.9587003545915552,0.012580230897355247]
2008-10-01T00:00:00.000Z,0,178.0,2.27157,-68.84153,[0.28222694366986417,0.9591390767631016,0.020004591792691522]
2008-10-01T00:00:00.000Z,0,155.0,2.77157,-68.84153,[0.28648014375342135,0.9574754614420433,0.03420333275230963]
2008-10-01T00:00:00.000Z,0,154.0,3.27157,-68.84153,[0.28949415796270245,0.9558769366693006,0.049924086863756614]
2008-10-01T00:00:00.000Z,0,118.0,3.77157,-68.84153,[0.28933630606794475,0.9553557275828364,0.0598325644246165]
2008-10-01T00:00:00.000Z,0,168.0,4.27157,-68.84153,[0.2893671792117217,0.9551292607063596,0.063203883880455]
2008-10-01T00:00:00.000Z,0,130.0,4.77157,-68.84153,[0.28593886211892905,0.9560069125938533,0.06549618464384525]
2008-10-01T00:00:00.000Z,0,118.0,5.27157,-68.84153,[0.28582850086615713,0.9560097207000635,0.06593543826798852]
2008-10-01T00:00:00.000Z,0,76.0,5.77157,-68.84153,[0.2980188726324627,0.9525566188215381,0.06181132173117744]
2008-10-01T00:00:00.000Z,0,140.0,1.77157,-68.34153,[0.282269458970194,0.9592835636266747,0.009949728055654349]
2008-10-01T00:00:00.000Z,0,115.0,2.27157,-68.34153,[0.2824198404771511,0.9591412274666323,0.016945190428629065]
2008-10-01T00:00:00.000Z,0,126.0,2.77157,-68.34153,[0.28464159907005016,0.9582209556480314,0.028138234411886634]
2008-10-01T00:00:00.000Z,0,132.0,3.27157,-68.34153,[0.2888831298753747,0.9563782405722632,0.0434418949092893]
2008-10-01T00:00:00.000Z,0,110.0,3.77157,-68.34153,[0.2947473404913561,0.9537891467585456,0.05839750678648965]
2008-10-01T00:00:00.000Z,0,121.0,4.27157,-68.34153,[0.2985859479576389,0.9521574118204705,0.06513597161001825]
2008-10-01T00:00:00.000Z,0,109.0,4.77157,-68.34153,[0.30110951077407516,0.9511060561719864,0.06877741223953968]
2008-10-01T00:00:00.000Z,0,89.0,5.27157,-68.34153,[0.30297603690072505,0.9504470490922746,0.06968448848716677]
2008-10-01T00:00:00.000Z,0,65.0,5.77157,-68.34153,[0.3171730827758963,0.9457733591469659,0.07009984800481764]
2008-10-01T00:00:00.000Z,0,136.0,2.27157,-67.84153,[0.28651292129096534,0.9579592330186474,0.014981782525519944]
2008-10-01T00:00:00.000Z,0,120.0,2.77157,-67.84153,[0.2918223965796556,0.9561605039447049,0.024429071834887836]
2008-10-01T00:00:00.000Z,0,103.0,3.27157,-67.84153,[0.29654446975889504,0.9540513090744975,0.04298228831336793]
2008-10-01T00:00:00.000Z,0,95.0,3.77157,-67.84153,[0.2988923554097705,0.9524405653729254,0.059332363088805185]
2008-10-01T00:00:00.000Z,0,110.0,4.27157,-67.84153,[0.30164017919481684,0.9510669829090306,0.06696862187347612]
2008-10-01T00:00:00.000Z,0,101.0,4.77157,-67.84153,[0.3112738503998983,0.9476048951288416,0.07178824963097286]
2008-10-01T00:00:00.000Z,0,80.0,5.77157,-67.84153,[0.32308440061403343,0.9434064497929776,0.07483809570586884]
2008-10-01T00:00:00.000Z,0,54.0,6.27157,-67.84153,[0.3183105243571918,0.9456716305448208,0.0662085890662959]
2008-10-01T00:00:00.000Z,0,114.0,2.27157,-67.34153,[0.29514985939119376,0.9553534922399166,0.013647907031998809]
