2006-05-01T00:00:00.000Z,0,10.0,1.77157,-78.84153,[0.28092293258294765,0.9597289292133386,0.0016396280111845194]
2006-05-01T00:00:00.000Z,0,235.0,1.27157,-78.34153,[0.2858047697862354,0.9582865810479658,0.001569124226277371]
2006-05-01T00:00:00.000Z,0,57.0,1.77157,-78.34153,[0.28806185259345846,0.957611023486362,0.001223428717578395]
2006-05-01T00:00:00.000Z,0,1772.0,1.27157,-77.84153,[0.25905226949532323,0.965862987557994,7.816232269255444E-4]
2006-05-01T00:00:00.000Z,0,528.0,1.77157,-77.84153,[0.28796220419704655,0.9576417488413408,2.2322651488143144E-4]
2006-05-01T00:00:00.000Z,0,116.0,2.27157,-77.84153,[0.2883574498057466,0.957522829507632,1.1006009534570483E-4]
2006-05-01T00:00:00.000Z,0,167.0,7.27157,-77.84153,[0.2555637589247623,0.9645470901353932,0.06584888788424319]
2006-05-01T00:00:00.000Z,0,2201.0,0.77157,-77.34153,[0.18216886633136503,0.9832592847326472,0.003960192746334022]
2006-05-01T00:00:00.000Z,0,2447.0,1.27157,-77.34153,[0.22321938320093207,0.9747620301588442,0.0034772868739843693]
2006-05-01T00:00:00.000Z,0,1706.0,1.77157,-77.34153,[0.20744011497513032,0.9782439106195618,0.0027294751970411884]
2006-05-01T00:00:00.000Z,0,2096.0,2.27157,-77.34153,[0.2692566525139321,0.9630673629336491,0.0014524217770461067]
2006-05-01T00:00:00.000Z,0,57.0,2.77157,-77.34153,[0.2887737143182006,0.9573959297780342,0.0016660021979896186]
2006-05-01T00:00:00.000Z,0,74.0,3.27157,-77.34153,[0.27896794019929055,0.96029348645525,0.0036480422949137993]
2006-05-01T00:00:00.000Z,0,28.0,4.27157,-77.34153,[0.27398152880183446,0.9615397379623316,0.01937664043997765]
2006-05-01T00:00:00.000Z,0,14.0,5.27157,-77.34153,[0.2593051993470813,0.9650220948250203,0.03864155911838859]
2006-05-01T00:00:00.000Z,0,499.0,6.27157,-77.34153,[0.26950811876005076,0.9614884236845056,0.05390162375201016]
2006-05-01T00:00:00.000Z,0,695.0,6.77157,-77.34153,[0.2826224968368786,0.9573040212407053,0.06077446172582503]
2006-05-01T00:00:00.000Z,0,345.0,7.27157,-77.34153,[0.27829848542923663,0.9582322850574854,0.06588505810351246]
2006-05-01T00:00:00.000Z,0,279.0,0.27157,-76.84153,[0.2642593706421595,0.964433771488907,0.005872430458714656]
2006-05-01T00:00:00.000Z,0,485.0,0.77157,-76.84153,[0.19374381321629253,0.9810380368640014,0.0052635602434484095]
2006-05-01T00:00:00.000Z,0,3335.0,1.27157,-76.84153,[0.1618445404288069,0.9868021284478642,0.005282425972329113]
2006-05-01T00:00:00.000Z,0,2008.0,1.77157,-76.84153,[0.16493158667946586,0.9862908883432059,0.005277810773742907]
2006-05-01T00:00:00.000Z,0,1013.0,2.27157,-76.84153,[0.20545204187477886,0.9786586510809357,0.004086949220089686]
2006-05-01T00:00:00.000Z,0,2856.0,2.77157,-76.84153,[0.24492382626306947,0.9695371740091092,0.0031603074356525095]
2006-05-01T00:00:00.000Z,0,1911.0,3.27157,-76.84153,[0.24850684853384472,0.9686244718408081,0.0033134246471179297]
2006-05-01T00:00:00.000Z,0,794.0,3.77157,-76.84153,[0.26741673382223924,0.9635663688331697,0.005305028322789361]
2006-05-01T00:00:00.000Z,0,70.0,4.27157,-76.84153,[0.2772407818057537,0.9607459400268618,0.010236582712827827]
2006-05-01T00:00:00.000Z,0,24.0,4.77157,-76.84153,[0.2781149478198643,0.9601839263134477,0.0264367821121544]
2006-05-01T00:00:00.000Z,0,133.0,5.27157,-76.84153,[0.2780438476577895,0.9599384550314557,0.0347819109807653]
2006-05-01T00:00:00.000Z,0,76.0,5.77157,-76.84153,[0.2711067451945242,0.961483224236394,0.045289537666217024]
2006-05-01T00:00:00.000Z,0,38.0,6.27157,-76.84153,[0.2671049738559138,0.9622088625124454,0.05300035701707896]
2006-05-01T00:00:00.000Z,0,20.0,6.77157,-76.84153,[0.2868218749574121,0.9560729165247072,0.060479668764428104]
2006-05-01T00:00:00.000Z,0,15.0,7.27157,-76.84153,[0.28741695118217037,0.9555541175496783,0.06563402019533145]
2006-05-01T00:00:00.000Z,0,8.0,7.77157,-76.84153,[0.29788139153238297,0.951925316418702,0.07144836275160779]
2006-05-01T00:00:00.000Z,0,294.0,0.77157,-76.34153,[0.24963480399972313,0.9683143742590157,0.0070524630726379175]
2006-05-01T00:00:00.000Z,0,1412.0,1.27157,-76.34153,[0.1882715360906891,0.9820947964496765,0.0066060188101996166]
2006-05-01T00:00:00.000Z,0,2388.0,1.77157,-76.34153,[0.142207892625884,0.9898120780388912,0.006997531224448261]
2006-05-01T00:00:00.000Z,0,3852.0,2.27157,-76.34153,[0.14871747053710285,0.9888601958847659,0.0062150584702072844]
2006-05-01T00:00:00.000Z,0,2450.0,2.77157,-76.34153,[0.20891963070818223,0.9779216756553211,0.004667353451991305]
2006-05-01T00:00:00.000Z,0,990.0,3.27157,-76.34153,[0.2125191286800369,0.9771498081576955,0.003724562049031575]
2006-05-01T00:00:00.000Z,0,962.0,3.77157,-76.34153,[0.23043707984308895,0.9730779058776884,0.004259263561080791]
2006-05-01T00:00:00.000Z,0,1899.0,4.27157,-76.34153,[0.19630841371477628,0.9805142758319192,0.007400107742127691]
2006-05-01T00:00:00.000Z,0,1358.0,4.77157,-76.34153,[0.22912205175890307,0.9732432106823129,0.01734180666982523]
2006-05-01T00:00:00.000Z,0,407.0,5.27157,-76.34153,[0.2141895028163079,0.9763298210898694,0.030048915686365522]
2006-05-01T00:00:00.000Z,0,480.0,5.77157,-76.34153,[0.20353205013749226,0.9781999552526414,0.0412256244411145]
2006-05-01T00:00:00.000Z,0,1095.0,6.27157,-76.34153,[0.20456467974363673,0.9775930172673294,0.04965062327446058]
2006-05-01T00:00:00.000Z,0,1485.0,6.77157,-76.34153,[0.23245049803299536,0.9709436731997683,0.05687837407621524]
2006-05-01T00:00:00.000Z,0,827.0,7.27157,-76.34153,[0.27009707622205165,0.960698227974121,0.06408185533895736]
2006-05-01T00:00:00.000Z,0,201.0,7.77157,-76.34153,[0.28821014031798725,0.9549649425461667,0.07054695971962673]
2006-05-01T00:00:00.000Z,0,165.0,8.27157,-76.34153,[0.2900569561751143,0.9541067642683245,0.07447982647573446]
2006-05-01T00:00:00.000Z,0,99.0,8.77157,-76.34153,[0.3022452504317789,0.9499136442141624,0.07944732297063904]
2006-05-01T00:00:00.000Z,0,267.0,0.27157,-75.84153,[0.28172352316246524,0.9594439664328134,0.009956493991283913]
2006-05-01T00:00:00.000Z,0,241.0,0.77157,-75.84153,[0.2770891234342565,0.9608009036155316,0.009123666259420642]
2006-05-01T00:00:00.000Z,0,250.0,1.27157,-75.84153,[0.22452944313753137,0.9744356620894833,0.007853000227962918]
2006-05-01T00:00:00.000Z,0,1712.0,1.77157,-75.84153,[0.23637331095740194,0.971630677252782,0.007841230026952275]
2006-05-01T00:00:00.000Z,0,1262.0,2.27157,-75.84153,[0.20488259655868096,0.9787597955167424,0.007237700421909927]
2006-05-01T00:00:00.000Z,0,2705.0,2.77157,-75.84153,[0.16824279825501035,0.9857302410582017,0.005500245327567647]
2006-05-01T00:00:00.000Z,0,1867.0,3.27157,-75.84153,[0.14658564093222864,0.9891894330534566,0.004112834529753178]
2006-05-01T00:00:00.000Z,0,3782.0,3.77157,-75.84153,[0.165750046732713,0.9861606554034371,0.003752831246778408]
2006-05-01T00:00:00.000Z,0,2035.0,4.27157,-75.84153,[0.21282919385799168,0.9770794808935073,0.004407069165746292]
2006-05-01T00:00:00.000Z,0,1185.0,4.77157,-75.84153,[0.21422644205095595,0.9767453125194575,0.008696320914939795]
2006-05-01T00:00:00.000Z,0,1530.0,5.27157,-75.84153,[0.23007775829251415,0.9729002350654883,0.023007775829251415]
2006-05-01T00:00:00.000Z,0,1704.0,5.77157,-75.84153,[0.2186386908736584,0.9750402224315169,0.038648253437262844]
2006-05-01T00:00:00.000Z,0,488.0,6.27157,-75.84153,[0.1821502138612894,0.9821622326952479,0.046675992301955405]
2006-05-01T00:00:00.000Z,0,896.0,6.77157,-75.84153,[0.19252782025266085,0.9797750852648499,0.054532749087272]
2006-05-01T00:00:00.000Z,0,2421.0,7.27157,-75.84153,[0.24985792216750966,0.9662555330295394,0.06261999377144226]
2006-05-01T00:00:00.000Z,0,131.0,7.77157,-75.84153,[0.29524639648723044,0.9527914846346154,0.07083750538429888]
2006-05-01T00:00:00.000Z,0,43.0,8.27157,-75.84153,[0.29590049584338557,0.952261595714168,0.07510492585406658]
2006-05-01T00:00:00.000Z,0,10.0,8.77157,-75.84153,[0.3038102642428685,0.949407075758964,0.07953318703215093]
2006-05-01T00:00:00.000Z,0,155.0,9.27157,-75.84153,[0.3095065879898452,0.9472443618194549,0.08326938808552417]
2006-05-01T00:00:00.000Z,0,228.0,0.27157,-75.34153,[0.2815316672019054,0.9594599218240937,0.013288294691929936]
2006-05-01T00:00:00.000Z,0,189.0,0.77157,-75.34153,[0.27645859260451394,0.9609165597785929,0.014491781063946297]
2006-05-01T00:00:00.000Z,0,244.0,1.27157,-75.34153,[0.2705589139199294,0.9626083672936332,0.013527945695996472]
2006-05-01T00:00:00.000Z,0,1357.0,1.77157,-75.34153,[0.21342461088798362,0.9769126518996364,0.009571103684151844]
2006-05-01T00:00:00.000Z,0,2437.0,2.27157,-75.34153,[0.24740033364680367,0.968888748514459,0.006904195357585218]
2006-05-01T00:00:00.000Z,0,485.0,2.77157,-75.34153,[0.2854951220407351,0.9583632934894386,0.0056862098995665075]
2006-05-01T00:00:00.000Z,0,694.0,3.27157,-75.34153,[0.2877724394926166,0.9576880375017444,0.004543775360409736]
2006-05-01T00:00:00.000Z,0,442.0,3.77157,-75.34153,[0.23084112267515988,0.9729845451074496,0.0036675692387642227]
2006-05-01T00:00:00.000Z,0,2270.0,4.27157,-75.34153,[0.12286059107385489,0.992417015829328,0.0037070005927456215]
2006-05-01T00:00:00.000Z,0,4229.0,4.77157,-75.34153,[0.15643252984739417,0.9876720511933513,0.0057256350793817475]
2006-05-01T00:00:00.000Z,0,3209.0,5.27157,-75.34153,[0.17513072883522174,0.9844626768843826,0.012746200974397796]
2006-05-01T00:00:00.000Z,0,1992.0,5.77157,-75.34153,[0.19260403373846616,0.9809123466898932,0.02673301889047563]
2006-05-01T00:00:00.000Z,0,2185.0,6.27157,-75.34153,[0.19833017115601714,0.9792552200828346,0.04152537958579108]
2006-05-01T00:00:00.000Z,0,2092.0,6.77157,-75.34153,[0.23477622370719994,0.9706116607808482,0.05285005901633938]
2006-05-01T00:00:00.000Z,0,869.0,7.27157,-75.34153,[0.288508903997859,0.9552850376818,0.06475422067507502]
2006-05-01T00:00:00.000Z,0,83.0,7.77157,-75.34153,[0.3029946043995444,0.9502518955182845,0.07221914405938963]
2006-05-01T00:00:00.000Z,0,30.0,8.27157,-75.34153,[0.3096412641900846,0.9476565380906503,0.07790618284070812]
2006-05-01T00:00:00.000Z,0,74.0,8.77157,-75.34153,[0.30950019583981375,0.9473590223914014,0.08197872570810837]
2006-05-01T00:00:00.000Z,0,180.0,9.27157,-75.34153,[0.3015506003133659,0.9497743360234845,0.08364177234969272]
2006-05-01T00:00:00.000Z,0,136.0,9.77157,-75.34153,[0.31302288247550814,0.9457524100416599,0.08700031004034585]
2006-05-01T00:00:00.000Z,0,79.0,10.27157,-75.34153,[0.31295868523696335,0.9455347511414639,0.08955945354121612]
2006-05-01T00:00:00.000Z,0,205.0,0.27157,-74.84153,[0.2780816355857946,0.9604425968023428,0.014853356438919952]
2006-05-01T00:00:00.000Z,0,239.0,0.77157,-74.84153,[0.2743920190173748,0.9614784859923335,0.016375007586520753]
2006-05-01T00:00:00.000Z,0,226.0,1.27157,-74.84153,[0.2726550882478319,0.9619887186163424,0.015391819497861477]
2006-05-01T00:00:00.000Z,0,258.0,1.77157,-74.84153,[0.269694487521978,0.9628761868553264,0.011590176323258558]
2006-05-01T00:00:00.000Z,0,576.0,2.27157,-74.84153,[0.20024843415086832,0.9797100810606998,0.008289854532052075]
2006-05-01T00:00:00.000Z,0,1998.0,2.77157,-74.84153,[0.2197459252638885,0.9755387288230203,0.0059930706890151415]
2006-05-01T00:00:00.000Z,0,2106.0,3.27157,-74.84153,[0.2198939792988249,0.9755100552227282,0.005173975983501763]
2006-05-01T00:00:00.000Z,0,361.0,3.77157,-74.84153,[0.2872385600222624,0.9578433256519268,0.005493008319150834]
2006-05-01T00:00:00.000Z,0,289.0,4.27157,-74.84153,[0.26925306474516536,0.96305453033333,0.005362716642227359]
2006-05-01T00:00:00.000Z,0,277.0,4.77157,-74.84153,[0.28137086234032416,0.9595755305311451,0.006725996709330457]
2006-05-01T00:00:00.000Z,0,325.0,5.27157,-74.84153,[0.28946551116259417,0.9571215943805316,0.01131244526382552]
2006-05-01T00:00:00.000Z,0,379.0,5.77157,-74.84153,[0.267029384064172,0.9634420177035325,0.021789597739636433]
2006-05-01T00:00:00.000Z,0,978.0,6.27157,-74.84153,[0.24481219590434908,0.9689191550982255,0.03553392210594771]
2006-05-01T00:00:00.000Z,0,1143.0,6.77157,-74.84153,[0.2582457225514097,0.9648060194520668,0.04958317872987066]
2006-05-01T00:00:00.000Z,0,322.0,7.27157,-74.84153,[0.28422891647974163,0.9566212039728619,0.06395150620794188]
2006-05-01T00:00:00.000Z,0,55.0,7.77157,-74.84153,[0.3106800825198189,0.9475189705319743,0.07540349333755035]
2006-05-01T00:00:00.000Z,0,27.0,8.27157,-74.84153,[0.3229671184178381,0.9428373421882151,0.08215830205366056]
2006-05-01T00:00:00.000Z,0,14.0,8.77157,-74.84153,[0.3309065885482053,0.9396824727065761,0.08658914564449553]
2006-05-01T00:00:00.000Z,0,48.0,9.27157,-74.84153,[0.3298226177677973,0.9398791380445972,0.08856775190407983]
2006-05-01T00:00:00.000Z,0,15.0,9.77157,-74.84153,[0.31734689193249577,0.9441352372084214,0.08887971670849613]
2006-05-01T00:00:00.000Z,0,5.0,10.27157,-74.84153,[0.3244197320348862,0.9413863803257927,0.09243116575871144]
2006-05-01T00:00:00.000Z,0,171.0,-0.72843,-74.34153,[0.28889292117829274,0.9573118368457152,0.00974305538091497]
2006-05-01T00:00:00.000Z,0,219.0,-0.22843,-74.34153,[0.27601772978159717,0.9610737820106215,0.012304404821589274]
2006-05-01T00:00:00.000Z,0,201.0,0.27157,-74.34153,[0.27265600443550403,0.9619919511333307,0.015171987343588527]
2006-05-01T00:00:00.000Z,0,242.0,0.77157,-74.34153,[0.2697918433723542,0.9627652475182801,0.017188351311625792]
2006-05-01T00:00:00.000Z,0,251.0,1.27157,-74.34153,[0.2672753656749466,0.9634845843282348,0.01616584873033951]
2006-05-01T00:00:00.000Z,0,298.0,1.77157,-74.34153,[0.27571827552847356,0.961169287200854,0.01153403144641025]
2006-05-01T00:00:00.000Z,0,313.0,2.27157,-74.34153,[0.27323946302888635,0.9618917682236404,0.010218711625470545]
2006-05-01T00:00:00.000Z,0,364.0,2.77157,-74.34153,[0.24278713872092955,0.9700499705456144,0.007580231932915899]
2006-05-01T00:00:00.000Z,0,899.0,3.27157,-74.34153,[0.1359140509842976,0.9906860122527317,0.008282262481855636]
2006-05-01T00:00:00.000Z,0,3444.0,3.77157,-74.34153,[0.13202046479322152,0.9912181671168486,0.007559236290579619]
2006-05-01T00:00:00.000Z,0,2263.0,4.27157,-74.34153,[0.1532814502633859,0.9881544160312945,0.007459697246151448]
2006-05-01T00:00:00.000Z,0,2655.0,4.77157,-74.34153,[0.1867326978416653,0.9823763669061523,0.008220298111508094]
2006-05-01T00:00:00.000Z,0,1104.0,5.27157,-74.34153,[0.25400835743276445,0.9671447918988104,0.010521685098679366]
2006-05-01T00:00:00.000Z,0,744.0,5.77157,-74.34153,[0.2856182249447329,0.9581683093428963,0.018322678581360222]
2006-05-01T00:00:00.000Z,0,119.0,6.27157,-74.34153,[0.29845300852030104,0.9539643435976168,0.029628244118560795]
2006-05-01T00:00:00.000Z,0,97.0,6.77157,-74.34153,[0.258405959494738,0.9651306920887804,0.04182232999051382]
2006-05-01T00:00:00.000Z,0,575.0,7.27157,-74.34153,[0.25204940664254655,0.9658450623392665,0.06011998142047627]
2006-05-01T00:00:00.000Z,0,1234.0,7.77157,-74.34153,[0.29439302644611987,0.9526426024323879,0.07618935628249769]
2006-05-01T00:00:00.000Z,0,715.0,8.27157,-74.34153,[0.3274678548625963,0.9410392039735662,0.08491184026086268]
2006-05-01T00:00:00.000Z,0,14.0,8.77157,-74.34153,[0.34273069627279773,0.9351483602769808,0.0896281992658416]
2006-05-01T00:00:00.000Z,0,37.0,9.27157,-74.34153,[0.32812894559360467,0.9403271197046408,0.09009052675838544]
2006-05-01T00:00:00.000Z,0,95.0,9.77157,-74.34153,[0.3190265918439625,0.9434072073100033,0.0905807644699822]
2006-05-01T00:00:00.000Z,0,119.0,10.27157,-74.34153,[0.3111672473596814,0.94585856417636,0.09233916149085131]
2006-05-01T00:00:00.000Z,0,5.0,10.77157,-74.34153,[0.28365547397474955,0.9544172418444514,0.09288326304663368]
2006-05-01T00:00:00.000Z,0,156.0,-1.22843,-73.84153,[0.28579988713352106,0.9582702098006295,0.006052232904003976]
2006-05-01T00:00:00.000Z,0,195.0,-0.72843,-73.84153,[0.27748398466507856,0.9606915644380608,0.008623008288396863]
2006-05-01T00:00:00.000Z,0,174.0,-0.22843,-73.84153,[0.2677951429672692,0.963409355796883,0.011321420678291056]
2006-05-01T00:00:00.000Z,0,241.0,0.27157,-73.84153,[0.2650036645912653,0.9641393488178148,0.014435158965540467]
2006-05-01T00:00:00.000Z,0,232.0,0.77157,-73.84153,[0.26145971661790635,0.9650626938579633,0.017111794461578424]
2006-05-01T00:00:00.000Z,0,267.0,1.27157,-73.84153,[0.2637061763286938,0.9644415400408277,0.01765130051232386]
2006-05-01T00:00:00.000Z,0,265.0,1.77157,-73.84153,[0.2506774121742851,0.9679518562528067,0.015167036702981952]
2006-05-01T00:00:00.000Z,0,554.0,2.27157,-73.84153,[0.2358238045513528,0.9717204089325833,0.012107025680091773]
2006-05-01T00:00:00.000Z,0,995.0,2.77157,-73.84153,[0.2647531933328279,0.9642245930022744,0.013292135632347737]
2006-05-01T00:00:00.000Z,0,363.0,3.27157,-73.84153,[0.24502237517656408,0.9693898336679784,0.015728510546268525]
2006-05-01T00:00:00.000Z,0,545.0,3.77157,-73.84153,[0.18756662835163798,0.9820904360883517,0.017808292242374617]
2006-05-01T00:00:00.000Z,0,1499.0,4.27157,-73.84153,[0.1376879632651982,0.9902941973304639,0.018958573403438827]
2006-05-01T00:00:00.000Z,0,3610.0,4.77157,-73.84153,[0.12643503686435076,0.9917895924523252,0.019172526081889255]
2006-05-01T00:00:00.000Z,0,2585.0,5.27157,-73.84153,[0.1519540344077391,0.9881978054620941,0.019366690659809886]
2006-05-01T00:00:00.000Z,0,2622.0,5.77157,-73.84153,[0.23100601093457762,0.972711409271607,0.021650339141402113]
2006-05-01T00:00:00.000Z,0,616.0,6.27157,-73.84153,[0.2905599830621104,0.9565626408673973,0.023723624085221003]
2006-05-01T00:00:00.000Z,0,101.0,6.77157,-73.84153,[0.3176682890365863,0.9473724506374789,0.039652211964850484]
2006-05-01T00:00:00.000Z,0,89.0,7.27157,-73.84153,[0.3224434920220236,0.9446231878955058,0.06096906873796714]
2006-05-01T00:00:00.000Z,0,59.0,7.77157,-73.84153,[0.32139259832841255,0.9437358629360805,0.07790647436512049]
2006-05-01T00:00:00.000Z,0,38.0,8.27157,-73.84153,[0.33204515653893363,0.9392466141258646,0.08695867910757386]
2006-05-01T00:00:00.000Z,0,29.0,8.77157,-73.84153,[0.3392034128649867,0.9363427542627236,0.09057202239346346]
2006-05-01T00:00:00.000Z,0,52.0,9.27157,-73.84153,[0.3381892494895027,0.9365240755093921,0.09246992765761927]
2006-05-01T00:00:00.000Z,0,46.0,9.77157,-73.84153,[0.2809923090054901,0.9555968603877183,0.08875788808268656]
2006-05-01T00:00:00.000Z,0,931.0,10.27157,-73.84153,[0.14595792926190304,0.98548236910409,0.08672244848115992]
2006-05-01T00:00:00.000Z,0,2665.0,10.77157,-73.84153,[0.28115846350610163,0.9552746220699437,0.09165323141065046]
2006-05-01T00:00:00.000Z,0,139.0,-1.72843,-73.34153,[0.28144519271253604,0.959572979878174,0.0028809350435141487]
2006-05-01T00:00:00.000Z,0,199.0,-1.22843,-73.34153,[0.2789374899815896,0.9602946789484765,0.005292094671587471]
2006-05-01T00:00:00.000Z,0,223.0,-0.72843,-73.34153,[0.2728455436908861,0.9620251241690605,0.007935348481846488]
2006-05-01T00:00:00.000Z,0,171.0,-0.22843,-73.34153,[0.26729477009851943,0.9635545341454692,0.010778014923327396]
2006-05-01T00:00:00.000Z,0,209.0,0.27157,-73.34153,[0.26381378563077146,0.9644690219618891,0.014205357687810772]
2006-05-01T00:00:00.000Z,0,237.0,0.77157,-73.34153,[0.25585347198830943,0.9665575608447246,0.01747805611113554]
2006-05-01T00:00:00.000Z,0,249.0,1.27157,-73.34153,[0.25578784012304234,0.9665425762026436,0.019184088009228176]
2006-05-01T00:00:00.000Z,0,294.0,1.77157,-73.34153,[0.2636054542387429,0.9644360193232722,0.019373412901883515]
2006-05-01T00:00:00.000Z,0,229.0,2.27157,-73.34153,[0.2725418368905604,0.9619757325820965,0.01798991571570102]
2006-05-01T00:00:00.000Z,0,267.0,2.77157,-73.34153,[0.27611289878216433,0.9609598524544617,0.017827761968612185]
2006-05-01T00:00:00.000Z,0,234.0,3.27157,-73.34153,[0.2745131255543605,0.9613384554986695,0.021700642336313084]
2006-05-01T00:00:00.000Z,0,256.0,3.77157,-73.34153,[0.2753603106575988,0.9610401356152558,0.024053212907244798]
2006-05-01T00:00:00.000Z,0,300.0,4.27157,-73.34153,[0.21541876040330515,0.9762147727544903,0.02448418106047322]
2006-05-01T00:00:00.000Z,0,1229.0,4.77157,-73.34153,[0.1571338024617762,0.9872551404670806,0.025224110395179862]
2006-05-01T00:00:00.000Z,0,2684.0,5.27157,-73.34153,[0.13108415793527084,0.9909962339906476,0.02726550485053634]
2006-05-01T00:00:00.000Z,0,3515.0,5.77157,-73.34153,[0.1968396266825696,0.9800541412721622,0.02735034812852546]
2006-05-01T00:00:00.000Z,0,1301.0,6.27157,-73.34153,[0.21046910320817605,0.9773268257884611,0.023130762827829252]
2006-05-01T00:00:00.000Z,0,1945.0,6.77157,-73.34153,[0.27431178736046674,0.9611973516784097,0.029200932202888396]
2006-05-01T00:00:00.000Z,0,351.0,7.27157,-73.34153,[0.22972640333792355,0.9720830215317691,0.04775331254570725]
2006-05-01T00:00:00.000Z,0,325.0,7.77157,-73.34153,[0.23590867612614846,0.9687546098328411,0.07656110276131022]
2006-05-01T00:00:00.000Z,0,1339.0,8.27157,-73.34153,[0.258275099912497,0.9624610560841768,0.08344272458711441]
2006-05-01T00:00:00.000Z,0,1230.0,8.77157,-73.34153,[0.26868104166820195,0.959257933889779,0.08737685115408056]
2006-05-01T00:00:00.000Z,0,809.0,9.27157,-73.34153,[0.2853652833344673,0.9542254138377838,0.08955732607413718]
2006-05-01T00:00:00.000Z,0,74.0,9.77157,-73.34153,[0.2801496257184304,0.9556717070878713,0.09059677412346014]
2006-05-01T00:00:00.000Z,0,99.0,10.27157,-73.34153,[0.2307952544477047,0.969126369370686,0.08676191972756306]
2006-05-01T00:00:00.000Z,0,1426.0,10.77157,-73.34153,[0.2980593778866492,0.9499220631120309,0.09385457509789527]
2006-05-01T00:00:00.000Z,0,146.0,-2.22843,-72.84153,[0.2771801015093848,0.9608179803309507,0.0]
2006-05-01T00:00:00.000Z,0,165.0,-1.72843,-72.84153,[0.27789830400124527,0.9606090980830447,0.001641131716542787]
2006-05-01T00:00:00.000Z,0,168.0,-1.22843,-72.84153,[0.27543764399771997,0.96131003814224,0.0041370080916653595]
2006-05-01T00:00:00.000Z,0,178.0,-0.72843,-72.84153,[0.26874581545531273,0.9631850025918407,0.007094889528020256]
2006-05-01T00:00:00.000Z,0,191.0,-0.22843,-72.84153,[0.26790603948807806,0.9633901179991288,0.010287591916342197]
2006-05-01T00:00:00.000Z,0,247.0,0.27157,-72.84153,[0.25659118084908283,0.9664233409848654,0.01367084160261507]
2006-05-01T00:00:00.000Z,0,264.0,0.77157,-72.84153,[0.2517912271431518,0.9676274431534346,0.01727162963048066]
2006-05-01T00:00:00.000Z,0,246.0,1.27157,-72.84153,[0.2539813136116021,0.967002624365485,0.019985414841568686]
2006-05-01T00:00:00.000Z,0,259.0,1.77157,-72.84153,[0.257993556303106,0.9659027046957747,0.02170921388404184]
2006-05-01T00:00:00.000Z,0,271.0,2.27157,-72.84153,[0.27422427153351053,0.961398034317484,0.02269071423277283]
2006-05-01T00:00:00.000Z,0,193.0,2.77157,-72.84153,[0.27321894908333016,0.9616446475610126,0.024310032477493155]
2006-05-01T00:00:00.000Z,0,182.0,3.27157,-72.84153,[0.2767727850833316,0.9605643717597979,0.02670043338450964]
2006-05-01T00:00:00.000Z,0,203.0,3.77157,-72.84153,[0.27762508419943766,0.9602561735839372,0.028851234240333715]
2006-05-01T00:00:00.000Z,0,165.0,4.27157,-72.84153,[0.27444928044042943,0.9611148714237961,0.030590789361344302]
2006-05-01T00:00:00.000Z,0,293.0,4.77157,-72.84153,[0.1996009707838007,0.9793892193381308,0.030922637442671715]
2006-05-01T00:00:00.000Z,0,1653.0,5.27157,-72.84153,[0.138756812447401,0.9897263262849776,0.034472395592401193]
2006-05-01T00:00:00.000Z,0,2686.0,5.77157,-72.84153,[0.1379430459773642,0.9898792979335655,0.03332703990813119]
2006-05-01T00:00:00.000Z,0,2685.0,6.27157,-72.84153,[0.16067673985442316,0.9867061541395784,0.024371102823556798]
2006-05-01T00:00:00.000Z,0,1547.0,6.77157,-72.84153,[0.14004648320943686,0.9896618146800205,0.03092693170875064]
2006-05-01T00:00:00.000Z,0,3795.0,7.27157,-72.84153,[0.20972337165287436,0.9765244492586963,0.04915391523114243]
2006-05-01T00:00:00.000Z,0,1328.0,7.77157,-72.84153,[0.28652896399398003,0.9547234620580662,0.08002664424050615]
2006-05-01T00:00:00.000Z,0,973.0,8.27157,-72.84153,[0.3257454985824513,0.9413001596048058,0.08856568004163444]
2006-05-01T00:00:00.000Z,0,83.0,8.77157,-72.84153,[0.3309777061709316,0.938943847293423,0.09401175271025397]
2006-05-01T00:00:00.000Z,0,223.0,10.77157,-72.84153,[0.3123110936519405,0.9450906602676259,0.09625707587929211]
2006-05-01T00:00:00.000Z,0,51.0,11.27157,-72.84153,[0.3337896985510744,0.9374519193349323,0.09883489301069046]
2006-05-01T00:00:00.000Z,0,149.0,-2.22843,-72.34153,[0.27343610909433735,0.9618898699366016,7.565425943321587E-4]
2006-05-01T00:00:00.000Z,0,147.0,-1.72843,-72.34153,[0.2752936445177398,0.9613600893198239,4.335332984531336E-4]
2006-05-01T00:00:00.000Z,0,145.0,-1.22843,-72.34153,[0.27329847771626187,0.9619245633005439,0.003012739124431234]
2006-05-01T00:00:00.000Z,0,205.0,-0.72843,-72.34153,[0.26780433827156125,0.9634554480447003,0.005868222551767279]
2006-05-01T00:00:00.000Z,0,176.0,-0.22843,-72.34153,[0.265170103764679,0.9641584972883728,0.009121851569504956]
2006-05-01T00:00:00.000Z,0,150.0,0.27157,-72.34153,[0.2620277550528562,0.9649777163994745,0.012627843617005119]
2006-05-01T00:00:00.000Z,0,218.0,0.77157,-72.34153,[0.2601637499331113,0.96542692746263,0.016299415658459986]
2006-05-01T00:00:00.000Z,0,234.0,1.27157,-72.34153,[0.25715700004375497,0.9661607127149984,0.020093644132973567]
2006-05-01T00:00:00.000Z,0,237.0,1.77157,-72.34153,[0.2634906007309947,0.9643755986754405,0.023503361585204725]
2006-05-01T00:00:00.000Z,0,203.0,2.27157,-72.34153,[0.2725113939877749,0.9618049199568527,0.02586186562550648]
2006-05-01T00:00:00.000Z,0,188.0,2.77157,-72.34153,[0.27150844019169107,0.9620377802067794,0.02768530945261732]
2006-05-01T00:00:00.000Z,0,220.0,3.27157,-72.34153,[0.27417233564232835,0.9612159531931043,0.02989016051316364]
2006-05-01T00:00:00.000Z,0,180.0,3.77157,-72.34153,[0.27814895188254585,0.9599926860693314,0.032360520082833154]
2006-05-01T00:00:00.000Z,0,190.0,4.27157,-72.34153,[0.2815780919921925,0.958887556513953,0.03533315826156856]
2006-05-01T00:00:00.000Z,0,177.0,4.77157,-72.34153,[0.2807214467272081,0.9590405845388666,0.03790285681491876]
2006-05-01T00:00:00.000Z,0,257.0,5.27157,-72.34153,[0.22127368960581134,0.9744552869178998,0.03840375093639321]
2006-05-01T00:00:00.000Z,0,1342.0,5.77157,-72.34153,[0.15847103394283288,0.9866449990002404,0.03766400601244042]
2006-05-01T00:00:00.000Z,0,3317.0,6.27157,-72.34153,[0.16072741566494436,0.986687746165353,0.02477880991501226]
2006-05-01T00:00:00.000Z,0,3467.0,6.77157,-72.34153,[0.21965983944485834,0.9751565599597499,0.028622342715542145]
2006-05-01T00:00:00.000Z,0,2203.0,7.27157,-72.34153,[0.24125170387202985,0.9694744396338976,0.043782716628627635]
2006-05-01T00:00:00.000Z,0,97.0,11.27157,-72.34153,[0.3519649975094164,0.9303690143955202,0.10263594682617247]
2006-05-01T00:00:00.000Z,0,19.0,11.77157,-72.34153,[0.3396915320244985,0.9350519556434076,0.10142733023346331]
2006-05-01T00:00:00.000Z,0,109.0,-2.22843,-71.84153,[0.2709003102469337,0.9626062407588671,0.0014990531001806606]
2006-05-01T00:00:00.000Z,0,140.0,-1.72843,-71.84153,[0.2700654296107223,0.9628419664382272,1.0674522909514713E-4]
2006-05-01T00:00:00.000Z,0,153.0,-1.22843,-71.84153,[0.2707752425058676,0.9626379684362143,0.002984923933135549]
2006-05-01T00:00:00.000Z,0,136.0,-0.72843,-71.84153,[0.2714814501155137,0.9624283564879389,0.005429629002310274]
2006-05-01T00:00:00.000Z,0,192.0,-0.22843,-71.84153,[0.2579789008044183,0.96611531677768,0.008251147029776943]
2006-05-01T00:00:00.000Z,0,216.0,0.27157,-71.84153,[0.25939565874840326,0.9657019102802001,0.011563420932157738]
2006-05-01T00:00:00.000Z,0,215.0,0.77157,-71.84153,[0.2593817534138436,0.965650142227442,0.015521237453278193]
2006-05-01T00:00:00.000Z,0,232.0,1.27157,-71.84153,[0.24926887231893868,0.9682344627264561,0.019673700253271607]
2006-05-01T00:00:00.000Z,0,233.0,1.77157,-71.84153,[0.2657156277297678,0.9637463640674914,0.02425182316581214]
2006-05-01T00:00:00.000Z,0,159.0,2.27157,-71.84153,[0.27067645454849915,0.9622867655799004,0.027174210988136722]
2006-05-01T00:00:00.000Z,0,186.0,2.77157,-71.84153,[0.27488232766336007,0.9610143877293251,0.029850502769693005]
2006-05-01T00:00:00.000Z,0,222.0,3.27157,-71.84153,[0.27485835203252773,0.9609305666762199,0.03263942930386267]
2006-05-01T00:00:00.000Z,0,206.0,3.77157,-71.84153,[0.2772530839169953,0.9601371388565207,0.035600590541870994]
2006-05-01T00:00:00.000Z,0,189.0,4.27157,-71.84153,[0.28225292071010344,0.9585743422577743,0.038321261927179426]
2006-05-01T00:00:00.000Z,0,149.0,4.77157,-71.84153,[0.28630949040097564,0.9572790595086056,0.04054229806822976]
2006-05-01T00:00:00.000Z,0,172.0,5.27157,-71.84153,[0.2908596065389825,0.9558401573666562,0.042074729342852814]
2006-05-01T00:00:00.000Z,0,213.0,5.77157,-71.84153,[0.2855816926161774,0.9575386164189477,0.03953346568372965]
2006-05-01T00:00:00.000Z,0,412.0,6.27157,-71.84153,[0.28069359797029736,0.9593182806133456,0.030323926848999996]
2006-05-01T00:00:00.000Z,0,325.0,6.77157,-71.84153,[0.3182434268098967,0.9476319140324433,0.02673718009629615]
2006-05-01T00:00:00.000Z,0,174.0,11.77157,-71.84153,[0.35337298174407783,0.9294704836719231,0.10588746741697544]
2006-05-01T00:00:00.000Z,0,107.0,-2.22843,-71.34153,[0.26840921772657866,0.9633026470187092,0.0021218119978385665]
2006-05-01T00:00:00.000Z,0,121.0,-1.72843,-71.34153,[0.2684098219293302,0.9633048154617858,0.0]
2006-05-01T00:00:00.000Z,0,140.0,-1.22843,-71.34153,[0.2682966161284751,0.9633327319258633,0.0026407147256739677]
2006-05-01T00:00:00.000Z,0,186.0,-0.72843,-71.34153,[0.2690003565339087,0.9631267667272887,0.005063536122991222]
2006-05-01T00:00:00.000Z,0,201.0,-0.22843,-71.34153,[0.26011480692535144,0.9655461633069045,0.007803444207760543]
2006-05-01T00:00:00.000Z,0,185.0,0.27157,-71.34153,[0.26107655006736,0.9652551333167733,0.011025543548661419]
2006-05-01T00:00:00.000Z,0,228.0,0.77157,-71.34153,[0.25143409635591196,0.9677647055658163,0.0145729149724651]
2006-05-01T00:00:00.000Z,0,342.0,1.27157,-71.34153,[0.2561278948187632,0.9664420970489365,0.019702145755289478]
2006-05-01T00:00:00.000Z,0,222.0,1.77157,-71.34153,[0.2649003519721057,0.9639429474540514,0.025333724137014874]
2006-05-01T00:00:00.000Z,0,164.0,2.27157,-71.34153,[0.2698300579338814,0.9624646948350257,0.029213884225124956]
2006-05-01T00:00:00.000Z,0,189.0,2.77157,-71.34153,[0.27471912044281366,0.9609824485528775,0.03228216901701546]
2006-05-01T00:00:00.000Z,0,209.0,3.27157,-71.34153,[0.27710301833110407,0.9601941797984769,0.03522860078007834]
2006-05-01T00:00:00.000Z,0,171.0,3.77157,-71.34153,[0.27637012336508626,0.9603055259339379,0.037853028569848395]
2006-05-01T00:00:00.000Z,0,165.0,4.27157,-71.34153,[0.27977263009027153,0.9592204460237881,0.04029157954581903]
2006-05-01T00:00:00.000Z,0,131.0,4.77157,-71.34153,[0.28291673793885563,0.958231403593672,0.04184132599402233]
2006-05-01T00:00:00.000Z,0,146.0,5.27157,-71.34153,[0.2907204367868194,0.9558535573142395,0.04272709449745679]
2006-05-01T00:00:00.000Z,0,151.0,5.77157,-71.34153,[0.2968240853354327,0.954077417149605,0.04039485672610024]
2006-05-01T00:00:00.000Z,0,157.0,6.27157,-71.34153,[0.3031449221030441,0.9524180015326983,0.03167185753315386]
2006-05-01T00:00:00.000Z,0,154.0,6.77157,-71.34153,[0.31473054923363486,0.9488371170622867,0.025550081487601357]
2006-05-01T00:00:00.000Z,0,97.0,-2.22843,-70.84153,[0.2633818794827233,0.9646883919148953,0.0025083988522164122]
2006-05-01T00:00:00.000Z,0,137.0,-1.72843,-70.84153,[0.2648887934524298,0.9642789674691219,0.0]
2006-05-01T00:00:00.000Z,0,114.0,-1.22843,-70.84153,[0.26267386191494246,0.9648816760381551,0.0024069716430452893]
2006-05-01T00:00:00.000Z,0,155.0,-0.72843,-70.84153,[0.26108955971098763,0.9653032327163207,0.004680888520714918]
2006-05-01T00:00:00.000Z,0,183.0,-0.22843,-70.84153,[0.2600413289246153,0.9655717870826354,0.007044944369272447]
2006-05-01T00:00:00.000Z,0,193.0,0.27157,-70.84153,[0.26178582816643026,0.9650755332008482,0.00986891018881384]
2006-05-01T00:00:00.000Z,0,250.0,0.77157,-70.84153,[0.2600245600567381,0.9655095218043024,0.013363812050724786]
2006-05-01T00:00:00.000Z,0,316.0,1.27157,-70.84153,[0.2633340174075651,0.964513087568185,0.019227563175790472]
2006-05-01T00:00:00.000Z,0,186.0,1.77157,-70.84153,[0.2673890115400027,0.9632320691303249,0.02621254483207114]
2006-05-01T00:00:00.000Z,0,191.0,2.27157,-70.84153,[0.27233971047159483,0.9616996026028192,0.03106374822566628]
2006-05-01T00:00:00.000Z,0,160.0,2.77157,-70.84153,[0.2745567726297356,0.9609487042040746,0.034585639963048094]
2006-05-01T00:00:00.000Z,0,240.0,3.27157,-70.84153,[0.28120378488309045,0.9588941323599636,0.03803254255315361]
2006-05-01T00:00:00.000Z,0,186.0,3.77157,-70.84153,[0.27890191339461645,0.959465655732059,0.040489235303619996]
2006-05-01T00:00:00.000Z,0,176.0,4.27157,-70.84153,[0.2804446249031675,0.9589048905342922,0.043037463590909174]
2006-05-01T00:00:00.000Z,0,146.0,4.77157,-70.84153,[0.28026978181858986,0.9589307094406158,0.043597521616225085]
2006-05-01T00:00:00.000Z,0,123.0,5.27157,-70.84153,[0.2886708458418254,0.9564264250910289,0.043790822652231616]
2006-05-01T00:00:00.000Z,0,120.0,5.77157,-70.84153,[0.2922186012072899,0.9554563252957455,0.041370273878784856]
2006-05-01T00:00:00.000Z,0,126.0,6.27157,-70.84153,[0.3002622542529277,0.9532489410111534,0.03404460503611262]
2006-05-01T00:00:00.000Z,0,122.0,6.77157,-70.84153,[0.3072496479486615,0.951226769848439,0.02766380594076509]
2006-05-01T00:00:00.000Z,0,97.0,-3.72843,-70.34153,[0.26267058247370834,0.9648696296444584,0.005546430625938861]
2006-05-01T00:00:00.000Z,0,132.0,-2.22843,-70.34153,[0.2617978301129895,0.9651197784720923,0.0023894246399201423]
2006-05-01T00:00:00.000Z,0,129.0,-1.72843,-70.34153,[0.26329350464132933,0.9647157264921435,3.12205736728849E-4]
2006-05-01T00:00:00.000Z,0,144.0,-1.22843,-70.34153,[0.26004716676451983,0.9655934638427589,0.0021756934271135123]
2006-05-01T00:00:00.000Z,0,134.0,-0.72843,-70.34153,[0.2592675787201777,0.9657975541966779,0.003925166530425001]
2006-05-01T00:00:00.000Z,0,170.0,-0.22843,-70.34153,[0.2610091407650877,0.9653195206073879,0.005696628072253899]
2006-05-01T00:00:00.000Z,0,177.0,0.27157,-70.34153,[0.26249587412109454,0.9649057823423632,0.007262731695050046]
2006-05-01T00:00:00.000Z,0,190.0,0.77157,-70.34153,[0.2632809202739744,0.9646696169722302,0.009781978856029086]
2006-05-01T00:00:00.000Z,0,195.0,1.27157,-70.34153,[0.26582417366467664,0.9638742675006582,0.016849485023627143]
2006-05-01T00:00:00.000Z,0,216.0,1.77157,-70.34153,[0.26810437889555755,0.963072984581689,0.024707658447237657]
2006-05-01T00:00:00.000Z,0,168.0,2.27157,-70.34153,[0.2688762723649092,0.9626824967418119,0.03078896922766803]
2006-05-01T00:00:00.000Z,0,193.0,2.77157,-70.34153,[0.27468148717150637,0.9608549319590145,0.03616462823377748]
2006-05-01T00:00:00.000Z,0,177.0,3.27157,-70.34153,[0.2804307104743229,0.9590302159732568,0.04024501799173488]
2006-05-01T00:00:00.000Z,0,174.0,3.77157,-70.34153,[0.2754530498473478,0.9603633359542667,0.04275371661723313]
2006-05-01T00:00:00.000Z,0,118.0,4.27157,-70.34153,[0.2769683337028541,0.9598018025625827,0.04548672249658411]
2006-05-01T00:00:00.000Z,0,116.0,4.77157,-70.34153,[0.2752738578366184,0.9602822656069726,0.045631935664454816]
2006-05-01T00:00:00.000Z,0,124.0,5.27157,-70.34153,[0.2844882859349961,0.9575983058642134,0.04551812574959938]
2006-05-01T00:00:00.000Z,0,105.0,5.77157,-70.34153,[0.29035975016440974,0.9559034471704727,0.0440433328901071]
2006-05-01T00:00:00.000Z,0,104.0,6.27157,-70.34153,[0.29666788229606766,0.9542078900716803,0.0384118489390804]
2006-05-01T00:00:00.000Z,0,109.0,6.77157,-70.34153,[0.30189023894125094,0.9528059957662531,0.031984653568125104]
2006-05-01T00:00:00.000Z,0,140.0,-3.72843,-69.84153,[0.264084484605577,0.9644824655160203,0.005740967056642978]
2006-05-01T00:00:00.000Z,0,128.0,-3.22843,-69.84153,[0.26329036800391775,0.9647042337534852,0.004891164939203215]
2006-05-01T00:00:00.000Z,0,61.0,-2.72843,-69.84153,[0.26408754180731037,0.9644936309484378,0.003131472827754668]
2006-05-01T00:00:00.000Z,0,111.0,-2.22843,-69.84153,[0.25779074032866933,0.9661996947518526,0.0014436281458405484]
2006-05-01T00:00:00.000Z,0,145.0,-1.72843,-69.84153,[0.25849582520199765,0.9660122870098558,4.119455381705142E-4]
2006-05-01T00:00:00.000Z,0,68.0,-1.22843,-69.84153,[0.2577265246849159,0.9662177678426528,5.133994515635775E-4]
2006-05-01T00:00:00.000Z,0,122.0,-0.72843,-69.84153,[0.25919822433955264,0.9658219549795236,0.002057128764599624]
2006-05-01T00:00:00.000Z,0,188.0,0.77157,-69.84153,[0.26725760084137296,0.9635889280335439,0.008351800026292905]
2006-05-01T00:00:00.000Z,0,195.0,1.77157,-69.84153,[0.2673274263805912,0.9634270778186798,0.018555668419358684]
2006-05-01T00:00:00.000Z,0,182.0,2.27157,-69.84153,[0.2721253734471822,0.9619315526505046,0.025208513276696334]
2006-05-01T00:00:00.000Z,0,180.0,2.77157,-69.84153,[0.27303287671332166,0.961413063948067,0.033733791717476036]
2006-05-01T00:00:00.000Z,0,198.0,3.27157,-69.84153,[0.2721339474008889,0.9613998527869242,0.04066248557688958]
2006-05-01T00:00:00.000Z,0,149.0,3.77157,-69.84153,[0.27209268921348534,0.9612540950978344,0.04422819388373642]
2006-05-01T00:00:00.000Z,0,188.0,4.27157,-69.84153,[0.2694586937507059,0.9619048718775198,0.0461630785417876]
2006-05-01T00:00:00.000Z,0,143.0,4.77157,-69.84153,[0.26863061182832687,0.9620724237572638,0.04747889883477405]
2006-05-01T00:00:00.000Z,0,100.0,5.27157,-69.84153,[0.27439720137843876,0.9603902048245356,0.04854719716695454]
2006-05-01T00:00:00.000Z,0,112.0,5.77157,-69.84153,[0.28208555446387834,0.9582295552398921,0.047157814066862105]
2006-05-01T00:00:00.000Z,0,98.0,6.27157,-69.84153,[0.2940802854655007,0.9549348595452776,0.04020198658985309]
2006-05-01T00:00:00.000Z,0,169.0,0.77157,-69.34153,[0.2705570697154907,0.9626798061969785,0.006816360283529805]
2006-05-01T00:00:00.000Z,0,182.0,1.77157,-69.34153,[0.27135905672303573,0.962378050006115,0.013883486623039036]
2006-05-01T00:00:00.000Z,0,167.0,2.27157,-69.34153,[0.2763566960031259,0.960870973795484,0.018813513535597418]
2006-05-01T00:00:00.000Z,0,128.0,2.77157,-69.34153,[0.2778329062162632,0.960173491981109,0.029592930240659454]
2006-05-01T00:00:00.000Z,0,182.0,3.27157,-69.34153,[0.2744976184109071,0.9607416644381749,0.04033003470498712]
2006-05-01T00:00:00.000Z,0,123.0,3.77157,-69.34153,[0.2744353760974929,0.9605238163412252,0.045598493259275744]
2006-05-01T00:00:00.000Z,0,172.0,4.27157,-69.34153,[0.2727463725778135,0.960906451081835,0.047625712750125886]
2006-05-01T00:00:00.000Z,0,142.0,4.77157,-69.34153,[0.27368615129945684,0.9605230444072891,0.0499136429189814]
2006-05-01T00:00:00.000Z,0,117.0,5.27157,-69.34153,[0.2753335070956065,0.9599750630536471,0.05137448963814573]
2006-05-01T00:00:00.000Z,0,83.0,5.77157,-69.34153,[0.287096414621241,0.9566269211719087,0.04940225096878713]
2006-05-01T00:00:00.000Z,0,139.0,1.77157,-68.84153,[0.2713725061521854,0.962425748562983,0.009676849056589555]
2006-05-01T00:00:00.000Z,0,178.0,2.27157,-68.84153,[0.2721813322430065,0.9621293604869067,0.014980522937405783]
2006-05-01T00:00:00.000Z,0,155.0,2.77157,-68.84153,[0.2754688085193378,0.960962343565536,0.02585168818412247]
2006-05-01T00:00:00.000Z,0,154.0,3.27157,-68.84153,[0.2795884098120383,0.9593510703092462,0.038416728065776264]
2006-05-01T00:00:00.000Z,0,118.0,3.77157,-68.84153,[0.28019004309384865,0.9588252425264782,0.046343220055446444]
2006-05-01T00:00:00.000Z,0,168.0,4.27157,-68.84153,[0.2794182819288084,0.9589127402556833,0.0491098798541542]
2006-05-01T00:00:00.000Z,0,130.0,4.77157,-68.84153,[0.2817877271707631,0.9580782723805945,0.0517851408045893]
2006-05-01T00:00:00.000Z,0,118.0,5.27157,-68.84153,[0.28702892980347533,0.9564020566659196,0.05393977624231348]
2006-05-01T00:00:00.000Z,0,76.0,5.77157,-68.84153,[0.3014323188350757,0.9521257008222317,0.050943174179507264]
2006-05-01T00:00:00.000Z,0,140.0,1.77157,-68.34153,[0.26985652588097087,0.962873284952725,0.0072451752084774276]
2006-05-01T00:00:00.000Z,0,115.0,2.27157,-68.34153,[0.26996211436168566,0.9627945719227304,0.012127204356091346]
2006-05-01T00:00:00.000Z,0,126.0,2.77157,-68.34153,[0.27634563308653765,0.9608325088855002,0.020832209263446685]
2006-05-01T00:00:00.000Z,0,132.0,3.27157,-68.34153,[0.27866038460726555,0.9598302136472481,0.032777294281391006]
2006-05-01T00:00:00.000Z,0,110.0,3.77157,-68.34153,[0.2862660482234499,0.9571008253810438,0.044830343401030835]
2006-05-01T00:00:00.000Z,0,121.0,4.27157,-68.34153,[0.2903559552018117,0.9555744495820817,0.050703950385988]
2006-05-01T00:00:00.000Z,0,109.0,4.77157,-68.34153,[0.29281709647043247,0.9546490468571348,0.053882699908127905]
2006-05-01T00:00:00.000Z,0,89.0,5.27157,-68.34153,[0.30161779092325736,0.9517716958022787,0.0561902773460735]
2006-05-01T00:00:00.000Z,0,65.0,5.77157,-68.34153,[0.31230466017680564,0.9483537116724244,0.055597093350156605]
2006-05-01T00:00:00.000Z,0,136.0,2.27157,-67.84153,[0.27569074803510313,0.961192067473738,0.010218653209023128]
2006-05-01T00:00:00.000Z,0,120.0,2.77157,-67.84153,[0.28049658674339933,0.959706712497531,0.016872783187246627]
2006-05-01T00:00:00.000Z,0,103.0,3.27157,-67.84153,[0.28790580179327263,0.9571509863391441,0.031180741552705376]
2006-05-01T00:00:00.000Z,0,95.0,3.77157,-67.84153,[0.2930978564963294,0.9550379593700622,0.04467821258202475]
2006-05-01T00:00:00.000Z,0,110.0,4.27157,-67.84153,[0.29641788251332835,0.9536440489848279,0.05195639288997665]
2006-05-01T00:00:00.000Z,0,101.0,4.77157,-67.84153,[0.3025400931411015,0.9514829695069587,0.056121749619854895]
2006-05-01T00:00:00.000Z,0,80.0,5.77157,-67.84153,[0.3181197341224826,0.9461722974451782,0.059647450147965485]
2006-05-01T00:00:00.000Z,0,54.0,6.27157,-67.84153,[0.3157933529519887,0.947380058855966,0.05239830448981146]
2006-05-01T00:00:00.000Z,0,114.0,2.27157,-67.34153,[0.2839669061119323,0.9587932039064482,0.008853721027064049]
