2009-01-01T00:00:00.000Z,8,10.0,1.77157,-78.84153,[0.2813710727217405,0.9595762480072104,0.006613901709395493]
2009-01-01T00:00:00.000Z,2,235.0,1.27157,-78.34153,[0.29083837763890247,0.9567659327882944,0.003462361638558363]
2009-01-01T00:00:00.000Z,2,57.0,1.77157,-78.34153,[0.28466057865775996,0.9586198142941165,0.004050506257580773]
2009-01-01T00:00:00.000Z,8,1772.0,1.27157,-77.84153,[0.25972530525494697,0.9656747032386575,0.003890158757122554]
2009-01-01T00:00:00.000Z,2,528.0,1.77157,-77.84153,[0.2857847262727274,0.9582860861129153,0.003855825671933624]
2009-01-01T00:00:00.000Z,8,116.0,2.27157,-77.84153,[0.2821647693004786,0.9593602156216273,0.003319585521182101]
2009-01-01T00:00:00.000Z,0,167.0,7.27157,-77.84153,[0.2590649469552399,0.9647188401262072,0.04693519750276941]
2009-01-01T00:00:00.000Z,11,2201.0,0.77157,-77.34153,[0.17686353195370744,0.9842340706774498,0.0016078502904882496]
2009-01-01T00:00:00.000Z,1,2447.0,1.27157,-77.34153,[0.22426606716675104,0.9745169825854182,0.004624042621994867]
2009-01-01T00:00:00.000Z,1,1706.0,1.77157,-77.34153,[0.20381611770395472,0.9789856145452251,0.006793870590131824]
2009-01-01T00:00:00.000Z,8,2096.0,2.27157,-77.34153,[0.2692827240249633,0.9630280469367332,0.007987199441418402]
2009-01-01T00:00:00.000Z,2,57.0,2.77157,-77.34153,[0.28465138262381134,0.9585888458319655,0.009000834233163994]
2009-01-01T00:00:00.000Z,8,74.0,3.27157,-77.34153,[0.2727041101386928,0.962039499655944,0.010605159838726941]
2009-01-01T00:00:00.000Z,8,28.0,4.27157,-77.34153,[0.2624360375866744,0.9643482968462717,0.0340542001154137]
2009-01-01T00:00:00.000Z,0,14.0,5.27157,-77.34153,[0.25587893681434415,0.9655027089512905,0.048275135447564524]
2009-01-01T00:00:00.000Z,0,499.0,6.27157,-77.34153,[0.2690816879800197,0.9616186219843732,0.05370913373625094]
2009-01-01T00:00:00.000Z,0,695.0,6.77157,-77.34153,[0.2831828029396768,0.9575325126637321,0.05421242764448287]
2009-01-01T00:00:00.000Z,0,345.0,7.27157,-77.34153,[0.2834084750532739,0.9576106676604762,0.05158919897454126]
2009-01-01T00:00:00.000Z,8,279.0,0.27157,-76.84153,[0.2753374028502214,0.9613475421550104,4.6667356415291766E-4]
2009-01-01T00:00:00.000Z,1,485.0,0.77157,-76.84153,[0.19132408183695684,0.9815265026783527,9.056761270388491E-4]
2009-01-01T00:00:00.000Z,11,3335.0,1.27157,-76.84153,[0.15180282187201677,0.9884050401889092,0.0033733960416003723]
2009-01-01T00:00:00.000Z,11,2008.0,1.77157,-76.84153,[0.15676435105423656,0.9876154116416903,0.006382548578636773]
2009-01-01T00:00:00.000Z,1,1013.0,2.27157,-76.84153,[0.19848073322008675,0.9800687052788465,0.008410200560173168]
2009-01-01T00:00:00.000Z,1,2856.0,2.77157,-76.84153,[0.24252040692964053,0.9700816277185621,0.011202133081988157]
2009-01-01T00:00:00.000Z,8,1911.0,3.27157,-76.84153,[0.25002874575696776,0.9681478374516378,0.013243531738725233]
2009-01-01T00:00:00.000Z,8,794.0,3.77157,-76.84153,[0.2721550275510535,0.9621414252012347,0.014680561652131515]
2009-01-01T00:00:00.000Z,8,70.0,4.27157,-76.84153,[0.27729187995609933,0.9606182984193442,0.017935943028906425]
2009-01-01T00:00:00.000Z,0,24.0,4.77157,-76.84153,[0.27323401811159037,0.9611789569933417,0.03844715827973367]
2009-01-01T00:00:00.000Z,0,133.0,5.27157,-76.84153,[0.2723046357808584,0.9611384970446899,0.045419982727083884]
2009-01-01T00:00:00.000Z,0,76.0,5.77157,-76.84153,[0.2720142082694273,0.9607541836076171,0.05440284165388545]
2009-01-01T00:00:00.000Z,0,38.0,6.27157,-76.84153,[0.27077981824268404,0.9609381354709885,0.057238010360242154]
2009-01-01T00:00:00.000Z,0,20.0,6.77157,-76.84153,[0.2912954824303035,0.9548643420205702,0.05814662718782506]
2009-01-01T00:00:00.000Z,0,15.0,7.27157,-76.84153,[0.2939483058761834,0.9542014236903802,0.05562406403503163]
2009-01-01T00:00:00.000Z,0,8.0,7.77157,-76.84153,[0.31129754749479155,0.9489928966538981,0.0500631503620355]
2009-01-01T00:00:00.000Z,8,294.0,0.77157,-76.34153,[0.25939194517487757,0.9657717958743209,8.105998286714925E-4]
2009-01-01T00:00:00.000Z,1,1412.0,1.27157,-76.34153,[0.18449021919460387,0.9828297131639806,0.0030189308595480633]
2009-01-01T00:00:00.000Z,11,2388.0,1.77157,-76.34153,[0.13413001967086396,0.9909433349821588,0.006359613001635792]
2009-01-01T00:00:00.000Z,11,3852.0,2.27157,-76.34153,[0.13935435289669293,0.9902089791195904,0.00815732797444056]
2009-01-01T00:00:00.000Z,1,2450.0,2.77157,-76.34153,[0.20421153323068722,0.978846343642065,0.012549312097975194]
2009-01-01T00:00:00.000Z,1,990.0,3.27157,-76.34153,[0.2162888239168444,0.9761912694428699,0.01642407112095824]
2009-01-01T00:00:00.000Z,1,962.0,3.77157,-76.34153,[0.24249679703310137,0.9699871881324055,0.017892967548073496]
2009-01-01T00:00:00.000Z,1,1899.0,4.27157,-76.34153,[0.20857544058310637,0.9778375494003696,0.018166248050786683]
2009-01-01T00:00:00.000Z,8,1358.0,4.77157,-76.34153,[0.24351239387597695,0.9694765728020114,0.028581266886851753]
2009-01-01T00:00:00.000Z,1,407.0,5.27157,-76.34153,[0.22301286747129695,0.9738602102138547,0.043145705515803684]
2009-01-01T00:00:00.000Z,6,480.0,5.77157,-76.34153,[0.218881735436418,0.9740810215756821,0.05706968808761056]
2009-01-01T00:00:00.000Z,6,1095.0,6.27157,-76.34153,[0.215822183907112,0.9745720492055526,0.06025035967406877]
2009-01-01T00:00:00.000Z,6,1485.0,6.77157,-76.34153,[0.2384830463917967,0.969318188560206,0.05956581158725982]
2009-01-01T00:00:00.000Z,0,827.0,7.27157,-76.34153,[0.2791761568752437,0.95846712967695,0.05832182062656913]
2009-01-01T00:00:00.000Z,0,201.0,7.77157,-76.34153,[0.2977829437602068,0.9531353682517818,0.053462960945365325]
2009-01-01T00:00:00.000Z,0,165.0,8.27157,-76.34153,[0.30415797847880266,0.9514979779582168,0.04625496804790848]
2009-01-01T00:00:00.000Z,4,99.0,8.77157,-76.34153,[0.3265129139596374,0.9443384649092859,0.040176867851539025]
2009-01-01T00:00:00.000Z,2,267.0,0.27157,-75.84153,[0.3043408304407026,0.9525628354344826,8.387345720806766E-4]
2009-01-01T00:00:00.000Z,2,241.0,0.77157,-75.84153,[0.292428063844641,0.956286934588725,0.001061230876855552]
2009-01-01T00:00:00.000Z,1,250.0,1.27157,-75.84153,[0.23109838724124784,0.9729242102856535,0.0034664758086187177]
2009-01-01T00:00:00.000Z,1,1712.0,1.77157,-75.84153,[0.24085368295536314,0.9705335598890987,0.007356122336567741]
2009-01-01T00:00:00.000Z,1,1262.0,2.27157,-75.84153,[0.2099233575259718,0.9776767606125316,0.008963019759535874]
2009-01-01T00:00:00.000Z,11,2705.0,2.77157,-75.84153,[0.17146998322518509,0.9850892996024054,0.014039824129847368]
2009-01-01T00:00:00.000Z,11,1867.0,3.27157,-75.84153,[0.1502198200084759,0.9884693499794368,0.019035488642295418]
2009-01-01T00:00:00.000Z,11,3782.0,3.77157,-75.84153,[0.1736153670241534,0.98458188404487,0.021359258969418874]
2009-01-01T00:00:00.000Z,1,2035.0,4.27157,-75.84153,[0.2334569785875342,0.9721388031439886,0.02107098883661847]
2009-01-01T00:00:00.000Z,1,1185.0,4.77157,-75.84153,[0.23769565949695756,0.9710882973418417,0.022097335179365404]
2009-01-01T00:00:00.000Z,8,1530.0,5.27157,-75.84153,[0.2542486024030529,0.966391532434905,0.03801386870880597]
2009-01-01T00:00:00.000Z,6,1704.0,5.77157,-75.84153,[0.2486906776260725,0.9665606748972098,0.06255724261934195]
2009-01-01T00:00:00.000Z,6,488.0,6.27157,-75.84153,[0.1988968797977036,0.977909659005376,0.06428631293461491]
2009-01-01T00:00:00.000Z,6,896.0,6.77157,-75.84153,[0.20412510041441526,0.9768844091261302,0.06348066309591156]
2009-01-01T00:00:00.000Z,6,2421.0,7.27157,-75.84153,[0.25567553024942735,0.9648972185065345,0.060028167971604686]
2009-01-01T00:00:00.000Z,5,131.0,7.77157,-75.84153,[0.3135532548058094,0.9477323942250782,0.05905645889387613]
2009-01-01T00:00:00.000Z,5,43.0,8.27157,-75.84153,[0.31368367662176966,0.9481001012500679,0.052045643724136316]
2009-01-01T00:00:00.000Z,5,10.0,8.77157,-75.84153,[0.32231202254998587,0.9456065955694438,0.04408090896639513]
2009-01-01T00:00:00.000Z,4,155.0,9.27157,-75.84153,[0.3340871433269184,0.9418545295268106,0.03599758149500375]
2009-01-01T00:00:00.000Z,2,228.0,0.27157,-75.34153,[0.3053849242414902,0.9522238582648042,0.003125987413495569]
2009-01-01T00:00:00.000Z,2,189.0,0.77157,-75.34153,[0.3074869000430054,0.9515145804480403,0.008474048426382039]
2009-01-01T00:00:00.000Z,2,244.0,1.27157,-75.34153,[0.2947393448356587,0.955486974446746,0.013166634666838853]
2009-01-01T00:00:00.000Z,1,1357.0,1.77157,-75.34153,[0.2298177718301847,0.9731346275934383,0.013884823714740325]
2009-01-01T00:00:00.000Z,8,2437.0,2.27157,-75.34153,[0.26955777773777606,0.9628854572214511,0.013791328163328079]
2009-01-01T00:00:00.000Z,2,485.0,2.77157,-75.34153,[0.3142377352074808,0.9491790026431723,0.017716283836800358]
2009-01-01T00:00:00.000Z,4,694.0,3.27157,-75.34153,[0.32038774973115514,0.9470095735025308,0.022903220663512296]
2009-01-01T00:00:00.000Z,8,442.0,3.77157,-75.34153,[0.2580972993483287,0.9657443548385821,0.02690028190391032]
2009-01-01T00:00:00.000Z,11,2270.0,4.27157,-75.34153,[0.1350024464551038,0.9904385090397801,0.02838836490878351]
2009-01-01T00:00:00.000Z,11,4229.0,4.77157,-75.34153,[0.1696209604891849,0.9851957157180055,0.024862250373072308]
2009-01-01T00:00:00.000Z,1,3209.0,5.27157,-75.34153,[0.19487312627741638,0.9803433346471252,0.030844948821824186]
2009-01-01T00:00:00.000Z,6,1992.0,5.77157,-75.34153,[0.2218321039005723,0.9735964560080673,0.053855905224750054]
2009-01-01T00:00:00.000Z,6,2185.0,6.27157,-75.34153,[0.22049364926031567,0.9732542260361244,0.06448846516000631]
2009-01-01T00:00:00.000Z,6,2092.0,6.77157,-75.34153,[0.2428308078730928,0.9680119022941018,0.06313601004700413]
2009-01-01T00:00:00.000Z,5,869.0,7.27157,-75.34153,[0.310275109912259,0.9484545973454281,0.06452311944766295]
2009-01-01T00:00:00.000Z,5,83.0,7.77157,-75.34153,[0.3315150541613804,0.9413091683852334,0.06352022023165135]
2009-01-01T00:00:00.000Z,5,30.0,8.27157,-75.34153,[0.33645743977234327,0.9398865437118719,0.05839243248222913]
2009-01-01T00:00:00.000Z,5,74.0,8.77157,-75.34153,[0.34407994528701114,0.9374931842602623,0.05211065838042415]
2009-01-01T00:00:00.000Z,4,180.0,9.27157,-75.34153,[0.3264868245558406,0.9442630093102008,0.04211558666203595]
2009-01-01T00:00:00.000Z,4,136.0,9.77157,-75.34153,[0.3246611333719176,0.9452311226215607,0.033664124899449754]
2009-01-01T00:00:00.000Z,2,79.0,10.27157,-75.34153,[0.31224403205022405,0.949644443340719,0.02605946432900366]
2009-01-01T00:00:00.000Z,2,205.0,0.27157,-74.84153,[0.314371014937591,0.9492531036982728,0.00945569068366973]
2009-01-01T00:00:00.000Z,2,239.0,0.77157,-74.84153,[0.31104456823503135,0.95027789350545,0.014939935954595994]
2009-01-01T00:00:00.000Z,2,226.0,1.27157,-74.84153,[0.3121248948410647,0.9498919043785159,0.01683508291071885]
2009-01-01T00:00:00.000Z,2,258.0,1.77157,-74.84153,[0.3057259912538842,0.9519760540669727,0.016529088145027074]
2009-01-01T00:00:00.000Z,1,576.0,2.27157,-74.84153,[0.2270373943017568,0.9737111777005827,0.018454376435223015]
2009-01-01T00:00:00.000Z,8,1998.0,2.77157,-74.84153,[0.24480547318321622,0.96933076250324,0.021636847377304463]
2009-01-01T00:00:00.000Z,8,2106.0,3.27157,-74.84153,[0.25075341871498574,0.9677134363029788,0.025562241713663593]
2009-01-01T00:00:00.000Z,4,361.0,3.77157,-74.84153,[0.34389593296710735,0.9383827008094712,0.03425630029943666]
2009-01-01T00:00:00.000Z,4,289.0,4.27157,-74.84153,[0.3203246083104828,0.9466503668362642,0.035287792216317414]
2009-01-01T00:00:00.000Z,4,277.0,4.77157,-74.84153,[0.32604642411667184,0.9447644415349231,0.0333748308150924]
2009-01-01T00:00:00.000Z,4,325.0,5.27157,-74.84153,[0.33030507259206054,0.9431905304815111,0.03591910675335715]
2009-01-01T00:00:00.000Z,0,379.0,5.77157,-74.84153,[0.3005964728350625,0.9522896259414781,0.05278474062983698]
2009-01-01T00:00:00.000Z,0,978.0,6.27157,-74.84153,[0.26709404726133484,0.9617678354174247,0.06052603302746129]
2009-01-01T00:00:00.000Z,9,1143.0,6.77157,-74.84153,[0.2823243266978548,0.9571483270976053,0.06449848439194894]
2009-01-01T00:00:00.000Z,5,322.0,7.27157,-74.84153,[0.31231460365054614,0.9475908997124525,0.0673132611655912]
2009-01-01T00:00:00.000Z,5,55.0,7.77157,-74.84153,[0.3432124334580119,0.9367097461886533,0.06913810031392442]
2009-01-01T00:00:00.000Z,5,27.0,8.27157,-74.84153,[0.351893153216475,0.9337736172851462,0.06510023334504787]
2009-01-01T00:00:00.000Z,5,14.0,8.77157,-74.84153,[0.36298508666244644,0.9299087909196949,0.05925763605584815]
2009-01-01T00:00:00.000Z,5,48.0,9.27157,-74.84153,[0.3521967970926678,0.9345793579994721,0.05018804358570517]
2009-01-01T00:00:00.000Z,4,15.0,9.77157,-74.84153,[0.344431213472745,0.937893628053482,0.04150520018466532]
2009-01-01T00:00:00.000Z,4,5.0,10.27157,-74.84153,[0.3294092617478614,0.9435825739444235,0.03378556530747296]
2009-01-01T00:00:00.000Z,2,171.0,-0.72843,-74.34153,[0.3210015570947705,0.9470771131078534,0.0017152754959262548]
2009-01-01T00:00:00.000Z,2,219.0,-0.22843,-74.34153,[0.3165821097614481,0.9485192668434085,0.009325674551112426]
2009-01-01T00:00:00.000Z,2,201.0,0.27157,-74.34153,[0.31434314300213534,0.9491689435181665,0.016331108601282812]
2009-01-01T00:00:00.000Z,2,242.0,0.77157,-74.34153,[0.3179966892290977,0.9478033616711626,0.023385748740972552]
2009-01-01T00:00:00.000Z,4,251.0,1.27157,-74.34153,[0.3221235769454787,0.9463940749018328,0.023971987121523996]
2009-01-01T00:00:00.000Z,4,298.0,1.77157,-74.34153,[0.33415800442709753,0.9422999665070643,0.020228722107081]
2009-01-01T00:00:00.000Z,4,313.0,2.27157,-74.34153,[0.3376108696648959,0.9408612995700006,0.02826509606496803]
2009-01-01T00:00:00.000Z,2,364.0,2.77157,-74.34153,[0.2966036564774298,0.9545715931173179,0.028624195668782527]
2009-01-01T00:00:00.000Z,11,899.0,3.27157,-74.34153,[0.16705495179261398,0.9852295975800621,0.03762024898636819]
2009-01-01T00:00:00.000Z,11,3444.0,3.77157,-74.34153,[0.16339340561918167,0.985761868611592,0.03970054648928877]
2009-01-01T00:00:00.000Z,11,2263.0,4.27157,-74.34153,[0.18497110321550514,0.9819606888823124,0.039228770883288334]
2009-01-01T00:00:00.000Z,1,2655.0,4.77157,-74.34153,[0.2205840707649568,0.9746459213690755,0.03752326855947363]
2009-01-01T00:00:00.000Z,0,1104.0,5.27157,-74.34153,[0.2986182020480753,0.9536120361699854,0.03809532618720302]
2009-01-01T00:00:00.000Z,5,744.0,5.77157,-74.34153,[0.32377561055109816,0.9446486914580731,0.05299248756959921]
2009-01-01T00:00:00.000Z,5,119.0,6.27157,-74.34153,[0.32860864879839247,0.9426510874289652,0.058525919931976464]
2009-01-01T00:00:00.000Z,0,97.0,6.77157,-74.34153,[0.27817812694162436,0.9588024785160085,0.05757375168259028]
2009-01-01T00:00:00.000Z,9,575.0,7.27157,-74.34153,[0.26752643327254944,0.9612814212505164,0.06608809771097301]
2009-01-01T00:00:00.000Z,5,1234.0,7.77157,-74.34153,[0.31575254046647794,0.9460337743433621,0.07294128454186855]
2009-01-01T00:00:00.000Z,5,715.0,8.27157,-74.34153,[0.3530004389331707,0.9328387050508338,0.07212933156540599]
2009-01-01T00:00:00.000Z,3,14.0,8.77157,-74.34153,[0.3728163667762397,0.9254772485114402,0.06708069134600651]
2009-01-01T00:00:00.000Z,5,37.0,9.27157,-74.34153,[0.36736106276780633,0.9282076674916102,0.058960796906861436]
2009-01-01T00:00:00.000Z,5,95.0,9.77157,-74.34153,[0.34685916435621483,0.93664496367671,0.04883576682271617]
2009-01-01T00:00:00.000Z,4,119.0,10.27157,-74.34153,[0.31597428577711345,0.9479228573313403,0.04003132868679971]
2009-01-01T00:00:00.000Z,0,5.0,10.77157,-74.34153,[0.3051601664547892,0.9516014986590163,0.036494664804593166]
2009-01-01T00:00:00.000Z,2,156.0,-1.22843,-73.84153,[0.32357089245111653,0.9461997309555378,0.002818988835748364]
2009-01-01T00:00:00.000Z,2,195.0,-0.72843,-73.84153,[0.32138860165024724,0.9469265696131806,0.006280007158682992]
2009-01-01T00:00:00.000Z,2,174.0,-0.22843,-73.84153,[0.3143509373910808,0.9491924789191618,0.01473520019020691]
2009-01-01T00:00:00.000Z,4,241.0,0.27157,-73.84153,[0.31912560118550115,0.9474429327024801,0.022599556192903197]
2009-01-01T00:00:00.000Z,4,232.0,0.77157,-73.84153,[0.3235592068765494,0.9456923536893741,0.0312315836753426]
2009-01-01T00:00:00.000Z,4,267.0,1.27157,-73.84153,[0.33353307968893675,0.9420399960679893,0.036281270118834724]
2009-01-01T00:00:00.000Z,4,265.0,1.77157,-73.84153,[0.3167713966080468,0.947780018651276,0.036998899123819866]
2009-01-01T00:00:00.000Z,0,554.0,2.27157,-73.84153,[0.30899184068556323,0.9503446528648416,0.03700112377957375]
2009-01-01T00:00:00.000Z,5,995.0,2.77157,-73.84153,[0.3449583961932702,0.9372706811297766,0.05027300657700371]
2009-01-01T00:00:00.000Z,5,363.0,3.27157,-73.84153,[0.3244314750937864,0.9439220283592881,0.06128150085104854]
2009-01-01T00:00:00.000Z,6,545.0,3.77157,-73.84153,[0.24478882517504333,0.9671165060194334,0.06902242283624173]
2009-01-01T00:00:00.000Z,6,1499.0,4.27157,-73.84153,[0.18008690418322643,0.9807809858594178,0.07508238620562209]
2009-01-01T00:00:00.000Z,11,3610.0,4.77157,-73.84153,[0.1647983439797049,0.9833421847384045,0.07667889889303625]
2009-01-01T00:00:00.000Z,6,2585.0,5.27157,-73.84153,[0.18413417761746032,0.9804230384399875,0.06975148979946179]
2009-01-01T00:00:00.000Z,9,2622.0,5.77157,-73.84153,[0.2687560789553392,0.9610429430501193,0.06454945110623773]
2009-01-01T00:00:00.000Z,5,616.0,6.27157,-73.84153,[0.3216941076980189,0.9456592826292707,0.047343661132915986]
2009-01-01T00:00:00.000Z,5,101.0,6.77157,-73.84153,[0.3461002120116314,0.936579426769827,0.05507831330937791]
2009-01-01T00:00:00.000Z,5,89.0,7.27157,-73.84153,[0.3432299806261577,0.9367576366547842,0.06839817664463503]
2009-01-01T00:00:00.000Z,5,59.0,7.77157,-73.84153,[0.33752672139093415,0.9381257403365669,0.0774326007896849]
2009-01-01T00:00:00.000Z,5,38.0,8.27157,-73.84153,[0.3505730659770511,0.9331617610734597,0.07942073458316468]
2009-01-01T00:00:00.000Z,3,29.0,8.77157,-73.84153,[0.37882400405725536,0.9222958968037066,0.0765679612440813]
2009-01-01T00:00:00.000Z,3,52.0,9.27157,-73.84153,[0.3952721858560598,0.9158745769835531,0.07024000515212211]
2009-01-01T00:00:00.000Z,5,46.0,9.77157,-73.84153,[0.3115524591733918,0.9485321833942941,0.0567605694850309]
2009-01-01T00:00:00.000Z,11,931.0,10.27157,-73.84153,[0.13660825115823136,0.9895188975200583,0.046803174744646216]
2009-01-01T00:00:00.000Z,0,2665.0,10.77157,-73.84153,[0.2836033271381702,0.9580549370549951,0.04122972739067516]
2009-01-01T00:00:00.000Z,2,139.0,-1.72843,-73.34153,[0.3147760357177254,0.9491338481565001,0.007809329130401584]
2009-01-01T00:00:00.000Z,2,199.0,-1.22843,-73.34153,[0.31768240707975876,0.9481971081540892,3.6375848138903676E-4]
2009-01-01T00:00:00.000Z,2,223.0,-0.72843,-73.34153,[0.31840739228419584,0.9479024666851348,0.009881608726061251]
2009-01-01T00:00:00.000Z,2,171.0,-0.22843,-73.34153,[0.3176457222570105,0.9480124268910779,0.019329604028818084]
2009-01-01T00:00:00.000Z,2,209.0,0.27157,-73.34153,[0.31684569936777,0.9480713728164014,0.027739409477723055]
2009-01-01T00:00:00.000Z,4,237.0,0.77157,-73.34153,[0.31638641093271425,0.947913617007069,0.036870227415780873]
2009-01-01T00:00:00.000Z,4,249.0,1.27157,-73.34153,[0.3257923394862965,0.944417482168447,0.04398830420301358]
2009-01-01T00:00:00.000Z,5,294.0,1.77157,-73.34153,[0.33975934291743326,0.9391826703459086,0.04999500597302155]
2009-01-01T00:00:00.000Z,5,229.0,2.27157,-73.34153,[0.358667100255601,0.9320011266864875,0.05226672985137383]
2009-01-01T00:00:00.000Z,5,267.0,2.77157,-73.34153,[0.366560585354178,0.9286201495639177,0.05742782503882123]
2009-01-01T00:00:00.000Z,3,234.0,3.27157,-73.34153,[0.37733325455894984,0.923143718718021,0.07365656518881344]
2009-01-01T00:00:00.000Z,3,256.0,3.77157,-73.34153,[0.3785757252291332,0.9219925411484423,0.08130297862854446]
2009-01-01T00:00:00.000Z,9,300.0,4.27157,-73.34153,[0.284904275189274,0.9550312323246087,0.0821273356648893]
2009-01-01T00:00:00.000Z,6,1229.0,4.77157,-73.34153,[0.20277497237646988,0.9754403899939988,0.08601369743289473]
2009-01-01T00:00:00.000Z,6,2684.0,5.27157,-73.34153,[0.17163774092203385,0.9805861100217836,0.09482281752577935]
2009-01-01T00:00:00.000Z,6,3515.0,5.77157,-73.34153,[0.24052704442013154,0.9672257743703161,0.08136978736766153]
2009-01-01T00:00:00.000Z,6,1301.0,6.27157,-73.34153,[0.24337613649499365,0.968562898538452,0.05151667457787429]
2009-01-01T00:00:00.000Z,0,1945.0,6.77157,-73.34153,[0.29296558829574254,0.9548962062024414,0.048418998902434444]
2009-01-01T00:00:00.000Z,6,351.0,7.27157,-73.34153,[0.22708032632557737,0.9722233066803615,0.05671302622302108]
2009-01-01T00:00:00.000Z,6,325.0,7.77157,-73.34153,[0.234198214557816,0.9688910906833504,0.08000781644538588]
2009-01-01T00:00:00.000Z,9,1339.0,8.27157,-73.34153,[0.26466499262458393,0.9607701787056815,0.08290419403674183]
2009-01-01T00:00:00.000Z,9,1230.0,8.77157,-73.34153,[0.2983449315217011,0.9508951221691665,0.0823939832159932]
2009-01-01T00:00:00.000Z,5,809.0,9.27157,-73.34153,[0.33274970557654804,0.9399184910508868,0.07636009179764608]
2009-01-01T00:00:00.000Z,5,74.0,9.77157,-73.34153,[0.3178702646315117,0.9457943119773667,0.06657037099455021]
2009-01-01T00:00:00.000Z,6,99.0,10.27157,-73.34153,[0.24023033043825653,0.9692461351840549,0.053397731864741185]
2009-01-01T00:00:00.000Z,0,1426.0,10.77157,-73.34153,[0.3057996271426511,0.9508263710346399,0.04915079027353542]
2009-01-01T00:00:00.000Z,2,146.0,-2.22843,-72.84153,[0.30594591795632764,0.9519624908718042,0.012826194252784506]
2009-01-01T00:00:00.000Z,2,165.0,-1.72843,-72.84153,[0.30980843682351916,0.9507914095618346,0.0037984176162270547]
2009-01-01T00:00:00.000Z,2,168.0,-1.22843,-72.84153,[0.3155020117131717,0.9489144474426691,0.004455562760834867]
2009-01-01T00:00:00.000Z,2,178.0,-0.72843,-72.84153,[0.31257497316874905,0.9497934512888243,0.013758126232137988]
2009-01-01T00:00:00.000Z,2,191.0,-0.22843,-72.84153,[0.31760718225338963,0.9479352824178089,0.023331912234768236]
2009-01-01T00:00:00.000Z,2,247.0,0.27157,-72.84153,[0.3134771727983516,0.9490367741189311,0.032577039526103205]
2009-01-01T00:00:00.000Z,0,264.0,0.77157,-72.84153,[0.31335169090899706,0.9487248823568843,0.041615086223487356]
2009-01-01T00:00:00.000Z,5,246.0,1.27157,-72.84153,[0.324173217042672,0.9446610152884112,0.05027217467419561]
2009-01-01T00:00:00.000Z,5,259.0,1.77157,-72.84153,[0.3365927507355946,0.9398705270540063,0.05786806137646568]
2009-01-01T00:00:00.000Z,5,271.0,2.27157,-72.84153,[0.3613807544491839,0.9302208308969733,0.06397777800989256]
2009-01-01T00:00:00.000Z,3,193.0,2.77157,-72.84153,[0.3699339632709137,0.9262050339671765,0.07275367944327969]
2009-01-01T00:00:00.000Z,3,182.0,3.27157,-72.84153,[0.3795445395609375,0.9215509484542318,0.08179114800870385]
2009-01-01T00:00:00.000Z,3,203.0,3.77157,-72.84153,[0.38078064685646007,0.9203369877895989,0.08936401896705114]
2009-01-01T00:00:00.000Z,10,165.0,4.27157,-72.84153,[0.368570190634846,0.9248765083346322,0.09359198099266876]
2009-01-01T00:00:00.000Z,9,293.0,4.77157,-72.84153,[0.2698379077236968,0.9579245724191237,0.09781624154984009]
2009-01-01T00:00:00.000Z,6,1653.0,5.27157,-72.84153,[0.1944549361173634,0.9738179737306056,0.11775326687107006]
2009-01-01T00:00:00.000Z,6,2686.0,5.77157,-72.84153,[0.18821104887805523,0.9758505643509251,0.11087054223824934]
2009-01-01T00:00:00.000Z,6,2685.0,6.27157,-72.84153,[0.19148648878178687,0.9794740541284205,0.06295634918940762]
2009-01-01T00:00:00.000Z,11,1547.0,6.77157,-72.84153,[0.15164856982652003,0.986451861978334,0.06257343900608836]
2009-01-01T00:00:00.000Z,6,3795.0,7.27157,-72.84153,[0.19422879028426543,0.9791416074918557,0.05963966384022738]
2009-01-01T00:00:00.000Z,9,1328.0,7.77157,-72.84153,[0.27818684242904074,0.9566340783952245,0.08639051309188776]
2009-01-01T00:00:00.000Z,10,973.0,8.27157,-72.84153,[0.3427396283485616,0.9346294662346384,0.09485414068687129]
2009-01-01T00:00:00.000Z,3,83.0,8.77157,-72.84153,[0.37426170901091826,0.9222877829197628,0.09650605496638677]
2009-01-01T00:00:00.000Z,5,223.0,10.77157,-72.84153,[0.3157397402803357,0.9472192208410071,0.0555352507607705]
2009-01-01T00:00:00.000Z,5,51.0,11.27157,-72.84153,[0.3496678107173,0.9354581652031089,0.05148245626428144]
2009-01-01T00:00:00.000Z,2,149.0,-2.22843,-72.34153,[0.30117525983959276,0.9535278496851972,0.008837575192204267]
2009-01-01T00:00:00.000Z,2,147.0,-1.72843,-72.34153,[0.3059710677677902,0.9520407454774703,3.530435397320656E-4]
2009-01-01T00:00:00.000Z,2,145.0,-1.22843,-72.34153,[0.3098002808715617,0.9507663792265169,0.008190122367868872]
2009-01-01T00:00:00.000Z,2,205.0,-0.72843,-72.34153,[0.3122149968346271,0.9498540865238079,0.017291907516994734]
2009-01-01T00:00:00.000Z,2,176.0,-0.22843,-72.34153,[0.3135699296419484,0.9491846518891411,0.026877422540738438]
2009-01-01T00:00:00.000Z,4,150.0,0.27157,-72.34153,[0.3178507445726086,0.9474161189577368,0.03706213315093737]
2009-01-01T00:00:00.000Z,5,218.0,0.77157,-72.34153,[0.3210916071449858,0.9459185183460392,0.04624215037261765]
2009-01-01T00:00:00.000Z,5,234.0,1.27157,-72.34153,[0.3266998670102422,0.9435193070411627,0.055122718873928896]
2009-01-01T00:00:00.000Z,5,237.0,1.77157,-72.34153,[0.34073318452460666,0.9379879300221111,0.06387127755537303]
2009-01-01T00:00:00.000Z,5,203.0,2.27157,-72.34153,[0.35823157285605756,0.9308694030720605,0.07177948615963384]
2009-01-01T00:00:00.000Z,3,188.0,2.77157,-72.34153,[0.3667037680136738,0.9269835027854952,0.07892991884011791]
2009-01-01T00:00:00.000Z,3,220.0,3.27157,-72.34153,[0.3783933580354998,0.9215483996436526,0.08698858378454478]
2009-01-01T00:00:00.000Z,3,180.0,3.77157,-72.34153,[0.3781346835838707,0.9209184175843346,0.09446390434918098]
2009-01-01T00:00:00.000Z,3,190.0,4.27157,-72.34153,[0.3797608741891722,0.9194942777986916,0.10154777954509]
2009-01-01T00:00:00.000Z,10,177.0,4.77157,-72.34153,[0.3706091645904441,0.9223743014247247,0.10897015734972759]
2009-01-01T00:00:00.000Z,7,257.0,5.27157,-72.34153,[0.28836628607916237,0.9507926130628988,0.11330618693582183]
2009-01-01T00:00:00.000Z,6,1342.0,5.77157,-72.34153,[0.20771899784936407,0.9708285076789428,0.11976989024931418]
2009-01-01T00:00:00.000Z,6,3317.0,6.27157,-72.34153,[0.19204183288800403,0.9788400885261698,0.07065419672670596]
2009-01-01T00:00:00.000Z,6,3467.0,6.77157,-72.34153,[0.2156004056799608,0.974992945686045,0.0539001014199902]
2009-01-01T00:00:00.000Z,6,2203.0,7.27157,-72.34153,[0.21117968916254085,0.9758724583405834,0.05546245520637257]
2009-01-01T00:00:00.000Z,5,97.0,11.27157,-72.34153,[0.33949013840756276,0.9389615723986123,0.05565618997685323]
2009-01-01T00:00:00.000Z,5,19.0,11.77157,-72.34153,[0.34583782243354194,0.9368591756968336,0.05187567336503128]
2009-01-01T00:00:00.000Z,2,109.0,-2.22843,-71.84153,[0.2968290961874809,0.9549153094403454,0.0054073517522525575]
2009-01-01T00:00:00.000Z,2,140.0,-1.72843,-71.84153,[0.3039267791351275,0.9526935576735728,0.001870318640831554]
2009-01-01T00:00:00.000Z,2,153.0,-1.22843,-71.84153,[0.30771242167200397,0.9514326601122881,0.009431798365425409]
2009-01-01T00:00:00.000Z,2,136.0,-0.72843,-71.84153,[0.31509263644381724,0.9488721219144611,0.018929519603849098]
2009-01-01T00:00:00.000Z,2,192.0,-0.22843,-71.84153,[0.3039073422427992,0.9522430056941041,0.029556478774985958]
2009-01-01T00:00:00.000Z,0,216.0,0.27157,-71.84153,[0.3130481456565709,0.9488513562148777,0.04101173381082208]
2009-01-01T00:00:00.000Z,5,215.0,0.77157,-71.84153,[0.31988493631731296,0.9460689622357595,0.05125569442922197]
2009-01-01T00:00:00.000Z,5,232.0,1.27157,-71.84153,[0.3167922878561709,0.9466204332777279,0.05960202728044954]
2009-01-01T00:00:00.000Z,5,233.0,1.77157,-71.84153,[0.34094160069910695,0.937589401922544,0.0684466092312601]
2009-01-01T00:00:00.000Z,5,159.0,2.27157,-71.84153,[0.35444529653013623,0.9319123526747403,0.07686285643855764]
2009-01-01T00:00:00.000Z,10,186.0,2.77157,-71.84153,[0.3655877593524734,0.9268804902542264,0.08507730013183953]
2009-01-01T00:00:00.000Z,3,222.0,3.27157,-71.84153,[0.37191902672488025,0.92357587305658,0.09318714647307409]
2009-01-01T00:00:00.000Z,3,206.0,3.77157,-71.84153,[0.3757253885459455,0.9212229896941331,0.10088922470215203]
2009-01-01T00:00:00.000Z,10,189.0,4.27157,-71.84153,[0.37616537127783406,0.92028649873507,0.10757496780085661]
2009-01-01T00:00:00.000Z,10,149.0,4.77157,-71.84153,[0.3789354858985643,0.9180826662027716,0.11632762159018425]
2009-01-01T00:00:00.000Z,10,172.0,5.27157,-71.84153,[0.36773905708835547,0.9220919640424436,0.12047570601625973]
2009-01-01T00:00:00.000Z,10,213.0,5.77157,-71.84153,[0.343839766226568,0.9321281162548366,0.11362829774518614]
2009-01-01T00:00:00.000Z,5,412.0,6.27157,-71.84153,[0.31712083289818976,0.9448373786760881,0.08195550743212476]
2009-01-01T00:00:00.000Z,5,325.0,6.77157,-71.84153,[0.33076829138352154,0.942110464174077,0.054956443743487814]
2009-01-01T00:00:00.000Z,5,174.0,11.77157,-71.84153,[0.3194467668927153,0.9460538865668875,0.05418308623064901]
2009-01-01T00:00:00.000Z,2,107.0,-2.22843,-71.34153,[0.2922470552950126,0.9563415311404887,0.0015920073051090182]
2009-01-01T00:00:00.000Z,2,121.0,-1.72843,-71.34153,[0.29919327667591217,0.954183963452909,0.004043152387512326]
2009-01-01T00:00:00.000Z,2,140.0,-1.22843,-71.34153,[0.302901623794493,0.9529751087072894,0.00943655058744382]
2009-01-01T00:00:00.000Z,2,186.0,-0.72843,-71.34153,[0.31047640411345767,0.9503896034312712,0.01907889353521629]
2009-01-01T00:00:00.000Z,2,201.0,-0.22843,-71.34153,[0.3067932268681821,0.9512968274982391,0.03020367427306909]
2009-01-01T00:00:00.000Z,0,185.0,0.27157,-71.34153,[0.3141478453568394,0.9484848407889189,0.04108087208512515]
2009-01-01T00:00:00.000Z,0,228.0,0.77157,-71.34153,[0.3110666577281811,0.9490582733824505,0.05025861293490612]
2009-01-01T00:00:00.000Z,5,342.0,1.27157,-71.34153,[0.3197519342170411,0.945569922198254,0.060466708182677825]
2009-01-01T00:00:00.000Z,5,222.0,1.77157,-71.34153,[0.33683980403410774,0.9387968682775701,0.07210677173809987]
2009-01-01T00:00:00.000Z,5,164.0,2.27157,-71.34153,[0.35296338030328467,0.931981959227774,0.08262251411593742]
2009-01-01T00:00:00.000Z,10,189.0,2.77157,-71.34153,[0.36261556583892146,0.9274331200638587,0.09153010007606978]
2009-01-01T00:00:00.000Z,10,209.0,3.27157,-71.34153,[0.36885176323825125,0.9241862023144288,0.0991374813461917]
2009-01-01T00:00:00.000Z,10,171.0,3.77157,-71.34153,[0.36909158780239865,0.9234201522546902,0.10519801435117056]
2009-01-01T00:00:00.000Z,10,165.0,4.27157,-71.34153,[0.371923708947099,0.9214826221674393,0.1119934451941451]
2009-01-01T00:00:00.000Z,10,131.0,4.77157,-71.34153,[0.3763462302795466,0.918563576867486,0.12084895616754329]
2009-01-01T00:00:00.000Z,10,146.0,5.27157,-71.34153,[0.36780366983748247,0.9215601244255138,0.1242875598075359]
2009-01-01T00:00:00.000Z,10,151.0,5.77157,-71.34153,[0.35995312218536324,0.9254018700959525,0.11859649510808795]
2009-01-01T00:00:00.000Z,10,157.0,6.27157,-71.34153,[0.34825721507635227,0.9330665007706043,0.0900212046518118]
2009-01-01T00:00:00.000Z,5,154.0,6.77157,-71.34153,[0.33640241577375524,0.9398723982686598,0.05893462169471514]
2009-01-01T00:00:00.000Z,2,97.0,-2.22843,-70.84153,[0.2874503744369792,0.9577936304482157,0.0019088501427455648]
2009-01-01T00:00:00.000Z,2,137.0,-1.72843,-70.84153,[0.2912910532539356,0.956613420024598,0.006347198047556574]
2009-01-01T00:00:00.000Z,2,114.0,-1.22843,-70.84153,[0.29439331661159357,0.955628305094665,0.010349765037126337]
2009-01-01T00:00:00.000Z,2,155.0,-0.72843,-70.84153,[0.29803587656133407,0.954410608599136,0.01658331920166178]
2009-01-01T00:00:00.000Z,2,183.0,-0.22843,-70.84153,[0.3037495702009253,0.9524550476455371,0.02378194309325074]
2009-01-01T00:00:00.000Z,2,193.0,0.27157,-70.84153,[0.31028453148176277,0.9500217508302621,0.034382880515546686]
2009-01-01T00:00:00.000Z,5,250.0,0.77157,-70.84153,[0.3162825213195819,0.9476310927229011,0.04427955298474147]
2009-01-01T00:00:00.000Z,5,316.0,1.27157,-70.84153,[0.32613690564216313,0.9435563911326704,0.05775859702975713]
2009-01-01T00:00:00.000Z,5,186.0,1.77157,-70.84153,[0.3346998079655243,0.9394415064486874,0.07365931379847333]
2009-01-01T00:00:00.000Z,5,191.0,2.27157,-70.84153,[0.34654110842306285,0.9340976493960003,0.08585360543263097]
2009-01-01T00:00:00.000Z,10,160.0,2.77157,-70.84153,[0.3597016150745193,0.9280034232777562,0.09707932064836469]
2009-01-01T00:00:00.000Z,10,240.0,3.27157,-70.84153,[0.3679145838609106,0.9238743994729532,0.10533258271277182]
2009-01-01T00:00:00.000Z,10,186.0,3.77157,-70.84153,[0.3719467757963411,0.9215397728685466,0.11144524662853054]
2009-01-01T00:00:00.000Z,10,176.0,4.27157,-70.84153,[0.37290370407537077,0.9203877939538179,0.11759734787695214]
2009-01-01T00:00:00.000Z,10,146.0,4.77157,-70.84153,[0.3745088555190065,0.9188693109388264,0.12418657959961107]
2009-01-01T00:00:00.000Z,10,123.0,5.27157,-70.84153,[0.36791357622481213,0.9211465834369369,0.12699831594130553]
2009-01-01T00:00:00.000Z,10,120.0,5.77157,-70.84153,[0.3607055053013698,0.9244748506242515,0.12344143959202433]
2009-01-01T00:00:00.000Z,10,126.0,6.27157,-70.84153,[0.3492632332663805,0.9318030290502315,0.09878415328952105]
2009-01-01T00:00:00.000Z,5,122.0,6.77157,-70.84153,[0.34353193891845896,0.9366713540548244,0.06806306954601678]
2009-01-01T00:00:00.000Z,8,97.0,-3.72843,-70.34153,[0.2717011553479573,0.9622301786235956,0.01707529000012854]
2009-01-01T00:00:00.000Z,2,132.0,-2.22843,-70.34153,[0.2846866629501027,0.958593372902299,0.007228372301467451]
2009-01-01T00:00:00.000Z,2,129.0,-1.72843,-70.34153,[0.2865111279801657,0.9580215841836789,0.010296493661787203]
2009-01-01T00:00:00.000Z,2,144.0,-1.22843,-70.34153,[0.2888861933927142,0.957289542811151,0.01189531384558235]
2009-01-01T00:00:00.000Z,2,134.0,-0.72843,-70.34153,[0.2934154639716042,0.9558925662199917,0.013295388211213312]
2009-01-01T00:00:00.000Z,2,170.0,-0.22843,-70.34153,[0.29804350829167897,0.9544350479535089,0.014960160532928634]
2009-01-01T00:00:00.000Z,2,177.0,0.27157,-70.34153,[0.30695070976079813,0.9515472002584741,0.01841704258564789]
2009-01-01T00:00:00.000Z,2,190.0,0.77157,-70.34153,[0.31395399286638853,0.9490793117685079,0.026102688295787855]
2009-01-01T00:00:00.000Z,5,195.0,1.27157,-70.34153,[0.323625359632347,0.9450352707134695,0.0466365061979694]
2009-01-01T00:00:00.000Z,5,216.0,1.77157,-70.34153,[0.33049516092063685,0.9414104583799959,0.06722572023272046]
2009-01-01T00:00:00.000Z,5,168.0,2.27157,-70.34153,[0.3400480338057339,0.9367360931252292,0.08302304825370181]
2009-01-01T00:00:00.000Z,10,193.0,2.77157,-70.34153,[0.3534337329830247,0.930227074170935,0.09880377962945523]
2009-01-01T00:00:00.000Z,10,177.0,3.27157,-70.34153,[0.367249945858756,0.9235255991448129,0.110580038844971]
2009-01-01T00:00:00.000Z,10,174.0,3.77157,-70.34153,[0.366496231114451,0.9230781940382627,0.11664973326142786]
2009-01-01T00:00:00.000Z,10,118.0,4.27157,-70.34153,[0.3721398887652146,0.9199740744567573,0.12312434981451338]
2009-01-01T00:00:00.000Z,10,116.0,4.77157,-70.34153,[0.36985155459751307,0.9204887571512732,0.126135940635122]
2009-01-01T00:00:00.000Z,10,124.0,5.27157,-70.34153,[0.36722284496507995,0.921444777034149,0.12683416342705342]
2009-01-01T00:00:00.000Z,10,105.0,5.77157,-70.34153,[0.3549968240483001,0.9264229385944486,0.12537062559326584]
2009-01-01T00:00:00.000Z,10,104.0,6.27157,-70.34153,[0.3401030540867703,0.9343208429251652,0.10665118413060608]
2009-01-01T00:00:00.000Z,5,109.0,6.77157,-70.34153,[0.34935474747262596,0.9337771874825952,0.07753337704132257]
2009-01-01T00:00:00.000Z,8,140.0,-3.72843,-69.84153,[0.2734239593484777,0.9618089864140569,0.012759784769595625]
2009-01-01T00:00:00.000Z,8,128.0,-3.22843,-69.84153,[0.2760063087060848,0.9611513809058952,0.002922419739240898]
2009-01-01T00:00:00.000Z,8,61.0,-2.72843,-69.84153,[0.2777321631645745,0.9606265408280578,0.007841849312882104]
2009-01-01T00:00:00.000Z,8,111.0,-2.22843,-69.84153,[0.2754128413499389,0.9612234739604586,0.014042789143929691]
2009-01-01T00:00:00.000Z,8,145.0,-1.72843,-69.84153,[0.2805182773935397,0.9597259175393151,0.015351197069961424]
2009-01-01T00:00:00.000Z,2,68.0,-1.22843,-69.84153,[0.2848651360549388,0.9584873989613235,0.012400011804744397]
2009-01-01T00:00:00.000Z,2,122.0,-0.72843,-69.84153,[0.2886665804223215,0.9573356514787148,0.01341848557431885]
2009-01-01T00:00:00.000Z,2,188.0,0.77157,-69.84153,[0.3094128217047118,0.9506767995125687,0.021847851914264]
2009-01-01T00:00:00.000Z,5,195.0,1.77157,-69.84153,[0.32250916838036187,0.9454546343013649,0.04586252052253055]
2009-01-01T00:00:00.000Z,5,182.0,2.27157,-69.84153,[0.3354859129169028,0.9398631567859299,0.06408157887176795]
2009-01-01T00:00:00.000Z,10,180.0,2.77157,-69.84153,[0.3464733254787612,0.9338035723869959,0.0892587414709225]
2009-01-01T00:00:00.000Z,10,198.0,3.27157,-69.84153,[0.35301732698709865,0.9291311059734789,0.10997342751494003]
2009-01-01T00:00:00.000Z,10,149.0,3.77157,-69.84153,[0.3587952181161414,0.9256649865152496,0.12004300977863468]
2009-01-01T00:00:00.000Z,10,188.0,4.27157,-69.84153,[0.36195805315969515,0.9238033894075802,0.12479449295505907]
2009-01-01T00:00:00.000Z,10,143.0,4.77157,-69.84153,[0.36756142977219536,0.9209531734812628,0.12939802007221898]
2009-01-01T00:00:00.000Z,10,100.0,5.27157,-69.84153,[0.35942458774345526,0.9240430632658235,0.130224356230931]
2009-01-01T00:00:00.000Z,10,112.0,5.77157,-69.84153,[0.34558597016347375,0.9298218744398369,0.12649750605983756]
2009-01-01T00:00:00.000Z,10,98.0,6.27157,-69.84153,[0.3380843546287546,0.9351540828033099,0.10576299244801417]
2009-01-01T00:00:00.000Z,2,169.0,0.77157,-69.34153,[0.30806746223792636,0.9511436476699476,0.02049878551012818]
2009-01-01T00:00:00.000Z,4,182.0,1.77157,-69.34153,[0.3189219761774054,0.9471016262238101,0.03587872231995812]
2009-01-01T00:00:00.000Z,5,167.0,2.27157,-69.34153,[0.3276712089586397,0.9435945340688646,0.04754928069850937]
2009-01-01T00:00:00.000Z,5,128.0,2.77157,-69.34153,[0.33587192960600937,0.9386868480406755,0.07782704040497455]
2009-01-01T00:00:00.000Z,10,182.0,3.27157,-69.34153,[0.3449525994467809,0.9322696646758727,0.10899989201849955]
2009-01-01T00:00:00.000Z,10,123.0,3.77157,-69.34153,[0.350325864172286,0.9285588890514496,0.12267916879193064]
2009-01-01T00:00:00.000Z,10,172.0,4.27157,-69.34153,[0.35946252613956137,0.9245217000711228,0.12667406363958714]
2009-01-01T00:00:00.000Z,10,142.0,4.77157,-69.34153,[0.3662646524865441,0.9210478761058684,0.13236696815965915]
2009-01-01T00:00:00.000Z,10,117.0,5.27157,-69.34153,[0.35724748180655963,0.9243280570162287,0.1341338128716079]
2009-01-01T00:00:00.000Z,10,83.0,5.77157,-69.34153,[0.3465578961151732,0.9293462682339475,0.1273308225052378]
2009-01-01T00:00:00.000Z,2,139.0,1.77157,-68.84153,[0.31107595173558994,0.9497870313447859,0.033709751423818685]
2009-01-01T00:00:00.000Z,5,178.0,2.27157,-68.84153,[0.31880700505301374,0.9467601968241014,0.04480204502828337]
2009-01-01T00:00:00.000Z,5,155.0,2.77157,-68.84153,[0.3249027783429788,0.9429509206044346,0.07267562147145577]
2009-01-01T00:00:00.000Z,10,154.0,3.27157,-68.84153,[0.33766899285798735,0.9354681728065722,0.10430220001613387]
2009-01-01T00:00:00.000Z,10,118.0,3.77157,-68.84153,[0.3460948463218072,0.9301298994898568,0.12278732599284704]
2009-01-01T00:00:00.000Z,10,168.0,4.27157,-68.84153,[0.3597669397114647,0.9241839139689436,0.12826473502756566]
2009-01-01T00:00:00.000Z,10,130.0,4.77157,-68.84153,[0.37164747164760803,0.9184237878485852,0.13555774685276062]
2009-01-01T00:00:00.000Z,10,118.0,5.27157,-68.84153,[0.36481714568497076,0.9207289867287357,0.13844342964455297]
2009-01-01T00:00:00.000Z,10,76.0,5.77157,-68.84153,[0.3645470835606506,0.9220114193705505,0.1303854532443203]
2009-01-01T00:00:00.000Z,0,140.0,1.77157,-68.34153,[0.30345592751222616,0.9522237725383649,0.03441492511249768]
2009-01-01T00:00:00.000Z,0,115.0,2.27157,-68.34153,[0.3056892162535953,0.9511637536506101,0.042914063050985496]
2009-01-01T00:00:00.000Z,5,126.0,2.77157,-68.34153,[0.3181498467063552,0.9460455819041809,0.061468951514586374]
2009-01-01T00:00:00.000Z,5,132.0,3.27157,-68.34153,[0.32522256351130835,0.9415619535364845,0.0877004665648472]
2009-01-01T00:00:00.000Z,10,110.0,3.77157,-68.34153,[0.33945829346401685,0.9335103070260464,0.1154407799464028]
2009-01-01T00:00:00.000Z,10,121.0,4.27157,-68.34153,[0.35722025160145787,0.9251747523490995,0.12823950039505574]
2009-01-01T00:00:00.000Z,10,109.0,4.77157,-68.34153,[0.37312618220562455,0.9175451669184573,0.13743259736043464]
2009-01-01T00:00:00.000Z,10,89.0,5.27157,-68.34153,[0.37297914833613455,0.9169631769563451,0.1416512866605103]
2009-01-01T00:00:00.000Z,10,65.0,5.77157,-68.34153,[0.38149079034666983,0.9133901360271521,0.14206771726530107]
2009-01-01T00:00:00.000Z,0,136.0,2.27157,-67.84153,[0.3051022522437986,0.9514066415388683,0.04168954439056485]
2009-01-01T00:00:00.000Z,5,120.0,2.77157,-67.84153,[0.31257995015530443,0.9483959851302987,0.053280673321926895]
2009-01-01T00:00:00.000Z,5,103.0,3.27157,-67.84153,[0.3256772466956808,0.9419215536402962,0.08196412491188695]
2009-01-01T00:00:00.000Z,10,95.0,3.77157,-67.84153,[0.3345390019026732,0.9357216363181781,0.11184219030399332]
2009-01-01T00:00:00.000Z,10,110.0,4.27157,-67.84153,[0.3493863463641209,0.9282965699017519,0.12725823856620172]
2009-01-01T00:00:00.000Z,10,101.0,4.77157,-67.84153,[0.3687544295259763,0.9192331642500057,0.13795129737662423]
2009-01-01T00:00:00.000Z,3,80.0,5.77157,-67.84153,[0.3994339364907464,0.904056881167668,0.15209761994487495]
2009-01-01T00:00:00.000Z,3,54.0,6.27157,-67.84153,[0.38890611492089117,0.9116293876640246,0.1329808005858531]
2009-01-01T00:00:00.000Z,0,114.0,2.27157,-67.34153,[0.305545975877351,0.9513590612544793,0.03946635521749117]
