2005-09-01T00:00:00.000Z,2,10.0,1.77157,-78.84153,[0.2859645597660775,0.958152170371598,0.012988031798140568]
2005-09-01T00:00:00.000Z,2,235.0,1.27157,-78.34153,[0.30254838585635263,0.9530872076186288,0.009447163036621289]
2005-09-01T00:00:00.000Z,2,57.0,1.77157,-78.34153,[0.2966038878295603,0.9549482035610549,0.010003111511114583]
2005-09-01T00:00:00.000Z,2,1772.0,1.27157,-77.84153,[0.28802204240343804,0.9576117478199778,0.004800367373390634]
2005-09-01T00:00:00.000Z,2,528.0,1.77157,-77.84153,[0.30724179224387377,0.9516127106074844,0.005977466775172641]
2005-09-01T00:00:00.000Z,2,116.0,2.27157,-77.84153,[0.2972217872708118,0.9547819575649243,0.007114961703007849]
2005-09-01T00:00:00.000Z,6,167.0,7.27157,-77.84153,[0.24570970765341454,0.9645629019452224,0.09615169138338164]
2005-09-01T00:00:00.000Z,1,2201.0,0.77157,-77.34153,[0.19973809535583845,0.9798472602361885,0.002009943097920387]
2005-09-01T00:00:00.000Z,8,2447.0,1.27157,-77.34153,[0.2609413236625826,0.9653543550275838,7.712551438302934E-4]
2005-09-01T00:00:00.000Z,1,1706.0,1.77157,-77.34153,[0.2399023404088866,0.9707965174059089,9.944138462544521E-4]
2005-09-01T00:00:00.000Z,2,2096.0,2.27157,-77.34153,[0.3007180969758861,0.9537059646949531,0.003682262411949626]
2005-09-01T00:00:00.000Z,2,57.0,2.77157,-77.34153,[0.3032013947341581,0.9529186691644969,0.0038631837939101226]
2005-09-01T00:00:00.000Z,2,74.0,3.27157,-77.34153,[0.2845027987732529,0.9586748005355525,8.856118249751063E-4]
2005-09-01T00:00:00.000Z,8,28.0,4.27157,-77.34153,[0.2712782446620164,0.9620914490920348,0.02807414392432495]
2005-09-01T00:00:00.000Z,6,14.0,5.27157,-77.34153,[0.2579586139695086,0.9640047008103547,0.06443826731429556]
2005-09-01T00:00:00.000Z,9,499.0,6.27157,-77.34153,[0.2640612910954023,0.9606009172131957,0.0867035892809313]
2005-09-01T00:00:00.000Z,9,695.0,6.77157,-77.34153,[0.27585597128562,0.9565120843428585,0.09480567289011538]
2005-09-01T00:00:00.000Z,9,345.0,7.27157,-77.34153,[0.2725335299572531,0.9570119725037387,0.09926509725750719]
2005-09-01T00:00:00.000Z,2,279.0,0.27157,-76.84153,[0.2875671368316948,0.9577447862275936,0.005483271676875536]
2005-09-01T00:00:00.000Z,1,485.0,0.77157,-76.84153,[0.21252877335247175,0.9771437855286058,0.004641432981260878]
2005-09-01T00:00:00.000Z,11,3335.0,1.27157,-76.84153,[0.17315270129957056,0.9848827407252169,0.004912133370200583]
2005-09-01T00:00:00.000Z,1,2008.0,1.77157,-76.84153,[0.1827946336983291,0.9831387055666888,0.004940395505360246]
2005-09-01T00:00:00.000Z,1,1013.0,2.27157,-76.84153,[0.22699723378034445,0.9738913578318003,0.0028069550413698506]
2005-09-01T00:00:00.000Z,8,2856.0,2.77157,-76.84153,[0.26538232488493524,0.9641412904076547,0.0019477601826417266]
2005-09-01T00:00:00.000Z,8,1911.0,3.27157,-76.84153,[0.26831364046103595,0.963328709144248,0.0023639968322558234]
2005-09-01T00:00:00.000Z,2,794.0,3.77157,-76.84153,[0.2840845553324672,0.9587853742470768,0.0051547600765971865]
2005-09-01T00:00:00.000Z,2,70.0,4.27157,-76.84153,[0.2922435095061447,0.9562297207595692,0.014780131515253295]
2005-09-01T00:00:00.000Z,0,24.0,4.77157,-76.84153,[0.28714385025647204,0.9567808445568706,0.04603069355256423]
2005-09-01T00:00:00.000Z,0,133.0,5.27157,-76.84153,[0.2903271425466254,0.9548782444974561,0.06259144099769452]
2005-09-01T00:00:00.000Z,9,76.0,5.77157,-76.84153,[0.2800283370504658,0.9566726845537313,0.07975904386028831]
2005-09-01T00:00:00.000Z,9,38.0,6.27157,-76.84153,[0.26769675024049044,0.9594251528619177,0.08855408497955423]
2005-09-01T00:00:00.000Z,9,20.0,6.77157,-76.84153,[0.2868918495592443,0.9530460305433988,0.09693467038138104]
2005-09-01T00:00:00.000Z,9,15.0,7.27157,-76.84153,[0.28595848090320936,0.9528352401416371,0.10165014679653706]
2005-09-01T00:00:00.000Z,7,8.0,7.77157,-76.84153,[0.2957852163209265,0.9493400509123855,0.10613469526809717]
2005-09-01T00:00:00.000Z,8,294.0,0.77157,-76.34153,[0.2761528793461282,0.9610606814248516,0.010097219817501604]
2005-09-01T00:00:00.000Z,1,1412.0,1.27157,-76.34153,[0.2089407561441191,0.9778913296279994,0.00850340286633043]
2005-09-01T00:00:00.000Z,11,2388.0,1.77157,-76.34153,[0.15517830229442298,0.9878423633864486,0.009335930381940895]
2005-09-01T00:00:00.000Z,11,3852.0,2.27157,-76.34153,[0.163785120318865,0.9864615261953015,0.008251769420645108]
2005-09-01T00:00:00.000Z,1,2450.0,2.77157,-76.34153,[0.23211187669029462,0.9726592927974252,0.007614252039575803]
2005-09-01T00:00:00.000Z,1,990.0,3.27157,-76.34153,[0.23350259223651593,0.9723287430566715,0.007304440064834601]
2005-09-01T00:00:00.000Z,8,962.0,3.77157,-76.34153,[0.25226977504732295,0.9676263202519384,0.007698373416937086]
2005-09-01T00:00:00.000Z,1,1899.0,4.27157,-76.34153,[0.21420620509046148,0.9766915050756793,0.01376247120788457]
2005-09-01T00:00:00.000Z,8,1358.0,4.77157,-76.34153,[0.24556492014099532,0.9688040685014611,0.03341476995525872]
2005-09-01T00:00:00.000Z,6,407.0,5.27157,-76.34153,[0.2292786769443946,0.9716518687983324,0.057653570221939995]
2005-09-01T00:00:00.000Z,6,480.0,5.77157,-76.34153,[0.2221971737247884,0.9718320830589229,0.07855455636734943]
2005-09-01T00:00:00.000Z,6,1095.0,6.27157,-76.34153,[0.21404261081957215,0.9729209582707825,0.08723857925828016]
2005-09-01T00:00:00.000Z,6,1485.0,6.77157,-76.34153,[0.23430856566829897,0.9677048833206428,0.09298792852755362]
2005-09-01T00:00:00.000Z,9,827.0,7.27157,-76.34153,[0.27203297600644794,0.9569539472163584,0.10117906340793183]
2005-09-01T00:00:00.000Z,7,201.0,7.77157,-76.34153,[0.2882145900668606,0.9516519483339737,0.10625873754540484]
2005-09-01T00:00:00.000Z,7,165.0,8.27157,-76.34153,[0.29413343721105395,0.9496928323235136,0.1075594967808688]
2005-09-01T00:00:00.000Z,7,99.0,8.77157,-76.34153,[0.30600123494813286,0.9457212080099902,0.10942870249775619]
2005-09-01T00:00:00.000Z,2,267.0,0.27157,-75.84153,[0.30704834081916327,0.9514857675977234,0.01990352881199319]
2005-09-01T00:00:00.000Z,2,241.0,0.77157,-75.84153,[0.30057314943199126,0.9536256548243901,0.01593399828314171]
2005-09-01T00:00:00.000Z,8,250.0,1.27157,-75.84153,[0.2534499002020541,0.9672725659885156,0.012121516966185197]
2005-09-01T00:00:00.000Z,8,1712.0,1.77157,-75.84153,[0.2718065426445905,0.9622724519218441,0.012366553598995585]
2005-09-01T00:00:00.000Z,1,1262.0,2.27157,-75.84153,[0.240387702558204,0.9705976592538236,0.012407107228810528]
2005-09-01T00:00:00.000Z,1,2705.0,2.77157,-75.84153,[0.19513877930009713,0.9806974549440779,0.01238380714789078]
2005-09-01T00:00:00.000Z,11,1867.0,3.27157,-75.84153,[0.1687155376217799,0.9855900471142826,0.012137808461998552]
2005-09-01T00:00:00.000Z,11,3782.0,3.77157,-75.84153,[0.18344006027181528,0.9829618323999159,0.011652481816008392]
2005-09-01T00:00:00.000Z,1,2035.0,4.27157,-75.84153,[0.23666295161208808,0.9715014163676214,0.013253125290276934]
2005-09-01T00:00:00.000Z,1,1185.0,4.77157,-75.84153,[0.23971369403516968,0.9706054474169126,0.021503728435507873]
2005-09-01T00:00:00.000Z,8,1530.0,5.27157,-75.84153,[0.2538446071615234,0.9660531732260818,0.04800189490874305]
2005-09-01T00:00:00.000Z,6,1704.0,5.77157,-75.84153,[0.24439119220080352,0.9665671651541778,0.07759420352375511]
2005-09-01T00:00:00.000Z,6,488.0,6.27157,-75.84153,[0.19667989196838084,0.9766944635248004,0.08593570279754822]
2005-09-01T00:00:00.000Z,6,896.0,6.77157,-75.84153,[0.19851498206813417,0.9757694092132099,0.09201011867284949]
2005-09-01T00:00:00.000Z,6,2421.0,7.27157,-75.84153,[0.2455223169340118,0.9644033381263938,0.09820892677360471]
2005-09-01T00:00:00.000Z,7,131.0,7.77157,-75.84153,[0.2984687859860236,0.9482716779851155,0.10815363388866243]
2005-09-01T00:00:00.000Z,7,43.0,8.27157,-75.84153,[0.2975791058201865,0.9485333998018445,0.10831004219190613]
2005-09-01T00:00:00.000Z,7,10.0,8.77157,-75.84153,[0.3009791633867815,0.9476481629822938,0.1066513122435769]
2005-09-01T00:00:00.000Z,7,155.0,9.27157,-75.84153,[0.3123519715540211,0.9437973241200638,0.1080872649766073]
2005-09-01T00:00:00.000Z,2,228.0,0.27157,-75.34153,[0.3091841360589086,0.9505896575301348,0.0280084452665129]
2005-09-01T00:00:00.000Z,2,189.0,0.77157,-75.34153,[0.30486256898541764,0.9519424090849009,0.029401765546419722]
2005-09-01T00:00:00.000Z,2,244.0,1.27157,-75.34153,[0.29996536367330273,0.9535484324899298,0.027679730712942975]
2005-09-01T00:00:00.000Z,8,1357.0,1.77157,-75.34153,[0.24364523034894428,0.9696338101196565,0.021148900705415977]
2005-09-01T00:00:00.000Z,2,2437.0,2.27157,-75.34153,[0.30153993059452006,0.9532988837181015,0.017172901876907645]
2005-09-01T00:00:00.000Z,4,485.0,2.77157,-75.34153,[0.3627384039773768,0.931739821981105,0.016785541831109984]
2005-09-01T00:00:00.000Z,4,694.0,3.27157,-75.34153,[0.36530020185435824,0.9307457250312192,0.016375526290022955]
2005-09-01T00:00:00.000Z,8,442.0,3.77157,-75.34153,[0.2743609260500239,0.9615103362934927,0.014965141420910393]
2005-09-01T00:00:00.000Z,11,2270.0,4.27157,-75.34153,[0.13547797598456723,0.990682699387148,0.01391068503412967]
2005-09-01T00:00:00.000Z,11,4229.0,4.77157,-75.34153,[0.17246578686123232,0.9848704144444056,0.01690618568573922]
2005-09-01T00:00:00.000Z,1,3209.0,5.27157,-75.34153,[0.19580463166817702,0.9801749502918743,0.030292128311017973]
2005-09-01T00:00:00.000Z,6,1992.0,5.77157,-75.34153,[0.21708406097258748,0.9745440371618846,0.05602169315421612]
2005-09-01T00:00:00.000Z,6,2185.0,6.27157,-75.34153,[0.21473598872392471,0.9735439903286742,0.07810604356694048]
2005-09-01T00:00:00.000Z,6,2092.0,6.77157,-75.34153,[0.2361551450275687,0.9676091340510115,0.08923738666086002]
2005-09-01T00:00:00.000Z,7,869.0,7.27157,-75.34153,[0.2927375788250636,0.9505748346117237,0.10349972824376782]
2005-09-01T00:00:00.000Z,7,83.0,7.77157,-75.34153,[0.3034181997410748,0.9466647831921533,0.10845821467108237]
2005-09-01T00:00:00.000Z,7,30.0,8.27157,-75.34153,[0.3070093286374436,0.9454113982950881,0.10928202095181205]
2005-09-01T00:00:00.000Z,7,74.0,8.77157,-75.34153,[0.30441549150899455,0.9464554372370558,0.10748634263826681]
2005-09-01T00:00:00.000Z,7,180.0,9.27157,-75.34153,[0.2986478550851284,0.9486461279174667,0.10430715526870293]
2005-09-01T00:00:00.000Z,7,136.0,9.77157,-75.34153,[0.30987821131184523,0.945128544501128,0.10347718842020547]
2005-09-01T00:00:00.000Z,7,79.0,10.27157,-75.34153,[0.31161497689905904,0.9447900895343812,0.1013301183746231]
2005-09-01T00:00:00.000Z,2,205.0,0.27157,-74.84153,[0.30418180073851614,0.9520650849886628,0.032334285905275345]
2005-09-01T00:00:00.000Z,0,239.0,0.77157,-74.84153,[0.29890638333556835,0.9536536992134801,0.03463518410078808]
2005-09-01T00:00:00.000Z,0,226.0,1.27157,-74.84153,[0.2981868720528948,0.9539603914680259,0.03231347776828183]
2005-09-01T00:00:00.000Z,2,258.0,1.77157,-74.84153,[0.3010338053400012,0.9532737169100037,0.025453264841756196]
2005-09-01T00:00:00.000Z,1,576.0,2.27157,-74.84153,[0.23327098612224623,0.972165994519937,0.021861521736063913]
2005-09-01T00:00:00.000Z,8,1998.0,2.77157,-74.84153,[0.2595116665404579,0.9655360534519979,0.019845009794270313]
2005-09-01T00:00:00.000Z,8,2106.0,3.27157,-74.84153,[0.267982302418262,0.9632194077486587,0.019845859188522233]
2005-09-01T00:00:00.000Z,4,361.0,3.77157,-74.84153,[0.3475309982480902,0.937401619795615,0.022369811381486266]
2005-09-01T00:00:00.000Z,4,289.0,4.27157,-74.84153,[0.32040131636921954,0.9470496740873316,0.020974062075575416]
2005-09-01T00:00:00.000Z,4,277.0,4.77157,-74.84153,[0.3214039592397076,0.9467034908344696,0.021260184074221904]
2005-09-01T00:00:00.000Z,4,325.0,5.27157,-74.84153,[0.32082385349519044,0.9467330318235432,0.027724023566188156]
2005-09-01T00:00:00.000Z,0,379.0,5.77157,-74.84153,[0.28927205941994544,0.9562048630825973,0.04465350441045983]
2005-09-01T00:00:00.000Z,6,978.0,6.27157,-74.84153,[0.257582206887523,0.9640312975073118,0.06553673871442041]
2005-09-01T00:00:00.000Z,9,1143.0,6.77157,-74.84153,[0.2678934702564095,0.9596826324044873,0.08510190159551002]
2005-09-01T00:00:00.000Z,7,322.0,7.27157,-74.84153,[0.2908605215864264,0.9513107284969584,0.10201987467674278]
2005-09-01T00:00:00.000Z,7,55.0,7.77157,-74.84153,[0.3122598372895857,0.943518932817453,0.11075115092357245]
2005-09-01T00:00:00.000Z,7,27.0,8.27157,-74.84153,[0.31831609338258837,0.9413547103235976,0.11192039155231222]
2005-09-01T00:00:00.000Z,7,14.0,8.77157,-74.84153,[0.3256141597332728,0.9390070310617974,0.11064002258542545]
2005-09-01T00:00:00.000Z,7,48.0,9.27157,-74.84153,[0.3222572105297986,0.9405811162459845,0.10703949749046314]
2005-09-01T00:00:00.000Z,7,15.0,9.77157,-74.84153,[0.31421231173641917,0.9437591220368875,0.10290453209367728]
2005-09-01T00:00:00.000Z,7,5.0,10.27157,-74.84153,[0.3258094200592029,0.9398348655553929,0.10275527863405629]
2005-09-01T00:00:00.000Z,2,171.0,-0.72843,-74.34153,[0.3172458099475232,0.9480909262799544,0.021879021375691254]
2005-09-01T00:00:00.000Z,2,219.0,-0.22843,-74.34153,[0.30391576862380415,0.9522694083545864,0.028603837046946273]
2005-09-01T00:00:00.000Z,0,201.0,0.27157,-74.34153,[0.29830317828013364,0.9538627321289649,0.034074948032789966]
2005-09-01T00:00:00.000Z,0,242.0,0.77157,-74.34153,[0.2945239906933239,0.9548654777636733,0.03856861782888765]
2005-09-01T00:00:00.000Z,0,251.0,1.27157,-74.34153,[0.2962825117915007,0.9544278541900122,0.03583495992418941]
2005-09-01T00:00:00.000Z,2,298.0,1.77157,-74.34153,[0.3049777676402996,0.9520090315359939,0.025833410906001848]
2005-09-01T00:00:00.000Z,2,313.0,2.27157,-74.34153,[0.3112973058238353,0.9498874312094895,0.02842279748826322]
2005-09-01T00:00:00.000Z,8,364.0,2.77157,-74.34153,[0.2798171139334704,0.9597236100700608,0.025158994893140975]
2005-09-01T00:00:00.000Z,11,899.0,3.27157,-74.34153,[0.1510097140773694,0.9881029322700314,0.02913179523539804]
2005-09-01T00:00:00.000Z,11,3444.0,3.77157,-74.34153,[0.1467993718111274,0.9887726283146184,0.027904012823602727]
2005-09-01T00:00:00.000Z,11,2263.0,4.27157,-74.34153,[0.17142631183190837,0.9848384089135138,0.026576830894745527]
2005-09-01T00:00:00.000Z,1,2655.0,4.77157,-74.34153,[0.20838589070819669,0.9777240709984579,0.025118947906988032]
2005-09-01T00:00:00.000Z,8,1104.0,5.27157,-74.34153,[0.2795079211092555,0.9597978613297161,0.02575630843279503]
2005-09-01T00:00:00.000Z,0,744.0,5.77157,-74.34153,[0.3070326270656585,0.9509961894505602,0.03656793086399977]
2005-09-01T00:00:00.000Z,5,119.0,6.27157,-74.34153,[0.31474089262816624,0.9476437745435004,0.05393929065692849]
2005-09-01T00:00:00.000Z,9,97.0,6.77157,-74.34153,[0.2717179739178426,0.95970788387782,0.07162485792474331]
2005-09-01T00:00:00.000Z,9,575.0,7.27157,-74.34153,[0.26232110764492134,0.9600522505201424,0.09740283751077818]
2005-09-01T00:00:00.000Z,7,1234.0,7.77157,-74.34153,[0.29825701372839236,0.947869827720156,0.11218530857283848]
2005-09-01T00:00:00.000Z,7,715.0,8.27157,-74.34153,[0.32837148297169405,0.9373724957170699,0.1162109007112591]
2005-09-01T00:00:00.000Z,10,14.0,8.77157,-74.34153,[0.3402733686798042,0.9333887543647407,0.11401520860278161]
2005-09-01T00:00:00.000Z,7,37.0,9.27157,-74.34153,[0.3286512641474171,0.9381711618392581,0.10873462037217736]
2005-09-01T00:00:00.000Z,7,95.0,9.77157,-74.34153,[0.3196668099265923,0.941814042149315,0.1039203572055266]
2005-09-01T00:00:00.000Z,7,119.0,10.27157,-74.34153,[0.3102022046343585,0.9452707181221542,0.10118231911164349]
2005-09-01T00:00:00.000Z,7,5.0,10.77157,-74.34153,[0.29460568689030936,0.9503039472064844,0.100647390307273]
2005-09-01T00:00:00.000Z,2,156.0,-1.22843,-73.84153,[0.3183863885356745,0.9478955978077305,0.01113747062558253]
2005-09-01T00:00:00.000Z,2,195.0,-0.72843,-73.84153,[0.3079194719540632,0.9512086013464666,0.019692524369155202]
2005-09-01T00:00:00.000Z,2,174.0,-0.22843,-73.84153,[0.2956242297672664,0.9549131866291859,0.02733351013324328]
2005-09-01T00:00:00.000Z,0,241.0,0.27157,-73.84153,[0.2908991580012856,0.9561426508010382,0.03418934327106743]
2005-09-01T00:00:00.000Z,0,232.0,0.77157,-73.84153,[0.2879500213129166,0.9567741744022805,0.040840720154341946]
2005-09-01T00:00:00.000Z,0,267.0,1.27157,-73.84153,[0.291960618734754,0.9555074794955585,0.04200540127251006]
2005-09-01T00:00:00.000Z,0,265.0,1.77157,-73.84153,[0.27634353754080704,0.9603508887265236,0.036883868853587055]
2005-09-01T00:00:00.000Z,8,554.0,2.27157,-73.84153,[0.2589439506123594,0.965361219388182,0.032027278102054975]
2005-09-01T00:00:00.000Z,0,995.0,2.77157,-73.84153,[0.2931765191392765,0.9551880139699008,0.040784636735100965]
2005-09-01T00:00:00.000Z,0,363.0,3.27157,-73.84153,[0.27578189797238656,0.9599557129421796,0.04928867963761803]
2005-09-01T00:00:00.000Z,6,545.0,3.77157,-73.84153,[0.20623844965214067,0.977040253100644,0.05346069309418618]
2005-09-01T00:00:00.000Z,11,1499.0,4.27157,-73.84153,[0.14330735927094151,0.9882475495324127,0.05319569176137348]
2005-09-01T00:00:00.000Z,11,3610.0,4.77157,-73.84153,[0.13576375231500512,0.9894646355161388,0.050278609967506126]
2005-09-01T00:00:00.000Z,11,2585.0,5.27157,-73.84153,[0.16798439222244482,0.9848496720492353,0.043039138399476054]
2005-09-01T00:00:00.000Z,8,2622.0,5.77157,-73.84153,[0.2528614194927262,0.9666914444323692,0.039607496681604015]
2005-09-01T00:00:00.000Z,0,616.0,6.27157,-73.84153,[0.31281807499658687,0.9488814941563135,0.04205665230509668]
2005-09-01T00:00:00.000Z,5,101.0,6.77157,-73.84153,[0.33820398121970624,0.938664382964167,0.06728479205318366]
2005-09-01T00:00:00.000Z,10,89.0,7.27157,-73.84153,[0.3477543480583996,0.9321748496565434,0.10058311525439127]
2005-09-01T00:00:00.000Z,10,59.0,7.77157,-73.84153,[0.3302577778982991,0.9369014975838272,0.11465332076682085]
2005-09-01T00:00:00.000Z,10,38.0,8.27157,-73.84153,[0.3421490420961428,0.931937425849284,0.1201110623302543]
2005-09-01T00:00:00.000Z,10,29.0,8.77157,-73.84153,[0.34716394942920303,0.9305922533310581,0.11608294559038977]
2005-09-01T00:00:00.000Z,10,52.0,9.27157,-73.84153,[0.3437019378988087,0.9325619014317326,0.11044128703811369]
2005-09-01T00:00:00.000Z,9,46.0,9.77157,-73.84153,[0.2843582325478062,0.9535028035829216,0.09986390309714621]
2005-09-01T00:00:00.000Z,11,931.0,10.27157,-73.84153,[0.15285888444162193,0.9837561062992954,0.09411739884905579]
2005-09-01T00:00:00.000Z,9,2665.0,10.77157,-73.84153,[0.2892407784250184,0.9524608445792597,0.09569802317421508]
2005-09-01T00:00:00.000Z,2,139.0,-1.72843,-73.34153,[0.3126454939494462,0.9498695159685464,8.35312388414551E-4]
2005-09-01T00:00:00.000Z,2,199.0,-1.22843,-73.34153,[0.3080269047665084,0.9513292481827164,0.009596222802341224]
2005-09-01T00:00:00.000Z,2,223.0,-0.72843,-73.34153,[0.30378554894516185,0.9525678647156433,0.018132935867269353]
2005-09-01T00:00:00.000Z,2,171.0,-0.22843,-73.34153,[0.2948019201640099,0.9552046468306307,0.025998279573518992]
2005-09-01T00:00:00.000Z,0,209.0,0.27157,-73.34153,[0.2920547472573783,0.9558155364786924,0.033476631108553236]
2005-09-01T00:00:00.000Z,0,237.0,0.77157,-73.34153,[0.281992695128408,0.9585477499727739,0.04082071675447519]
2005-09-01T00:00:00.000Z,0,249.0,1.27157,-73.34153,[0.2826828420179089,0.9581699544703419,0.044729734841387994]
2005-09-01T00:00:00.000Z,0,294.0,1.77157,-73.34153,[0.2880790464602133,0.9564679803422103,0.04668474665956026]
2005-09-01T00:00:00.000Z,0,229.0,2.27157,-73.34153,[0.29482849090291985,0.9544642195767677,0.04554354509278567]
2005-09-01T00:00:00.000Z,0,267.0,2.77157,-73.34153,[0.2940807629329186,0.9546137265517787,0.04721374748649592]
2005-09-01T00:00:00.000Z,0,234.0,3.27157,-73.34153,[0.3012674517365449,0.9516781905631165,0.059552868366526304]
2005-09-01T00:00:00.000Z,0,256.0,3.77157,-73.34153,[0.2977303791405128,0.9525046113909376,0.06396551114346954]
2005-09-01T00:00:00.000Z,6,300.0,4.27157,-73.34153,[0.2322415987867387,0.9706796920164174,0.06200625210325547]
2005-09-01T00:00:00.000Z,11,1229.0,4.77157,-73.34153,[0.16465738758258253,0.9846066757471996,0.05863138057839256]
2005-09-01T00:00:00.000Z,11,2684.0,5.27157,-73.34153,[0.1424916177358229,0.9881735766557473,0.05664910656326617]
2005-09-01T00:00:00.000Z,6,3515.0,5.77157,-73.34153,[0.22041820175328738,0.974179927956239,0.0488803058810399]
2005-09-01T00:00:00.000Z,1,1301.0,6.27157,-73.34153,[0.23353635173088422,0.971556570064892,0.039225037717905795]
2005-09-01T00:00:00.000Z,0,1945.0,6.77157,-73.34153,[0.30501965028855754,0.9510848938131401,0.048995282408555704]
2005-09-01T00:00:00.000Z,9,351.0,7.27157,-73.34153,[0.2562042230289278,0.9633742503938415,0.07917985716233379]
2005-09-01T00:00:00.000Z,9,325.0,7.77157,-73.34153,[0.25691030440140705,0.9596010456637032,0.11472980717103932]
2005-09-01T00:00:00.000Z,7,1339.0,8.27157,-73.34153,[0.2773429500045612,0.9537320854587231,0.11608616303988384]
2005-09-01T00:00:00.000Z,7,1230.0,8.77157,-73.34153,[0.2874669873776528,0.9512119013228023,0.11206538247771099]
2005-09-01T00:00:00.000Z,7,809.0,9.27157,-73.34153,[0.2986810721947539,0.9485457488059957,0.10512173673729423]
2005-09-01T00:00:00.000Z,9,74.0,9.77157,-73.34153,[0.2869905765037652,0.9528087139925003,0.09895435077849822]
2005-09-01T00:00:00.000Z,6,99.0,10.27157,-73.34153,[0.23971716654498157,0.9665308587178938,0.0913990109886117]
2005-09-01T00:00:00.000Z,7,1426.0,10.77157,-73.34153,[0.3133442746181038,0.9447271201032719,0.09646778791613535]
2005-09-01T00:00:00.000Z,2,146.0,-2.22843,-72.84153,[0.30565099462873163,0.9520852821193824,0.010539689469956263]
2005-09-01T00:00:00.000Z,2,165.0,-1.72843,-72.84153,[0.3046481997947086,0.9524633372892037,0.001750851722958095]
2005-09-01T00:00:00.000Z,2,168.0,-1.22843,-72.84153,[0.3066856284742974,0.9517829849202333,0.007285252477167218]
2005-09-01T00:00:00.000Z,2,178.0,-0.72843,-72.84153,[0.3017637895916499,0.9532460795240103,0.016140853861878947]
2005-09-01T00:00:00.000Z,2,191.0,-0.22843,-72.84153,[0.29529536558231223,0.9550959480552911,0.024338797710104637]
2005-09-01T00:00:00.000Z,0,247.0,0.27157,-72.84153,[0.28448126412546537,0.9581328975745673,0.032430864110303055]
2005-09-01T00:00:00.000Z,0,264.0,0.77157,-72.84153,[0.2776158133110811,0.95985386464641,0.04012503860407123]
2005-09-01T00:00:00.000Z,0,246.0,1.27157,-72.84153,[0.27545621348872884,0.9601935215133421,0.04639262542968065]
2005-09-01T00:00:00.000Z,0,259.0,1.77157,-72.84153,[0.28026823228393366,0.9585173544110531,0.051905676618984514]
2005-09-01T00:00:00.000Z,0,271.0,2.27157,-72.84153,[0.2925179073810123,0.9546514651736913,0.055442347561750004]
2005-09-01T00:00:00.000Z,0,193.0,2.77157,-72.84153,[0.2926592218595881,0.9542740385927424,0.06092322322757962]
2005-09-01T00:00:00.000Z,9,182.0,3.27157,-72.84153,[0.29520141785201515,0.9531115545377078,0.06659194774801272]
2005-09-01T00:00:00.000Z,9,203.0,3.77157,-72.84153,[0.2970744998798179,0.9522504317853077,0.0704688348552126]
2005-09-01T00:00:00.000Z,9,165.0,4.27157,-72.84153,[0.29198522113996,0.9538183890572027,0.07053446910675112]
2005-09-01T00:00:00.000Z,6,293.0,4.77157,-72.84153,[0.2137576846611088,0.974646437833035,0.06612090038480929]
2005-09-01T00:00:00.000Z,11,1653.0,5.27157,-72.84153,[0.149918646164332,0.9863695053192956,0.06782033993148352]
2005-09-01T00:00:00.000Z,11,2686.0,5.77157,-72.84153,[0.1506946878764082,0.9868071496422859,0.059184123383718375]
2005-09-01T00:00:00.000Z,11,2685.0,6.27157,-72.84153,[0.17483906438596858,0.9837611356117166,0.04056266293754471]
2005-09-01T00:00:00.000Z,11,1547.0,6.77157,-72.84153,[0.15463776521512834,0.9866145020337115,0.05175892141498097]
2005-09-01T00:00:00.000Z,6,3795.0,7.27157,-72.84153,[0.23522962792517052,0.9686635447380099,0.07973681233771165]
2005-09-01T00:00:00.000Z,7,1328.0,7.77157,-72.84153,[0.31403968794640147,0.9421190638392044,0.11743399825122139]
2005-09-01T00:00:00.000Z,10,973.0,8.27157,-72.84153,[0.3504669299722202,0.928859905310989,0.11996752602895228]
2005-09-01T00:00:00.000Z,10,83.0,8.77157,-72.84153,[0.35454224436518206,0.9277394617360687,0.11661598560304247]
2005-09-01T00:00:00.000Z,7,223.0,10.77157,-72.84153,[0.33132191297584274,0.9385446189388418,0.09674599858894607]
2005-09-01T00:00:00.000Z,10,51.0,11.27157,-72.84153,[0.3652599949948564,0.925658891425321,0.09869525207224031]
2005-09-01T00:00:00.000Z,2,149.0,-2.22843,-72.34153,[0.30060742048846684,0.9536511270668602,0.013590680313271679]
2005-09-01T00:00:00.000Z,2,147.0,-1.72843,-72.34153,[0.30334193986896224,0.9528641851609004,0.0057889683181099666]
2005-09-01T00:00:00.000Z,2,145.0,-1.22843,-72.34153,[0.3043524690622638,0.9525535291261692,0.0033687868712998664]
2005-09-01T00:00:00.000Z,2,205.0,-0.72843,-72.34153,[0.2991737148473765,0.9541215770808223,0.012128664115434184]
2005-09-01T00:00:00.000Z,2,176.0,-0.22843,-72.34153,[0.2950674319826076,0.9552377564573133,0.02135507484387744]
2005-09-01T00:00:00.000Z,0,150.0,0.27157,-72.34153,[0.29065774136605066,0.9563209608083001,0.031117475840365425]
2005-09-01T00:00:00.000Z,0,218.0,0.77157,-72.34153,[0.2870193922370804,0.9571079733260123,0.039549916253141006]
2005-09-01T00:00:00.000Z,0,234.0,1.27157,-72.34153,[0.28268954855396367,0.9580034700995436,0.04812453028954381]
2005-09-01T00:00:00.000Z,0,237.0,1.77157,-72.34153,[0.28209491919529717,0.9577847256472739,0.05541548412650699]
2005-09-01T00:00:00.000Z,0,203.0,2.27157,-72.34153,[0.29311792459586467,0.9540479167348028,0.06224511912267397]
2005-09-01T00:00:00.000Z,9,188.0,2.77157,-72.34153,[0.2897050499990726,0.9547866822926634,0.06673361463013656]
2005-09-01T00:00:00.000Z,9,220.0,3.27157,-72.34153,[0.2922193491537309,0.953677100726517,0.07146915089767603]
2005-09-01T00:00:00.000Z,9,180.0,3.77157,-72.34153,[0.2961412985322021,0.9522081752804652,0.07483262812909877]
2005-09-01T00:00:00.000Z,9,190.0,4.27157,-72.34153,[0.3031704900869207,0.9498573529719494,0.07654190320065223]
2005-09-01T00:00:00.000Z,9,177.0,4.77157,-72.34153,[0.3047861464898791,0.9493913298707727,0.07590459586912697]
2005-09-01T00:00:00.000Z,6,257.0,5.27157,-72.34153,[0.23977144878177462,0.9682199455568803,0.07113219647192646]
2005-09-01T00:00:00.000Z,11,1342.0,5.77157,-72.34153,[0.17141572807826733,0.9830167263263903,0.06553444842175934]
2005-09-01T00:00:00.000Z,11,3317.0,6.27157,-72.34153,[0.1768033832397514,0.983317446511494,0.042747667317556325]
2005-09-01T00:00:00.000Z,6,3467.0,6.77157,-72.34153,[0.24001027265950944,0.9696415015444182,0.04680200316860434]
2005-09-01T00:00:00.000Z,9,2203.0,7.27157,-72.34153,[0.26602439781037335,0.9615927774063037,0.06760436531511323]
2005-09-01T00:00:00.000Z,3,97.0,11.27157,-72.34153,[0.38283005480417476,0.918535198607332,0.09866224231194838]
2005-09-01T00:00:00.000Z,10,19.0,11.77157,-72.34153,[0.3675342836945602,0.925129104505143,0.09515613646338614]
2005-09-01T00:00:00.000Z,2,109.0,-2.22843,-71.84153,[0.2993302196126907,0.9539722647961708,0.01839395624337527]
2005-09-01T00:00:00.000Z,2,140.0,-1.72843,-71.84153,[0.300343400912757,0.9537622502267705,0.011463488584456377]
2005-09-01T00:00:00.000Z,2,153.0,-1.22843,-71.84153,[0.3003630404398796,0.9538246169693887,8.024966729309761E-4]
2005-09-01T00:00:00.000Z,2,136.0,-0.72843,-71.84153,[0.30205534900651215,0.9532545234806276,0.008269195866337974]
2005-09-01T00:00:00.000Z,2,192.0,-0.22843,-71.84153,[0.2871994438636678,0.9577083817028608,0.01763902096170558]
2005-09-01T00:00:00.000Z,0,216.0,0.27157,-71.84153,[0.28785929673,0.957273269125647,0.027657069685823533]
2005-09-01T00:00:00.000Z,0,215.0,0.77157,-71.84153,[0.28610965521899767,0.9574535706147561,0.037734934841875685]
2005-09-01T00:00:00.000Z,0,232.0,1.27157,-71.84153,[0.27367591811685626,0.9606357125802202,0.04775478571188868]
2005-09-01T00:00:00.000Z,0,233.0,1.77157,-71.84153,[0.2869677657061619,0.9561855630756096,0.05795403705862722]
2005-09-01T00:00:00.000Z,9,159.0,2.27157,-71.84153,[0.2904570687438218,0.9546805980417089,0.0649588095601493]
2005-09-01T00:00:00.000Z,9,186.0,2.77157,-71.84153,[0.29199838343741874,0.9537862254365106,0.07091389312051598]
2005-09-01T00:00:00.000Z,9,222.0,3.27157,-71.84153,[0.2928409864252282,0.9531465311060517,0.07586729802753983]
2005-09-01T00:00:00.000Z,9,206.0,3.77157,-71.84153,[0.29508302007907694,0.9522102071013292,0.0788779611365225]
2005-09-01T00:00:00.000Z,9,189.0,4.27157,-71.84153,[0.3011024092094225,0.9502471469346794,0.07979786282090018]
2005-09-01T00:00:00.000Z,5,149.0,4.77157,-71.84153,[0.31033270766874393,0.94733142340985,0.07909984052609338]
2005-09-01T00:00:00.000Z,5,172.0,5.27157,-71.84153,[0.3206667749069408,0.9440525574685683,0.07705574740301116]
2005-09-01T00:00:00.000Z,5,213.0,5.77157,-71.84153,[0.3169290300838604,0.9459484791052629,0.06882924355638038]
2005-09-01T00:00:00.000Z,0,412.0,6.27157,-71.84153,[0.3121330729493221,0.9486397315126455,0.05153255831829984]
2005-09-01T00:00:00.000Z,4,325.0,6.77157,-71.84153,[0.3624757674776566,0.930962942370672,0.04381002081744338]
2005-09-01T00:00:00.000Z,3,174.0,11.77157,-71.84153,[0.38260507207357947,0.9190277237983614,0.09487571719662409]
2005-09-01T00:00:00.000Z,2,107.0,-2.22843,-71.34153,[0.2967087702394004,0.9546774553886052,0.02355550542358599]
2005-09-01T00:00:00.000Z,2,121.0,-1.72843,-71.34153,[0.29674998067765523,0.9548100523330663,0.016649712656341725]
2005-09-01T00:00:00.000Z,2,140.0,-1.22843,-71.34153,[0.29775319653207605,0.954628569034137,0.005227727878044083]
2005-09-01T00:00:00.000Z,2,186.0,-0.72843,-71.34153,[0.2967895192501411,0.9549372699536983,0.0032850748313946916]
2005-09-01T00:00:00.000Z,2,201.0,-0.22843,-71.34153,[0.29199662038810176,0.9563455202633565,0.011883583387887862]
2005-09-01T00:00:00.000Z,2,185.0,0.27157,-71.34153,[0.29100356584324827,0.9564768365700562,0.02165607931856731]
2005-09-01T00:00:00.000Z,0,228.0,0.77157,-71.34153,[0.2791273154793773,0.9597086584012054,0.032360975619322226]
2005-09-01T00:00:00.000Z,0,342.0,1.27157,-71.34153,[0.28223912302943754,0.9582743347125963,0.04529212804345914]
2005-09-01T00:00:00.000Z,0,222.0,1.77157,-71.34153,[0.2886028116185439,0.9556458859431161,0.05873123364844298]
2005-09-01T00:00:00.000Z,9,164.0,2.27157,-71.34153,[0.2891555191701887,0.9548856679573675,0.06769377270495891]
2005-09-01T00:00:00.000Z,9,189.0,2.77157,-71.34153,[0.29690546167803467,0.9519106404944624,0.07558623776307219]
2005-09-01T00:00:00.000Z,9,209.0,3.27157,-71.34153,[0.2977553424129493,0.951226036639842,0.08068942485236413]
2005-09-01T00:00:00.000Z,9,171.0,3.77157,-71.34153,[0.2966694848090986,0.9513883478360748,0.08274918963257616]
2005-09-01T00:00:00.000Z,9,165.0,4.27157,-71.34153,[0.3010238695744761,0.9499992842084225,0.08298186518688028]
2005-09-01T00:00:00.000Z,5,131.0,4.77157,-71.34153,[0.31098483130635685,0.946931340269918,0.08129865627409628]
2005-09-01T00:00:00.000Z,5,146.0,5.27157,-71.34153,[0.3156613892685835,0.9458107053921126,0.07615771064509692]
2005-09-01T00:00:00.000Z,5,151.0,5.77157,-71.34153,[0.32661158449430533,0.9427469911410719,0.06747579987354879]
2005-09-01T00:00:00.000Z,5,157.0,6.27157,-71.34153,[0.33855975421955103,0.9396259845368697,0.04980263051200641]
2005-09-01T00:00:00.000Z,4,154.0,6.77157,-71.34153,[0.34841073418855356,0.9365879951305204,0.03758839820457155]
2005-09-01T00:00:00.000Z,2,97.0,-2.22843,-70.84153,[0.29123392043461815,0.9562738306991102,0.026891714492238688]
2005-09-01T00:00:00.000Z,2,137.0,-1.72843,-70.84153,[0.29482517765929833,0.9553686100486424,0.0186797631646731]
2005-09-01T00:00:00.000Z,2,114.0,-1.22843,-70.84153,[0.28990227660390655,0.9570133069356761,0.00906644185518009]
2005-09-01T00:00:00.000Z,2,155.0,-0.72843,-70.84153,[0.2925034459851143,0.956261265720566,0.0024750291583355826]
2005-09-01T00:00:00.000Z,2,183.0,-0.22843,-70.84153,[0.291785907693424,0.9564719522460116,0.00473166336800147]
2005-09-01T00:00:00.000Z,2,193.0,0.27157,-70.84153,[0.28885828399916336,0.9572629179042041,0.01444291419995817]
2005-09-01T00:00:00.000Z,2,250.0,0.77157,-70.84153,[0.28807244477226374,0.9572524040292345,0.026117073786746093]
2005-09-01T00:00:00.000Z,0,316.0,1.27157,-70.84153,[0.28957568384308907,0.9562731885050848,0.041079341196345195]
2005-09-01T00:00:00.000Z,0,186.0,1.77157,-70.84153,[0.29036737711196003,0.9551853486462932,0.05751292064032258]
2005-09-01T00:00:00.000Z,9,191.0,2.27157,-70.84153,[0.2917976575556709,0.9539538804704625,0.0694702884719078]
2005-09-01T00:00:00.000Z,9,160.0,2.77157,-70.84153,[0.2958703299778688,0.951979725844822,0.07871054198266203]
2005-09-01T00:00:00.000Z,9,240.0,3.27157,-70.84153,[0.30173480619401943,0.9496106730785367,0.08482733230737528]
2005-09-01T00:00:00.000Z,9,186.0,3.77157,-70.84153,[0.30262764987138807,0.949150356414808,0.08677618596690939]
2005-09-01T00:00:00.000Z,9,176.0,4.27157,-70.84153,[0.30264564186493986,0.9492067858491295,0.08609351403051888]
2005-09-01T00:00:00.000Z,9,146.0,4.77157,-70.84153,[0.3051578826809245,0.9487427405155058,0.08225496311361762]
2005-09-01T00:00:00.000Z,5,123.0,5.27157,-70.84153,[0.3115081091785625,0.9472153986503695,0.07580030656678353]
2005-09-01T00:00:00.000Z,5,120.0,5.77157,-70.84153,[0.32151753798866045,0.9446044455506265,0.06594629793782014]
2005-09-01T00:00:00.000Z,5,126.0,6.27157,-70.84153,[0.3264855854789225,0.9439691927977539,0.0482630865490581]
2005-09-01T00:00:00.000Z,4,122.0,6.77157,-70.84153,[0.3394791989852904,0.9399103801087398,0.036364141955363846]
2005-09-01T00:00:00.000Z,0,97.0,-3.72843,-70.34153,[0.2856424547396027,0.9576135934756795,0.0372101282036264]
2005-09-01T00:00:00.000Z,2,132.0,-2.22843,-70.34153,[0.29197239334260533,0.9561538682746388,0.022845168181387057]
2005-09-01T00:00:00.000Z,2,129.0,-1.72843,-70.34153,[0.29202335320598866,0.9563207521020544,0.013152196823781168]
2005-09-01T00:00:00.000Z,2,144.0,-1.22843,-70.34153,[0.2906131059016799,0.9567877640455306,0.01005968443505815]
2005-09-01T00:00:00.000Z,2,134.0,-0.72843,-70.34153,[0.29062445454205244,0.9568251272615264,0.004806481363580098]
2005-09-01T00:00:00.000Z,2,170.0,-0.22843,-70.34153,[0.28898508025485753,0.9573328141261304,0.001227349761700167]
2005-09-01T00:00:00.000Z,2,177.0,0.27157,-70.34153,[0.293209522689413,0.9560203211060938,0.007302152863912585]
2005-09-01T00:00:00.000Z,2,190.0,0.77157,-70.34153,[0.29246596588790325,0.9561387346335299,0.016198115033791566]
2005-09-01T00:00:00.000Z,0,195.0,1.27157,-70.34153,[0.28882137413596715,0.9567904981029336,0.03367724130851818]
2005-09-01T00:00:00.000Z,0,216.0,1.77157,-70.34153,[0.2911844087735312,0.9553088487839312,0.05095727153536796]
2005-09-01T00:00:00.000Z,9,168.0,2.27157,-70.34153,[0.2925796729697152,0.9539666731694545,0.06591450103685538]
2005-09-01T00:00:00.000Z,9,193.0,2.77157,-70.34153,[0.29728014246183015,0.9515216681069943,0.07893688631278142]
2005-09-01T00:00:00.000Z,9,177.0,3.27157,-70.34153,[0.30307688053546933,0.9489598207028178,0.08729068207182619]
2005-09-01T00:00:00.000Z,9,174.0,3.77157,-70.34153,[0.29992532037899133,0.9497635145334725,0.08940955573419174]
2005-09-01T00:00:00.000Z,9,118.0,4.27157,-70.34153,[0.30162130084502126,0.9492534524707461,0.08912055794779307]
2005-09-01T00:00:00.000Z,9,116.0,4.77157,-70.34153,[0.29979210153477454,0.9502843973177759,0.08416804661957444]
2005-09-01T00:00:00.000Z,5,124.0,5.27157,-70.34153,[0.31012024642695013,0.947526066573855,0.07758727936438088]
2005-09-01T00:00:00.000Z,5,105.0,5.77157,-70.34153,[0.31313192606495466,0.947424801940119,0.06583799471109303]
2005-09-01T00:00:00.000Z,5,104.0,6.27157,-70.34153,[0.3179151215452411,0.9468090347110999,0.049825969958545054]
2005-09-01T00:00:00.000Z,4,109.0,6.77157,-70.34153,[0.3233345264267848,0.9454908534501649,0.03875345226487096]
2005-09-01T00:00:00.000Z,0,140.0,-3.72843,-69.84153,[0.28987905017995835,0.9563812602528171,0.03612507860197208]
2005-09-01T00:00:00.000Z,0,128.0,-3.22843,-69.84153,[0.2889179037792899,0.9568345786758992,0.031528303568310344]
2005-09-01T00:00:00.000Z,2,61.0,-2.72843,-69.84153,[0.2907967835435246,0.9564228812363071,0.026315450373900703]
2005-09-01T00:00:00.000Z,2,111.0,-2.22843,-69.84153,[0.2885114592430884,0.9572832325843469,0.01923409728287256]
2005-09-01T00:00:00.000Z,2,145.0,-1.72843,-69.84153,[0.28601821851066056,0.9581610320107128,0.011000700711948483]
2005-09-01T00:00:00.000Z,2,68.0,-1.22843,-69.84153,[0.2903952261760315,0.956857833376962,0.009679840872534382]
2005-09-01T00:00:00.000Z,2,122.0,-0.72843,-69.84153,[0.2894794034045758,0.9571675292649382,0.005656494089514698]
2005-09-01T00:00:00.000Z,2,188.0,0.77157,-69.84153,[0.295561787890497,0.9552377175168153,0.012811423505519639]
2005-09-01T00:00:00.000Z,0,195.0,1.77157,-69.84153,[0.29114301935958864,0.9559753547554309,0.03669963730624699]
2005-09-01T00:00:00.000Z,0,182.0,2.27157,-69.84153,[0.2975414740812253,0.9532555150753218,0.05265922692229988]
2005-09-01T00:00:00.000Z,9,180.0,2.77157,-69.84153,[0.29981715864130737,0.951299555989712,0.07168560635183138]
2005-09-01T00:00:00.000Z,9,198.0,3.27157,-69.84153,[0.2968729760718838,0.9511137988114315,0.08514092898665346]
2005-09-01T00:00:00.000Z,9,149.0,3.77157,-69.84153,[0.2976954702677646,0.9503787465906749,0.09031968230010669]
2005-09-01T00:00:00.000Z,9,188.0,4.27157,-69.84153,[0.29510324725876214,0.9512608462772977,0.0895370079751017]
2005-09-01T00:00:00.000Z,9,143.0,4.77157,-69.84153,[0.2968214168985551,0.9509486148938616,0.08714228767814185]
2005-09-01T00:00:00.000Z,9,100.0,5.27157,-69.84153,[0.29765767814037386,0.9511617534560818,0.08179991079722303]
2005-09-01T00:00:00.000Z,9,112.0,5.77157,-69.84153,[0.30326259429641783,0.9503731114939786,0.06944600672364068]
2005-09-01T00:00:00.000Z,0,98.0,6.27157,-69.84153,[0.3096957412436898,0.9495067231537304,0.05025465691243758]
2005-09-01T00:00:00.000Z,2,169.0,0.77157,-69.34153,[0.2953270747715035,0.9553383403593335,0.010515433722924747]
2005-09-01T00:00:00.000Z,2,182.0,1.77157,-69.34153,[0.2942867610313807,0.955317250772323,0.027645119975675155]
2005-09-01T00:00:00.000Z,0,167.0,2.27157,-69.34153,[0.29519266747376677,0.9546419472642195,0.03898771079842203]
2005-09-01T00:00:00.000Z,0,128.0,2.77157,-69.34153,[0.30007972625313933,0.9519383076270002,0.06136461817760827]
2005-09-01T00:00:00.000Z,9,182.0,3.27157,-69.34153,[0.296078864051367,0.9516820630222511,0.08147734153594009]
2005-09-01T00:00:00.000Z,9,123.0,3.77157,-69.34153,[0.29744008184240933,0.9504664269400298,0.09023840076948283]
2005-09-01T00:00:00.000Z,9,172.0,4.27157,-69.34153,[0.2967941521137726,0.9506339007553919,0.09060032011894109]
2005-09-01T00:00:00.000Z,9,142.0,4.77157,-69.34153,[0.2968150656133263,0.9507008868517067,0.0898256119619277]
2005-09-01T00:00:00.000Z,9,117.0,5.27157,-69.34153,[0.301161268684443,0.94955698521774,0.08742666680466292]
2005-09-01T00:00:00.000Z,9,83.0,5.77157,-69.34153,[0.3055155097740957,0.9492400709586294,0.07485693671217694]
2005-09-01T00:00:00.000Z,2,139.0,1.77157,-68.84153,[0.2953475009059387,0.9551426727410924,0.021733117991191715]
2005-09-01T00:00:00.000Z,0,178.0,2.27157,-68.84153,[0.2952630202779858,0.9548694655782409,0.032311802219100336]
2005-09-01T00:00:00.000Z,0,155.0,2.77157,-68.84153,[0.2956954763492324,0.9537846567956442,0.05346974591127096]
2005-09-01T00:00:00.000Z,9,154.0,3.27157,-68.84153,[0.2985544323813783,0.9513637509466308,0.07597541898660448]
2005-09-01T00:00:00.000Z,7,118.0,3.77157,-68.84153,[0.30346274533274376,0.9486020631882806,0.08980249389661565]
2005-09-01T00:00:00.000Z,7,168.0,4.27157,-68.84153,[0.3050670405636671,0.947846672157224,0.09230810821483652]
2005-09-01T00:00:00.000Z,7,130.0,4.77157,-68.84153,[0.30604010795846154,0.9474821054507351,0.09282840174976213]
2005-09-01T00:00:00.000Z,7,118.0,5.27157,-68.84153,[0.30907628611739046,0.9466174076658084,0.09158238293441495]
2005-09-01T00:00:00.000Z,5,76.0,5.77157,-68.84153,[0.3207094896838925,0.94360373318546,0.08220351540634067]
2005-09-01T00:00:00.000Z,2,140.0,1.77157,-68.34153,[0.2953685172667604,0.9552106388589194,0.018167950307351674]
2005-09-01T00:00:00.000Z,2,115.0,2.27157,-68.34153,[0.2917160747501746,0.9561188457591273,0.027175071602202575]
2005-09-01T00:00:00.000Z,0,126.0,2.77157,-68.34153,[0.29843401640395406,0.9534240299347296,0.043815031621853934]
2005-09-01T00:00:00.000Z,0,132.0,3.27157,-68.34153,[0.2997410558099002,0.9517896958739741,0.06520486400640739]
2005-09-01T00:00:00.000Z,7,110.0,3.77157,-68.34153,[0.30792041190814556,0.9475345028202863,0.08581017361263762]
2005-09-01T00:00:00.000Z,7,121.0,4.27157,-68.34153,[0.3175841052777199,0.9435469794482982,0.09412456453520829]
2005-09-01T00:00:00.000Z,7,109.0,4.77157,-68.34153,[0.32381007534537504,0.9411458305002266,0.09691006571487483]
2005-09-01T00:00:00.000Z,7,89.0,5.27157,-68.34153,[0.326042918411274,0.9404631473307146,0.09604730015292404]
2005-09-01T00:00:00.000Z,5,65.0,5.77157,-68.34153,[0.3323073148363319,0.9387681644126376,0.09102846802838091]
2005-09-01T00:00:00.000Z,2,136.0,2.27157,-67.84153,[0.2979389185874271,0.954300596377774,0.023297479348189785]
2005-09-01T00:00:00.000Z,0,120.0,2.77157,-67.84153,[0.30212208433574916,0.9525864226257763,0.03607427872665662]
2005-09-01T00:00:00.000Z,5,103.0,3.27157,-67.84153,[0.30945776846477335,0.94885212830743,0.06257418112339166]
2005-09-01T00:00:00.000Z,7,95.0,3.77157,-67.84153,[0.3154018418236971,0.9450544238585961,0.0859872904533948]
2005-09-01T00:00:00.000Z,7,110.0,4.27157,-67.84153,[0.31863224834041964,0.9431049394309501,0.0950082287934755]
2005-09-01T00:00:00.000Z,7,101.0,4.77157,-67.84153,[0.3299813198849286,0.9387194226329378,0.09959003011689543]
2005-09-01T00:00:00.000Z,10,80.0,5.77157,-67.84153,[0.34052449631338905,0.935226205946415,0.09692786555777538]
2005-09-01T00:00:00.000Z,5,54.0,6.27157,-67.84153,[0.3330198503350863,0.9393785742426988,0.08164357621118246]
2005-09-01T00:00:00.000Z,2,114.0,2.27157,-67.34153,[0.30661033806780297,0.9516276418548847,0.019872892282172414]
