2008-06-01T00:00:00.000Z,0,10.0,1.77157,-78.84153,[0.27659665220753343,0.9609254212150166,0.010799391201728396]
2008-06-01T00:00:00.000Z,0,235.0,1.27157,-78.34153,[0.2833895079546023,0.9589900949183742,0.005327722749546523]
2008-06-01T00:00:00.000Z,0,57.0,1.77157,-78.34153,[0.28161433618661463,0.959492323291944,0.008236941058422721]
2008-06-01T00:00:00.000Z,0,1772.0,1.27157,-77.84153,[0.26223755818592465,0.9649882075350473,0.005405774225762482]
2008-06-01T00:00:00.000Z,0,528.0,1.77157,-77.84153,[0.2865093098893342,0.9580508939382479,0.007134421550603974]
2008-06-01T00:00:00.000Z,0,116.0,2.27157,-77.84153,[0.2810829705119142,0.9596348290133322,0.00966222711134705]
2008-06-01T00:00:00.000Z,0,167.0,7.27157,-77.84153,[0.25430295440760275,0.9621128441754304,0.09833047570427307]
2008-06-01T00:00:00.000Z,0,2201.0,0.77157,-77.34153,[0.1815783176802711,0.9833527074373123,0.006838663912633586]
2008-06-01T00:00:00.000Z,0,2447.0,1.27157,-77.34153,[0.23140024304534454,0.9728255115783873,0.008028171697491546]
2008-06-01T00:00:00.000Z,0,1706.0,1.77157,-77.34153,[0.21185244575767329,0.9772548304305573,0.00956752980841105]
2008-06-01T00:00:00.000Z,0,2096.0,2.27157,-77.34153,[0.2697394544600867,0.9628674197182842,0.011267597464788432]
2008-06-01T00:00:00.000Z,0,57.0,2.77157,-77.34153,[0.28231268133303244,0.9591962361827047,0.015560541490797063]
2008-06-01T00:00:00.000Z,0,74.0,3.27157,-77.34153,[0.27239706245578843,0.9619691536332372,0.020376158215196772]
2008-06-01T00:00:00.000Z,0,28.0,4.27157,-77.34153,[0.2605717105493269,0.9643205036077452,0.04677980315373742]
2008-06-01T00:00:00.000Z,0,14.0,5.27157,-77.34153,[0.25310152787118284,0.9644392896704346,0.07613457249673483]
2008-06-01T00:00:00.000Z,0,499.0,6.27157,-77.34153,[0.26575087770910905,0.9596559472828939,0.09185278352564842]
2008-06-01T00:00:00.000Z,0,695.0,6.77157,-77.34153,[0.2785359866197477,0.9554432099165764,0.09770351468638437]
2008-06-01T00:00:00.000Z,0,345.0,7.27157,-77.34153,[0.28017881100560366,0.9545626933097893,0.10153766987993776]
2008-06-01T00:00:00.000Z,0,279.0,0.27157,-76.84153,[0.2560997999485636,0.9666067670624987,0.009178798139749401]
2008-06-01T00:00:00.000Z,0,485.0,0.77157,-76.84153,[0.1912614782683323,0.9815035142273103,0.008360531684783389]
2008-06-01T00:00:00.000Z,0,3335.0,1.27157,-76.84153,[0.15726013662631777,0.9875011520505542,0.010522553259555086]
2008-06-01T00:00:00.000Z,0,2008.0,1.77157,-76.84153,[0.1630896025237481,0.9865210222590356,0.013343694751943025]
2008-06-01T00:00:00.000Z,0,1013.0,2.27157,-76.84153,[0.200840917066762,0.9795202268116382,0.014249606965071942]
2008-06-01T00:00:00.000Z,0,2856.0,2.77157,-76.84153,[0.2385068248046522,0.9709827606976125,0.017520643528303834]
2008-06-01T00:00:00.000Z,0,1911.0,3.27157,-76.84153,[0.24430794761029762,0.9694583557444991,0.021543519016544426]
2008-06-01T00:00:00.000Z,0,794.0,3.77157,-76.84153,[0.26155700681286886,0.9648306184922839,0.026264230559632475]
2008-06-01T00:00:00.000Z,0,70.0,4.27157,-76.84153,[0.27230505964174256,0.9616442460576501,0.03301966864947115]
2008-06-01T00:00:00.000Z,0,24.0,4.77157,-76.84153,[0.27351583266749746,0.9599660741870922,0.060450191811337955]
2008-06-01T00:00:00.000Z,0,133.0,5.27157,-76.84153,[0.2741148456048757,0.958868662252075,0.07370169584162223]
2008-06-01T00:00:00.000Z,0,76.0,5.77157,-76.84153,[0.2691584950627253,0.9591441609774896,0.08715608411554916]
2008-06-01T00:00:00.000Z,0,38.0,6.27157,-76.84153,[0.2661373431145798,0.9593821965501386,0.09357732386932001]
2008-06-01T00:00:00.000Z,0,20.0,6.77157,-76.84153,[0.28532071558897476,0.9532554175999463,0.09947963646971916]
2008-06-01T00:00:00.000Z,0,15.0,7.27157,-76.84153,[0.2852229392596228,0.9529287472582032,0.10283325128095977]
2008-06-01T00:00:00.000Z,0,8.0,7.77157,-76.84153,[0.297786762662598,0.9487109873674592,0.10616264141019759]
2008-06-01T00:00:00.000Z,0,294.0,0.77157,-76.34153,[0.2459754050170702,0.9691657663114978,0.014622501035576985]
2008-06-01T00:00:00.000Z,0,1412.0,1.27157,-76.34153,[0.1856379397202593,0.9825227541291773,0.01369645774765328]
2008-06-01T00:00:00.000Z,0,2388.0,1.77157,-76.34153,[0.13411465430739009,0.990829816736494,0.016417483544525335]
2008-06-01T00:00:00.000Z,0,3852.0,2.27157,-76.34153,[0.1423575706251445,0.9896698309860047,0.016969022418517225]
2008-06-01T00:00:00.000Z,0,2450.0,2.77157,-76.34153,[0.20101826601150677,0.9794056627338414,0.018873381642191468]
2008-06-01T00:00:00.000Z,0,990.0,3.27157,-76.34153,[0.20646151079152983,0.978208013696767,0.021971037779419486]
2008-06-01T00:00:00.000Z,0,962.0,3.77157,-76.34153,[0.22607244359069745,0.9737656960516382,0.025915621582348246]
2008-06-01T00:00:00.000Z,0,1899.0,4.27157,-76.34153,[0.19542505610834557,0.9802772975757332,0.029418825650718683]
2008-06-01T00:00:00.000Z,0,1358.0,4.77157,-76.34153,[0.22688513640435207,0.972823532979038,0.04623319760692458]
2008-06-01T00:00:00.000Z,0,407.0,5.27157,-76.34153,[0.2163141577450261,0.9739518047723811,0.06801519785813756]
2008-06-01T00:00:00.000Z,0,480.0,5.77157,-76.34153,[0.21264884319410932,0.9733617152390159,0.0857172141122647]
2008-06-01T00:00:00.000Z,0,1095.0,6.27157,-76.34153,[0.21448736261832324,0.9722701259805211,0.09319856974684503]
2008-06-01T00:00:00.000Z,0,1485.0,6.77157,-76.34153,[0.23638044300887792,0.9668173074417169,0.09689468609823375]
2008-06-01T00:00:00.000Z,0,827.0,7.27157,-76.34153,[0.26830243982165125,0.9579151365519999,0.10204112871931878]
2008-06-01T00:00:00.000Z,0,201.0,7.77157,-76.34153,[0.28855842859584047,0.9515819935374282,0.10595160622488493]
2008-06-01T00:00:00.000Z,0,165.0,8.27157,-76.34153,[0.2987699412696978,0.9485112633617917,0.10518034735405347]
2008-06-01T00:00:00.000Z,0,99.0,8.77157,-76.34153,[0.3127739000839064,0.9440084984350628,0.10497829446452567]
2008-06-01T00:00:00.000Z,0,267.0,0.27157,-75.84153,[0.27342940349548106,0.9615224065068363,0.026665016208650222]
2008-06-01T00:00:00.000Z,0,241.0,0.77157,-75.84153,[0.2663690089797782,0.9636290618974329,0.021600512072729915]
2008-06-01T00:00:00.000Z,0,250.0,1.27157,-75.84153,[0.21926493838877623,0.9755052360970043,0.01767543891093196]
2008-06-01T00:00:00.000Z,0,1712.0,1.77157,-75.84153,[0.23210202675486888,0.9725074921029006,0.018916315180521812]
2008-06-01T00:00:00.000Z,0,1262.0,2.27157,-75.84153,[0.20521219972980895,0.9785259693331003,0.01936182901405542]
2008-06-01T00:00:00.000Z,0,2705.0,2.77157,-75.84153,[0.1702515254775277,0.9851888274299602,0.020430183057303323]
2008-06-01T00:00:00.000Z,0,1867.0,3.27157,-75.84153,[0.1457131162262207,0.98908297074768,0.021967356158346912]
2008-06-01T00:00:00.000Z,0,3782.0,3.77157,-75.84153,[0.1650515361709487,0.9859941441846217,0.02394865426794158]
2008-06-01T00:00:00.000Z,0,2035.0,4.27157,-75.84153,[0.21322191137738575,0.9766226407130001,0.027287985549333826]
2008-06-01T00:00:00.000Z,0,1185.0,4.77157,-75.84153,[0.21962735499427624,0.9750123486867112,0.03338779487539249]
2008-06-01T00:00:00.000Z,0,1530.0,5.27157,-75.84153,[0.2378128895211265,0.9697224621249818,0.0555281552716805]
2008-06-01T00:00:00.000Z,0,1704.0,5.77157,-75.84153,[0.2330038144277602,0.968867901829717,0.08369116599854243]
2008-06-01T00:00:00.000Z,0,488.0,6.27157,-75.84153,[0.19637916464628194,0.9762849899558016,0.0911199323958748]
2008-06-01T00:00:00.000Z,0,896.0,6.77157,-75.84153,[0.1999130219144219,0.9751076654017281,0.0959157158334088]
2008-06-01T00:00:00.000Z,0,2421.0,7.27157,-75.84153,[0.24601243532176154,0.9640743726070742,0.10019224395796528]
2008-06-01T00:00:00.000Z,0,131.0,7.77157,-75.84153,[0.29769468294249185,0.948624101615254,0.10719230188041218]
2008-06-01T00:00:00.000Z,0,43.0,8.27157,-75.84153,[0.3013810542799792,0.9476759817914903,0.10526012377260015]
2008-06-01T00:00:00.000Z,0,10.0,8.77157,-75.84153,[0.306462627175069,0.9462313233215635,0.10357094626427515]
2008-06-01T00:00:00.000Z,0,155.0,9.27157,-75.84153,[0.3171841542214949,0.9423919094739722,0.10626241700994486]
2008-06-01T00:00:00.000Z,0,228.0,0.27157,-75.34153,[0.27157162846393257,0.9617226677421084,0.03658361606580249]
2008-06-01T00:00:00.000Z,0,189.0,0.77157,-75.34153,[0.2663096548555165,0.9631532517274514,0.03761623874834171]
2008-06-01T00:00:00.000Z,0,244.0,1.27157,-75.34153,[0.2620942143963046,0.9643723016889668,0.03595394992359563]
2008-06-01T00:00:00.000Z,0,1357.0,1.77157,-75.34153,[0.2120607636703778,0.9768330922263146,0.02876356102975869]
2008-06-01T00:00:00.000Z,0,2437.0,2.27157,-75.34153,[0.2554847238548984,0.9665035308095686,0.02446386742572848]
2008-06-01T00:00:00.000Z,0,485.0,2.77157,-75.34153,[0.3047298965730567,0.9521228718651937,0.02453012445442863]
2008-06-01T00:00:00.000Z,0,694.0,3.27157,-75.34153,[0.3097279029047626,0.9505010137725103,0.024828390597223884]
2008-06-01T00:00:00.000Z,0,442.0,3.77157,-75.34153,[0.2395254591892419,0.9705889460038001,0.024179584268866596]
2008-06-01T00:00:00.000Z,0,2270.0,4.27157,-75.34153,[0.12371417292494537,0.9919833682238739,0.02576432775592899]
2008-06-01T00:00:00.000Z,0,4229.0,4.77157,-75.34153,[0.16273486431619713,0.986238808574,0.029161213941224586]
2008-06-01T00:00:00.000Z,0,3209.0,5.27157,-75.34153,[0.1887721985991762,0.9811632837370357,0.041032519815270035]
2008-06-01T00:00:00.000Z,0,1992.0,5.77157,-75.34153,[0.20848841660986286,0.9760007195143032,0.06289018720813996]
2008-06-01T00:00:00.000Z,0,2185.0,6.27157,-75.34153,[0.21302070545859472,0.9736496118604878,0.08141629056794458]
2008-06-01T00:00:00.000Z,0,2092.0,6.77157,-75.34153,[0.23878034397988399,0.9667434280601498,0.09160290187192895]
2008-06-01T00:00:00.000Z,0,869.0,7.27157,-75.34153,[0.2926534385826846,0.9505735749452614,0.10374894458025248]
2008-06-01T00:00:00.000Z,0,83.0,7.77157,-75.34153,[0.3053708215681755,0.9462037500415367,0.10699123675381332]
2008-06-01T00:00:00.000Z,0,30.0,8.27157,-75.34153,[0.30905861348825414,0.9451574325222608,0.10564185333780324]
2008-06-01T00:00:00.000Z,0,74.0,8.77157,-75.34153,[0.31170981481436416,0.9442304609340227,0.10614060482547509]
2008-06-01T00:00:00.000Z,0,180.0,9.27157,-75.34153,[0.3013366419937255,0.9476981380174415,0.10518777205654582]
2008-06-01T00:00:00.000Z,0,136.0,9.77157,-75.34153,[0.31173590477386015,0.9442109173475404,0.10623779570632634]
2008-06-01T00:00:00.000Z,0,79.0,10.27157,-75.34153,[0.3134107466950288,0.9436022481140652,0.10671692091766213]
2008-06-01T00:00:00.000Z,0,205.0,0.27157,-74.84153,[0.267863607091578,0.9625306379307326,0.0422357554750206]
2008-06-01T00:00:00.000Z,0,239.0,0.77157,-74.84153,[0.26697572182622326,0.9626634948837678,0.0447544363559312]
2008-06-01T00:00:00.000Z,0,226.0,1.27157,-74.84153,[0.26700655042253646,0.9627746569177766,0.04210061790894765]
2008-06-01T00:00:00.000Z,0,258.0,1.77157,-74.84153,[0.2670799360266127,0.9630721421976584,0.03406400878983492]
2008-06-01T00:00:00.000Z,0,576.0,2.27157,-74.84153,[0.20226074604376054,0.9788973123443878,0.0291657760869732]
2008-06-01T00:00:00.000Z,0,1998.0,2.77157,-74.84153,[0.225201120128404,0.973936803029541,0.027047351025730994]
2008-06-01T00:00:00.000Z,0,2106.0,3.27157,-74.84153,[0.23004078096382632,0.9728092727325989,0.02689531518731303]
2008-06-01T00:00:00.000Z,0,361.0,3.77157,-74.84153,[0.30047118541840656,0.9533021545403262,0.030529803177050948]
2008-06-01T00:00:00.000Z,0,289.0,4.27157,-74.84153,[0.2822199278349026,0.9588392527277861,0.03129216773064819]
2008-06-01T00:00:00.000Z,0,277.0,4.77157,-74.84153,[0.2960070761192907,0.9545931008987569,0.03364257130191136]
2008-06-01T00:00:00.000Z,0,325.0,5.27157,-74.84153,[0.30956892650975354,0.9500563606678641,0.03949672510641683]
2008-06-01T00:00:00.000Z,0,379.0,5.77157,-74.84153,[0.28257518275202953,0.9578050371193291,0.05254309623059826]
2008-06-01T00:00:00.000Z,0,978.0,6.27157,-74.84153,[0.2555177533114834,0.96444360505228,0.06752192544954519]
2008-06-01T00:00:00.000Z,0,1143.0,6.77157,-74.84153,[0.2680140029665606,0.9596630428802653,0.08494314771440187]
2008-06-01T00:00:00.000Z,0,322.0,7.27157,-74.84153,[0.29459803863237377,0.9502448013029198,0.10122654410149987]
2008-06-01T00:00:00.000Z,0,55.0,7.77157,-74.84153,[0.3160553391124112,0.9424815687920464,0.108800345154884]
2008-06-01T00:00:00.000Z,0,27.0,8.27157,-74.84153,[0.3188395506870355,0.9416623289108146,0.10776548254404103]
2008-06-01T00:00:00.000Z,0,14.0,8.77157,-74.84153,[0.3286136070499081,0.9380636655148087,0.10977092831241612]
2008-06-01T00:00:00.000Z,0,48.0,9.27157,-74.84153,[0.32503754117958494,0.9392543894584447,0.11023515186624357]
2008-06-01T00:00:00.000Z,0,15.0,9.77157,-74.84153,[0.31775848449895955,0.9418862605040844,0.10899457694104096]
2008-06-01T00:00:00.000Z,0,5.0,10.27157,-74.84153,[0.3249428136829103,0.9392339985604967,0.11068723406018569]
2008-06-01T00:00:00.000Z,0,171.0,-0.72843,-74.34153,[0.2828269733891741,0.9586584961464377,0.03134949584554701]
2008-06-01T00:00:00.000Z,0,219.0,-0.22843,-74.34153,[0.2727446845780351,0.96131323252914,0.03856430990959923]
2008-06-01T00:00:00.000Z,0,201.0,0.27157,-74.34153,[0.26742868025410527,0.9625222334765524,0.04508714939821279]
2008-06-01T00:00:00.000Z,0,242.0,0.77157,-74.34153,[0.2632557648022965,0.9634505583220977,0.049592579759436775]
2008-06-01T00:00:00.000Z,0,251.0,1.27157,-74.34153,[0.2637597417286394,0.9634859987112284,0.04610345898810517]
2008-06-01T00:00:00.000Z,0,298.0,1.77157,-74.34153,[0.27235594314954337,0.9615832278545102,0.0343501985441669]
2008-06-01T00:00:00.000Z,0,313.0,2.27157,-74.34153,[0.2745354906572102,0.9608742173002359,0.03675599131113063]
2008-06-01T00:00:00.000Z,0,364.0,2.77157,-74.34153,[0.24479753974110366,0.9690372656110972,0.03226363887832057]
2008-06-01T00:00:00.000Z,0,899.0,3.27157,-74.34153,[0.1392544867110362,0.9894993608572816,0.038719540207458845]
2008-06-01T00:00:00.000Z,0,3444.0,3.77157,-74.34153,[0.13681952406776585,0.9899294976667764,0.03633190723144034]
2008-06-01T00:00:00.000Z,0,2263.0,4.27157,-74.34153,[0.15950737105467203,0.9865421648107454,0.03594378429930623]
2008-06-01T00:00:00.000Z,0,2655.0,4.77157,-74.34153,[0.19599164614386694,0.9799582307193346,0.03562500087366421]
2008-06-01T00:00:00.000Z,0,1104.0,5.27157,-74.34153,[0.2666423628161062,0.9630627112682991,0.037577446911636905]
2008-06-01T00:00:00.000Z,0,744.0,5.77157,-74.34153,[0.29981340254333083,0.952816078537328,0.047470455402694046]
2008-06-01T00:00:00.000Z,0,119.0,6.27157,-74.34153,[0.3095766700655673,0.9491416587724537,0.057379412107390865]
2008-06-01T00:00:00.000Z,0,97.0,6.77157,-74.34153,[0.27114157511048187,0.959928640915335,0.07084666962564204]
2008-06-01T00:00:00.000Z,0,575.0,7.27157,-74.34153,[0.2636083057388831,0.9600549406539569,0.09383587838030201]
2008-06-01T00:00:00.000Z,0,1234.0,7.77157,-74.34153,[0.2950837768087568,0.9494489459915343,0.10710865333783501]
2008-06-01T00:00:00.000Z,0,715.0,8.27157,-74.34153,[0.325079174233921,0.9392466141258646,0.11017862012428252]
2008-06-01T00:00:00.000Z,0,14.0,8.77157,-74.34153,[0.3397551660206541,0.9337327289938254,0.11273694145230793]
2008-06-01T00:00:00.000Z,0,37.0,9.27157,-74.34153,[0.33073688514717003,0.9368916746517698,0.11334506063940383]
2008-06-01T00:00:00.000Z,0,95.0,9.77157,-74.34153,[0.32392734985379323,0.9393893145760004,0.11233337739572616]
2008-06-01T00:00:00.000Z,0,119.0,10.27157,-74.34153,[0.3115366751046273,0.9436729104078347,0.11147348665561937]
2008-06-01T00:00:00.000Z,0,5.0,10.77157,-74.34153,[0.29668481948238434,0.9482279524633067,0.11332196634346758]
2008-06-01T00:00:00.000Z,0,156.0,-1.22843,-73.84153,[0.286658024739804,0.9578018128210913,0.021044339117803075]
2008-06-01T00:00:00.000Z,0,195.0,-0.72843,-73.84153,[0.27652549776450897,0.9605622553925048,0.029219900775925844]
2008-06-01T00:00:00.000Z,0,174.0,-0.22843,-73.84153,[0.26507435342821495,0.9635067784361672,0.037286392453180446]
2008-06-01T00:00:00.000Z,0,241.0,0.27157,-73.84153,[0.26572842177805445,0.9629910161130321,0.045129909649082804]
2008-06-01T00:00:00.000Z,0,232.0,0.77157,-73.84153,[0.26203319110252254,0.9636757854596905,0.05164869097351374]
2008-06-01T00:00:00.000Z,0,267.0,1.27157,-73.84153,[0.2624759156530086,0.9634918385287394,0.052819227470914075]
2008-06-01T00:00:00.000Z,0,265.0,1.77157,-73.84153,[0.24753421430613076,0.9677307429985371,0.04715953565659905]
2008-06-01T00:00:00.000Z,0,554.0,2.27157,-73.84153,[0.2355202985296834,0.9709859580291947,0.041430161604994305]
2008-06-01T00:00:00.000Z,0,995.0,2.77157,-73.84153,[0.25968015699235175,0.9642132411530361,0.05347000700939564]
2008-06-01T00:00:00.000Z,0,363.0,3.27157,-73.84153,[0.24512243853681984,0.9674165574253155,0.06340500410152407]
2008-06-01T00:00:00.000Z,0,545.0,3.77157,-73.84153,[0.19018112981749655,0.9793235190602121,0.06896798443381627]
2008-06-01T00:00:00.000Z,0,1499.0,4.27157,-73.84153,[0.1377986456453737,0.9879273869253001,0.0707884978033089]
2008-06-01T00:00:00.000Z,0,3610.0,4.77157,-73.84153,[0.1285224085187955,0.9894009552352102,0.06758505965212522]
2008-06-01T00:00:00.000Z,0,2585.0,5.27157,-73.84153,[0.15639366964308718,0.9859141471418942,0.059281654506602645]
2008-06-01T00:00:00.000Z,0,2622.0,5.77157,-73.84153,[0.24142934707764316,0.9689947097641153,0.05254638730513409]
2008-06-01T00:00:00.000Z,0,616.0,6.27157,-73.84153,[0.3042187207443783,0.951541261877153,0.04494660047087995]
2008-06-01T00:00:00.000Z,0,101.0,6.77157,-73.84153,[0.33106001695526577,0.9413414716984247,0.06538729872248131]
2008-06-01T00:00:00.000Z,0,89.0,7.27157,-73.84153,[0.3387245441105999,0.9362632645310596,0.09314924963041497]
2008-06-01T00:00:00.000Z,0,59.0,7.77157,-73.84153,[0.32062319067668504,0.9411842048896238,0.10664455947955688]
2008-06-01T00:00:00.000Z,0,38.0,8.27157,-73.84153,[0.3343429970651605,0.9356878221752902,0.11270785130747814]
2008-06-01T00:00:00.000Z,0,29.0,8.77157,-73.84153,[0.3461224853580093,0.9310333055623109,0.11565556218060312]
2008-06-01T00:00:00.000Z,0,52.0,9.27157,-73.84153,[0.3473619870383369,0.9303471401096713,0.11744721729582927]
2008-06-01T00:00:00.000Z,0,46.0,9.77157,-73.84153,[0.2911198667347887,0.9501510611147239,0.11163415362192292]
2008-06-01T00:00:00.000Z,0,931.0,10.27157,-73.84153,[0.16114033153459606,0.9805560599764782,0.11199824461269799]
2008-06-01T00:00:00.000Z,0,2665.0,10.77157,-73.84153,[0.2964609074745218,0.9484432938345053,0.11209928063880355]
2008-06-01T00:00:00.000Z,0,139.0,-1.72843,-73.34153,[0.2820900973789172,0.9593302121179843,0.010522408394292943]
2008-06-01T00:00:00.000Z,0,199.0,-1.22843,-73.34153,[0.2787961681842614,0.9601740032265963,0.018400547100161254]
2008-06-01T00:00:00.000Z,0,223.0,-0.72843,-73.34153,[0.27433208707996043,0.9612684825503452,0.026548266491609074]
2008-06-01T00:00:00.000Z,0,171.0,-0.22843,-73.34153,[0.2670301560877356,0.9630595793328169,0.03480147116225407]
2008-06-01T00:00:00.000Z,0,209.0,0.27157,-73.34153,[0.26369819190662547,0.9636378370908782,0.04319007422997405]
2008-06-01T00:00:00.000Z,0,237.0,0.77157,-73.34153,[0.2540043274433532,0.9658567913287172,0.051014314503328925]
2008-06-01T00:00:00.000Z,0,249.0,1.27157,-73.34153,[0.2544129666900623,0.9654918861417846,0.0556727956397082]
2008-06-01T00:00:00.000Z,0,294.0,1.77157,-73.34153,[0.2588901042596734,0.9641791948765613,0.05774421255503826]
2008-06-01T00:00:00.000Z,0,229.0,2.27157,-73.34153,[0.2685511415583263,0.9615863455798135,0.05685054407988763]
2008-06-01T00:00:00.000Z,0,267.0,2.77157,-73.34153,[0.26779640628891954,0.9616818314909783,0.05876342194679935]
2008-06-01T00:00:00.000Z,0,234.0,3.27157,-73.34153,[0.2686729780815765,0.9604787030203725,0.07277013050063752]
2008-06-01T00:00:00.000Z,0,256.0,3.77157,-73.34153,[0.267867051591235,0.9604013800954034,0.0766578879350526]
2008-06-01T00:00:00.000Z,0,300.0,4.27157,-73.34153,[0.21347224456877506,0.9740341611479787,0.0754125567496728]
2008-06-01T00:00:00.000Z,0,1229.0,4.77157,-73.34153,[0.15222055693190076,0.9857079420904902,0.07217170461526484]
2008-06-01T00:00:00.000Z,0,2684.0,5.27157,-73.34153,[0.13627151529661596,0.9879684859004656,0.07313237987585057]
2008-06-01T00:00:00.000Z,0,3515.0,5.77157,-73.34153,[0.20611195422828282,0.9765518259158212,0.06216424715762113]
2008-06-01T00:00:00.000Z,0,1301.0,6.27157,-73.34153,[0.21894037601085506,0.974779764550842,0.04323797375490756]
2008-06-01T00:00:00.000Z,0,1945.0,6.77157,-73.34153,[0.28837260776557555,0.9561828573279612,0.05055276889169807]
2008-06-01T00:00:00.000Z,0,351.0,7.27157,-73.34153,[0.24347608649357902,0.9671096644907744,0.07360904940503551]
2008-06-01T00:00:00.000Z,0,325.0,7.77157,-73.34153,[0.2529350720519539,0.9613874729382136,0.10843420218523579]
2008-06-01T00:00:00.000Z,0,1339.0,8.27157,-73.34153,[0.2706064947369669,0.9563742356729559,0.11009289871350107]
2008-06-01T00:00:00.000Z,0,1230.0,8.77157,-73.34153,[0.2883904139967604,0.9507505111844416,0.11359768746457756]
2008-06-01T00:00:00.000Z,0,809.0,9.27157,-73.34153,[0.30316331084517084,0.9460582696413503,0.11430554405018309]
2008-06-01T00:00:00.000Z,0,74.0,9.77157,-73.34153,[0.2928568308618451,0.9494604397386011,0.11295906333242599]
2008-06-01T00:00:00.000Z,0,99.0,10.27157,-73.34153,[0.2498079620935146,0.9620982323871846,0.109375377997701]
2008-06-01T00:00:00.000Z,0,1426.0,10.77157,-73.34153,[0.3238595117392329,0.938950897840985,0.11613022044082193]
2008-06-01T00:00:00.000Z,0,146.0,-2.22843,-72.84153,[0.2773364659765407,0.960772757133016,4.4021661266117575E-4]
2008-06-01T00:00:00.000Z,0,165.0,-1.72843,-72.84153,[0.2782123995533774,0.9604951889342792,0.006844908242979921]
2008-06-01T00:00:00.000Z,0,168.0,-1.22843,-72.84153,[0.27907461204796796,0.9601495581174136,0.015171913432766514]
2008-06-01T00:00:00.000Z,0,178.0,-0.72843,-72.84153,[0.27261122585991027,0.9618339622073446,0.023633634499951893]
2008-06-01T00:00:00.000Z,0,191.0,-0.22843,-72.84153,[0.2676714813963703,0.9629644757552345,0.03242524449435705]
2008-06-01T00:00:00.000Z,0,247.0,0.27157,-72.84153,[0.25871290338334524,0.9650742744465866,0.041222304937429274]
2008-06-01T00:00:00.000Z,0,264.0,0.77157,-72.84153,[0.252192257676143,0.9663837773136236,0.05001459900131911]
2008-06-01T00:00:00.000Z,0,246.0,1.27157,-72.84153,[0.2528232256143915,0.9658058786022572,0.0574405905893785]
2008-06-01T00:00:00.000Z,0,259.0,1.77157,-72.84153,[0.25394579828313696,0.9652047768769851,0.0623800467151938]
2008-06-01T00:00:00.000Z,0,271.0,2.27157,-72.84153,[0.2666135339694956,0.9615219016249279,0.0662786255128987]
2008-06-01T00:00:00.000Z,0,193.0,2.77157,-72.84153,[0.2657899196405354,0.9613449916030655,0.07191332099951582]
2008-06-01T00:00:00.000Z,0,182.0,3.27157,-72.84153,[0.2665045084580165,0.960705768393011,0.0775871996397935]
2008-06-01T00:00:00.000Z,0,203.0,3.77157,-72.84153,[0.26894487321563265,0.9597427935315923,0.08100879850486999]
2008-06-01T00:00:00.000Z,0,165.0,4.27157,-72.84153,[0.27019825402007913,0.9593678897797951,0.08127826021737602]
2008-06-01T00:00:00.000Z,0,293.0,4.77157,-72.84153,[0.20004762946559143,0.9767031320967111,0.07766555026311196]
2008-06-01T00:00:00.000Z,0,1653.0,5.27157,-72.84153,[0.14455528716944913,0.9860315929688441,0.0827373350953595]
2008-06-01T00:00:00.000Z,0,2686.0,5.77157,-72.84153,[0.14322776546910668,0.9870780170245936,0.07185259567700185]
2008-06-01T00:00:00.000Z,0,2685.0,6.27157,-72.84153,[0.16721622963655572,0.984845931790473,0.04601329353447292]
2008-06-01T00:00:00.000Z,0,1547.0,6.77157,-72.84153,[0.1489366230715598,0.9873470960519785,0.054438903605466694]
2008-06-01T00:00:00.000Z,0,3795.0,7.27157,-72.84153,[0.21796553462286777,0.9732685636903454,0.07238320695229994]
2008-06-01T00:00:00.000Z,0,1328.0,7.77157,-72.84153,[0.29960481664696337,0.9479683651720325,0.10767048098250245]
2008-06-01T00:00:00.000Z,0,973.0,8.27157,-72.84153,[0.34116786437792956,0.9330880813728534,0.11380299080309735]
2008-06-01T00:00:00.000Z,0,83.0,8.77157,-72.84153,[0.3493347795594229,0.9295236616948279,0.11811424189998669]
2008-06-01T00:00:00.000Z,0,223.0,10.77157,-72.84153,[0.3447750824569647,0.9310171901725979,0.11973777231898919]
2008-06-01T00:00:00.000Z,0,51.0,11.27157,-72.84153,[0.35932675548343956,0.9257654603080283,0.11765455917391787]
2008-06-01T00:00:00.000Z,0,149.0,-2.22843,-72.34153,[0.2747194562637543,0.9615180969231403,0.0034885010319206902]
2008-06-01T00:00:00.000Z,0,147.0,-1.72843,-72.34153,[0.27472002435457066,0.9615200852409973,0.0028344129496900147]
2008-06-01T00:00:00.000Z,0,145.0,-1.22843,-72.34153,[0.27803920953315725,0.9604990874781797,0.011649073600993941]
2008-06-01T00:00:00.000Z,0,205.0,-0.72843,-72.34153,[0.2705009398813154,0.9625053523487769,0.020314729220002402]
2008-06-01T00:00:00.000Z,0,176.0,-0.22843,-72.34153,[0.2673037619165953,0.9631593040719426,0.029544100001307902]
2008-06-01T00:00:00.000Z,0,150.0,0.27157,-72.34153,[0.26482659967546157,0.9634951492257646,0.039293377594123366]
2008-06-01T00:00:00.000Z,0,218.0,0.77157,-72.34153,[0.26389286930968925,0.9633162465044753,0.048809453469881546]
2008-06-01T00:00:00.000Z,0,234.0,1.27157,-72.34153,[0.2573023128295228,0.9646189587970998,0.0574959489162267]
2008-06-01T00:00:00.000Z,0,237.0,1.77157,-72.34153,[0.2594216619657307,0.963566173015571,0.06512013147303035]
2008-06-01T00:00:00.000Z,0,203.0,2.27157,-72.34153,[0.26724849980771803,0.9610256053085542,0.07076740274908375]
2008-06-01T00:00:00.000Z,0,188.0,2.77157,-72.34153,[0.26382051814836005,0.961668340347248,0.07478460655576497]
2008-06-01T00:00:00.000Z,0,220.0,3.27157,-72.34153,[0.26635579116190156,0.9605923713389061,0.07947885655955537]
2008-06-01T00:00:00.000Z,0,180.0,3.77157,-72.34153,[0.27190572070852614,0.9587114056854408,0.08330497977085921]
2008-06-01T00:00:00.000Z,0,190.0,4.27157,-72.34153,[0.27865950768809516,0.9566578374173977,0.08458522851477221]
2008-06-01T00:00:00.000Z,0,177.0,4.77157,-72.34153,[0.28109286718930804,0.9559388380207818,0.08466249452249398]
2008-06-01T00:00:00.000Z,0,257.0,5.27157,-72.34153,[0.22379600923170426,0.9712526311976918,0.08113983388893317]
2008-06-01T00:00:00.000Z,0,1342.0,5.77157,-72.34153,[0.16391391267117988,0.9834834760270793,0.07676250135657368]
2008-06-01T00:00:00.000Z,0,3317.0,6.27157,-72.34153,[0.16691997826022653,0.9848278717353365,0.0474529652482644]
2008-06-01T00:00:00.000Z,0,3467.0,6.77157,-72.34153,[0.2213355381391685,0.9741069256645697,0.046111570445660104]
2008-06-01T00:00:00.000Z,0,2203.0,7.27157,-72.34153,[0.24156988720037523,0.9686023361784276,0.05876652063624512]
2008-06-01T00:00:00.000Z,0,97.0,11.27157,-72.34153,[0.39960599169045413,0.9078297193773069,0.12712297990689617]
2008-06-01T00:00:00.000Z,0,19.0,11.77157,-72.34153,[0.3614928738044386,0.9250703055342752,0.11648103711476354]
2008-06-01T00:00:00.000Z,0,109.0,-2.22843,-71.84153,[0.2727162129090034,0.9620821955400953,0.0048699323733750605]
2008-06-01T00:00:00.000Z,0,140.0,-1.72843,-71.84153,[0.2710258374377605,0.9625719226460144,5.377496774558741E-4]
2008-06-01T00:00:00.000Z,0,153.0,-1.22843,-71.84153,[0.27342544994778245,0.9618523733340963,0.00886201063071864]
2008-06-01T00:00:00.000Z,0,136.0,-0.72843,-71.84153,[0.2733937673063709,0.9617409205639135,0.017613906747406503]
2008-06-01T00:00:00.000Z,0,192.0,-0.22843,-71.84153,[0.26068047599872946,0.965049762166725,0.026919249154154508]
2008-06-01T00:00:00.000Z,0,216.0,0.27157,-71.84153,[0.2647456179716753,0.9635883018483242,0.0375145612510471]
2008-06-01T00:00:00.000Z,0,215.0,0.77157,-71.84153,[0.2596828264212918,0.9645362124219411,0.047272873707712715]
2008-06-01T00:00:00.000Z,0,232.0,1.27157,-71.84153,[0.2502728337626376,0.9665348349912741,0.056337566763305036]
2008-06-01T00:00:00.000Z,0,233.0,1.77157,-71.84153,[0.2608508742647911,0.9631416895930749,0.06568795295251015]
2008-06-01T00:00:00.000Z,0,159.0,2.27157,-71.84153,[0.26722196317061364,0.9609301795615267,0.07214993005606568]
2008-06-01T00:00:00.000Z,0,186.0,2.77157,-71.84153,[0.26630390190523306,0.960824478074081,0.07680204530946923]
2008-06-01T00:00:00.000Z,0,222.0,3.27157,-71.84153,[0.2670266727456757,0.9602279151934499,0.08160335119107849]
2008-06-01T00:00:00.000Z,0,206.0,3.77157,-71.84153,[0.27100433324075235,0.9587723024613071,0.08551212427357603]
2008-06-01T00:00:00.000Z,0,189.0,4.27157,-71.84153,[0.280195207964331,0.9559601212900705,0.08735497660064437]
2008-06-01T00:00:00.000Z,0,149.0,4.77157,-71.84153,[0.2870776627150358,0.9539467858312863,0.08701692578016067]
2008-06-01T00:00:00.000Z,0,172.0,5.27157,-71.84153,[0.29477571611563125,0.9517370989314761,0.08546210684282643]
2008-06-01T00:00:00.000Z,0,213.0,5.77157,-71.84153,[0.2866267271573013,0.9550402548881279,0.07578410666039047]
2008-06-01T00:00:00.000Z,0,412.0,6.27157,-71.84153,[0.2834824526138159,0.957334184236821,0.05611558385757094]
2008-06-01T00:00:00.000Z,0,325.0,6.77157,-71.84153,[0.3247598671194975,0.9448673869778588,0.041912405492403076]
2008-06-01T00:00:00.000Z,0,174.0,11.77157,-71.84153,[0.3955355847903009,0.9098668400978253,0.12527543436361746]
2008-06-01T00:00:00.000Z,0,107.0,-2.22843,-71.34153,[0.2701827625685644,0.9627941301054398,0.005360769098582627]
2008-06-01T00:00:00.000Z,0,121.0,-1.72843,-71.34153,[0.26935235319839657,0.9630415485387114,5.344292722190408E-4]
2008-06-01T00:00:00.000Z,0,140.0,-1.22843,-71.34153,[0.27244835545537116,0.9621502946593228,0.0062212616600045385]
2008-06-01T00:00:00.000Z,0,186.0,-0.72843,-71.34153,[0.2732687151369267,0.9618198083953248,0.015062055165027455]
2008-06-01T00:00:00.000Z,0,201.0,-0.22843,-71.34153,[0.265201374862895,0.9638845150639358,0.02439000596128633]
2008-06-01T00:00:00.000Z,0,185.0,0.27157,-71.34153,[0.26776281065165636,0.9628750671033564,0.034273639763412016]
2008-06-01T00:00:00.000Z,0,228.0,0.77157,-71.34153,[0.2590014004853852,0.9648863649230132,0.04373302336064702]
2008-06-01T00:00:00.000Z,0,342.0,1.27157,-71.34153,[0.2570253720202277,0.9648985277480678,0.053933192817359255]
2008-06-01T00:00:00.000Z,0,222.0,1.77157,-71.34153,[0.26158136465571424,0.962999136817206,0.06486795938034849]
2008-06-01T00:00:00.000Z,0,164.0,2.27157,-71.34153,[0.2652894064415379,0.9614088089441335,0.07290152889013463]
2008-06-01T00:00:00.000Z,0,189.0,2.77157,-71.34153,[0.2700496399722296,0.9595835033005313,0.0792003291934365]
2008-06-01T00:00:00.000Z,0,209.0,3.27157,-71.34153,[0.2716211165852469,0.9587259174333023,0.08406297797875428]
2008-06-01T00:00:00.000Z,0,171.0,3.77157,-71.34153,[0.2725274231019992,0.9581718129697272,0.08738180867714894]
2008-06-01T00:00:00.000Z,0,165.0,4.27157,-71.34153,[0.28014075757160206,0.9557743493619365,0.08953518330229636]
2008-06-01T00:00:00.000Z,0,131.0,4.77157,-71.34153,[0.28520347791641804,0.9543773969187529,0.08844637038886582]
2008-06-01T00:00:00.000Z,0,146.0,5.27157,-71.34153,[0.29073656624025035,0.9530322190655311,0.08486364636201901]
2008-06-01T00:00:00.000Z,0,151.0,5.77157,-71.34153,[0.2968352624631097,0.951919979623076,0.0757441704216211]
2008-06-01T00:00:00.000Z,0,157.0,6.27157,-71.34153,[0.3063208590367466,0.9502908467844527,0.05581073227146785]
2008-06-01T00:00:00.000Z,0,154.0,6.77157,-71.34153,[0.3149377725681206,0.9483652474701675,0.03765045551754224]
2008-06-01T00:00:00.000Z,0,97.0,-2.22843,-70.84153,[0.27006173695957547,0.9628288013341387,0.005230444707912727]
2008-06-01T00:00:00.000Z,0,137.0,-1.72843,-70.84153,[0.2700653065199103,0.9628415275927236,9.607066239838705E-4]
2008-06-01T00:00:00.000Z,0,114.0,-1.22843,-70.84153,[0.2669837274733907,0.9636942513581352,0.0036165126430658502]
2008-06-01T00:00:00.000Z,0,155.0,-0.72843,-70.84153,[0.2669709689706488,0.9636481987546128,0.01042356771279824]
2008-06-01T00:00:00.000Z,0,183.0,-0.22843,-70.84153,[0.2651390413712776,0.9640455544259653,0.01781734358014985]
2008-06-01T00:00:00.000Z,0,193.0,0.27157,-70.84153,[0.26770832135918216,0.9631100166826354,0.02741077234633857]
2008-06-01T00:00:00.000Z,0,250.0,0.77157,-70.84153,[0.26581712061557505,0.9633212451108438,0.036789089493195586]
2008-06-01T00:00:00.000Z,0,316.0,1.27157,-70.84153,[0.26568054337097824,0.9628262891764251,0.048778947762911605]
2008-06-01T00:00:00.000Z,0,186.0,1.77157,-70.84153,[0.26645948581279827,0.9618019687107378,0.06274006219735608]
2008-06-01T00:00:00.000Z,0,191.0,2.27157,-70.84153,[0.27016638995862075,0.9599983579952571,0.07357495758161647]
2008-06-01T00:00:00.000Z,0,160.0,2.77157,-70.84153,[0.2707153180371362,0.9592275048559945,0.08121459541114087]
2008-06-01T00:00:00.000Z,0,240.0,3.27157,-70.84153,[0.275685251023207,0.9573601099985588,0.08636702004711407]
2008-06-01T00:00:00.000Z,0,186.0,3.77157,-70.84153,[0.2750578550450342,0.9572879679520091,0.08912307665435559]
2008-06-01T00:00:00.000Z,0,176.0,4.27157,-70.84153,[0.27832612126557676,0.9561320871711577,0.09135645627423047]
2008-06-01T00:00:00.000Z,0,146.0,4.77157,-70.84153,[0.28245427042890187,0.9550691089599834,0.08979188285619176]
2008-06-01T00:00:00.000Z,0,123.0,5.27157,-70.84153,[0.28772383484397657,0.9539151755211839,0.08521052031917768]
2008-06-01T00:00:00.000Z,0,120.0,5.77157,-70.84153,[0.29213715301113297,0.9533483428416745,0.07604486196702012]
2008-06-01T00:00:00.000Z,0,126.0,6.27157,-70.84153,[0.296765903019561,0.9532480521234384,0.05699254273898389]
2008-06-01T00:00:00.000Z,0,122.0,6.77157,-70.84153,[0.30600071976816,0.9512381925377259,0.0388517767795529]
2008-06-01T00:00:00.000Z,0,97.0,-3.72843,-70.34153,[0.25861009978513083,0.9658931437757898,0.013086294205994572]
2008-06-01T00:00:00.000Z,0,132.0,-2.22843,-70.34153,[0.2684081769969064,0.9632989119098457,0.0035009762216987785]
2008-06-01T00:00:00.000Z,0,129.0,-1.72843,-70.34153,[0.26758929981561125,0.9635330123795328,3.1729956499874847E-4]
2008-06-01T00:00:00.000Z,0,144.0,-1.22843,-70.34153,[0.2650819192382943,0.9642222799384965,0.0026402581597439667]
2008-06-01T00:00:00.000Z,0,134.0,-0.72843,-70.34153,[0.2642697645207655,0.9644267103626343,0.006527779043939228]
2008-06-01T00:00:00.000Z,0,170.0,-0.22843,-70.34153,[0.26426015625187516,0.9643916459231777,0.010738858939319229]
2008-06-01T00:00:00.000Z,0,177.0,0.27157,-70.34153,[0.2692048775524071,0.962966063972049,0.015003117681774463]
2008-06-01T00:00:00.000Z,0,190.0,0.77157,-70.34153,[0.26916988172849954,0.9628408812817869,0.02202299032324087]
2008-06-01T00:00:00.000Z,0,195.0,1.27157,-70.34153,[0.26986291461473655,0.9621199564525389,0.03871946166211437]
2008-06-01T00:00:00.000Z,0,216.0,1.77157,-70.34153,[0.2672880244887494,0.962024754806729,0.055366805072669514]
2008-06-01T00:00:00.000Z,0,168.0,2.27157,-70.34153,[0.27095479245390436,0.9600760362539918,0.06955217507084474]
2008-06-01T00:00:00.000Z,0,193.0,2.77157,-70.34153,[0.27564554566691424,0.9577878298854258,0.08162111293872441]
2008-06-01T00:00:00.000Z,0,177.0,3.27157,-70.34153,[0.27976503228520744,0.9559538747969443,0.08879029209978398]
2008-06-01T00:00:00.000Z,0,174.0,3.77157,-70.34153,[0.27727995610057454,0.9563992235812786,0.09174067297546354]
2008-06-01T00:00:00.000Z,0,118.0,4.27157,-70.34153,[0.27722984845075904,0.9562263913360164,0.09367336676168225]
2008-06-01T00:00:00.000Z,0,116.0,4.77157,-70.34153,[0.2797437582778401,0.9557004660231269,0.09154260728080293]
2008-06-01T00:00:00.000Z,0,124.0,5.27157,-70.34153,[0.28566914438007096,0.9544195168560224,0.08646690577021304]
2008-06-01T00:00:00.000Z,0,105.0,5.77157,-70.34153,[0.2874761462362904,0.9545963634563842,0.07812328859551099]
2008-06-01T00:00:00.000Z,0,104.0,6.27157,-70.34153,[0.2912500341269507,0.9545913666062035,0.06267966513910803]
2008-06-01T00:00:00.000Z,0,109.0,6.77157,-70.34153,[0.29599220594561115,0.9541263911352845,0.045071540450808974]
2008-06-01T00:00:00.000Z,0,140.0,-3.72843,-69.84153,[0.26107714323428594,0.9652573263801487,0.01081753900253615]
2008-06-01T00:00:00.000Z,0,128.0,-3.22843,-69.84153,[0.2633758593346672,0.9646663419281659,0.007211481862734935]
2008-06-01T00:00:00.000Z,0,61.0,-2.72843,-69.84153,[0.2633807387156802,0.964684213629257,0.00386709814780959]
2008-06-01T00:00:00.000Z,0,111.0,-2.22843,-69.84153,[0.2649851881554678,0.9642516568990633,0.0012618342293117513]
2008-06-01T00:00:00.000Z,0,145.0,-1.72843,-69.84153,[0.2626745523392751,0.9648842121785324,7.325585124999704E-4]
2008-06-01T00:00:00.000Z,0,68.0,-1.22843,-69.84153,[0.26498530535449166,0.9642520833732892,8.412231916015609E-4]
2008-06-01T00:00:00.000Z,0,122.0,-0.72843,-69.84153,[0.2641799357652985,0.9644664321590263,0.0036691657745180346]
2008-06-01T00:00:00.000Z,0,188.0,0.77157,-69.84153,[0.2732657641177388,0.9617673963675102,0.01814655464844359]
2008-06-01T00:00:00.000Z,0,195.0,1.77157,-69.84153,[0.26973342141492146,0.9621199992201529,0.03961045912904162]
2008-06-01T00:00:00.000Z,0,182.0,2.27157,-69.84153,[0.2744496128319446,0.9600396962487089,0.05478313283376948]
2008-06-01T00:00:00.000Z,0,180.0,2.77157,-69.84153,[0.2765224566884836,0.9581824661996292,0.07363214253681714]
2008-06-01T00:00:00.000Z,0,198.0,3.27157,-69.84153,[0.277074437417247,0.9568733478246785,0.08731066574427203]
2008-06-01T00:00:00.000Z,0,149.0,3.77157,-69.84153,[0.2762383554167493,0.9566230985249295,0.09254522335168137]
2008-06-01T00:00:00.000Z,0,188.0,4.27157,-69.84153,[0.275500902391676,0.9567199305710936,0.0937348773371679]
2008-06-01T00:00:00.000Z,0,143.0,4.77157,-69.84153,[0.27551475915304585,0.9567680503400694,0.09320147711974129]
2008-06-01T00:00:00.000Z,0,100.0,5.27157,-69.84153,[0.27715323664068087,0.9565561124524667,0.09047920838191878]
2008-06-01T00:00:00.000Z,0,112.0,5.77157,-69.84153,[0.27979934247981586,0.9565233335937892,0.08231306238069001]
2008-06-01T00:00:00.000Z,0,98.0,6.27157,-69.84153,[0.28936104072599816,0.9550014576051954,0.06513373996569996]
2008-06-01T00:00:00.000Z,0,169.0,0.77157,-69.34153,[0.2716035386489144,0.9622828498225209,0.01559598444585563]
2008-06-01T00:00:00.000Z,0,182.0,1.77157,-69.34153,[0.27388150733391753,0.961249492666123,0.03143776056945746]
2008-06-01T00:00:00.000Z,0,167.0,2.27157,-69.34153,[0.27533834672905505,0.9604826048687967,0.04076715056220892]
2008-06-01T00:00:00.000Z,0,128.0,2.77157,-69.34153,[0.28013503877279994,0.9578463441116121,0.06367684919797106]
2008-06-01T00:00:00.000Z,0,182.0,3.27157,-69.34153,[0.27812204849640987,0.9567828000397729,0.08493997697322787]
2008-06-01T00:00:00.000Z,0,123.0,3.77157,-69.34153,[0.2760792561835565,0.9566467249151144,0.09277547097331142]
2008-06-01T00:00:00.000Z,0,172.0,4.27157,-69.34153,[0.27605999498619843,0.9565799826265946,0.09351799830152613]
2008-06-01T00:00:00.000Z,0,142.0,4.77157,-69.34153,[0.27958967800412127,0.9553546912496036,0.09553546912496036]
2008-06-01T00:00:00.000Z,0,117.0,5.27157,-69.34153,[0.2770396871467268,0.9562682637419837,0.09380841916126618]
2008-06-01T00:00:00.000Z,0,83.0,5.77157,-69.34153,[0.2831221929183069,0.955267246335051,0.08547696740396213]
2008-06-01T00:00:00.000Z,0,139.0,1.77157,-68.84153,[0.27390928156993377,0.961346972669573,0.028030405078946528]
2008-06-01T00:00:00.000Z,0,178.0,2.27157,-68.84153,[0.27383175384847747,0.9610748714837614,0.03675951559444542]
2008-06-01T00:00:00.000Z,0,155.0,2.77157,-68.84153,[0.279363248494149,0.958430837141465,0.05802159776416941]
2008-06-01T00:00:00.000Z,0,154.0,3.27157,-68.84153,[0.2832390639978942,0.9556615747104524,0.08053935216734016]
2008-06-01T00:00:00.000Z,0,118.0,3.77157,-68.84153,[0.28293406541505967,0.9546324955225679,0.09287148712097379]
2008-06-01T00:00:00.000Z,0,168.0,4.27157,-68.84153,[0.28445241118631615,0.9539430671723607,0.09528614990689907]
2008-06-01T00:00:00.000Z,0,130.0,4.77157,-68.84153,[0.28617249225867913,0.9531829019718742,0.09771212853547295]
2008-06-01T00:00:00.000Z,0,118.0,5.27157,-68.84153,[0.2834255488503142,0.9541272293357904,0.09649449983758787]
2008-06-01T00:00:00.000Z,0,76.0,5.77157,-68.84153,[0.29387094848127865,0.951790982394589,0.08794197786641249]
2008-06-01T00:00:00.000Z,0,140.0,1.77157,-68.34153,[0.27633266450954214,0.9607379847482919,0.024955624352993533]
2008-06-01T00:00:00.000Z,0,115.0,2.27157,-68.34153,[0.2740033830487913,0.9611524921008381,0.033287129737568]
2008-06-01T00:00:00.000Z,0,126.0,2.77157,-68.34153,[0.28283528057401913,0.9579555096836511,0.04822287350783085]
2008-06-01T00:00:00.000Z,0,132.0,3.27157,-68.34153,[0.2840891751543162,0.9563612690309424,0.06831151921649588]
2008-06-01T00:00:00.000Z,0,110.0,3.77157,-68.34153,[0.2896129461732223,0.9529905247662259,0.08906964193629291]
2008-06-01T00:00:00.000Z,0,121.0,4.27157,-68.34153,[0.29547357622018133,0.9503665026186429,0.09746217961889563]
2008-06-01T00:00:00.000Z,0,109.0,4.77157,-68.34153,[0.2969607473734383,0.949609554100883,0.10027965536304541]
2008-06-01T00:00:00.000Z,0,89.0,5.27157,-68.34153,[0.3005444376050951,0.9485584666421032,0.09954836204689209]
2008-06-01T00:00:00.000Z,0,65.0,5.77157,-68.34153,[0.3060068176926847,0.9472711047692667,0.09506461799644064]
2008-06-01T00:00:00.000Z,0,136.0,2.27157,-67.84153,[0.2823298058901608,0.9588354561577385,0.030404748326632702]
2008-06-01T00:00:00.000Z,0,120.0,2.77157,-67.84153,[0.2863043893241332,0.9572620039997736,0.040978681678072504]
2008-06-01T00:00:00.000Z,0,103.0,3.27157,-67.84153,[0.29361454386377056,0.9536953605199165,0.06523541181334151]
2008-06-01T00:00:00.000Z,0,95.0,3.77157,-67.84153,[0.2956518767865092,0.9511796335565972,0.08858483199595783]
2008-06-01T00:00:00.000Z,0,110.0,4.27157,-67.84153,[0.2982261945852331,0.9494092336983077,0.09840347469273047]
2008-06-01T00:00:00.000Z,0,101.0,4.77157,-67.84153,[0.3033508926131104,0.9474055862581096,0.10198475904642254]
2008-06-01T00:00:00.000Z,0,80.0,5.77157,-67.84153,[0.31673756323745256,0.9432768306633623,0.09952957735308272]
2008-06-01T00:00:00.000Z,0,54.0,6.27157,-67.84153,[0.31610357268200623,0.9448623154349423,0.0855203847546955]
2008-06-01T00:00:00.000Z,0,114.0,2.27157,-67.34153,[0.29087664108538897,0.9563671381140818,0.027434955920553734]
