2008-04-01T00:00:00.000Z,2,10.0,1.77157,-78.84153,[0.29437669221670415,0.9555743407503168,0.014833825506232357]
2008-04-01T00:00:00.000Z,2,235.0,1.27157,-78.34153,[0.3023532281311017,0.9531213089914027,0.011928779703609872]
2008-04-01T00:00:00.000Z,2,57.0,1.77157,-78.34153,[0.29977189374163604,0.9539252897747409,0.012780972213790685]
2008-04-01T00:00:00.000Z,8,1772.0,1.27157,-77.84153,[0.2694482884785902,0.9629847527365268,0.007614842935264507]
2008-04-01T00:00:00.000Z,2,528.0,1.77157,-77.84153,[0.29832705534503096,0.9544135090921106,0.009788856503508827]
2008-04-01T00:00:00.000Z,2,116.0,2.27157,-77.84153,[0.30061642303436115,0.9536796868676284,0.011172334495913037]
2008-04-01T00:00:00.000Z,8,167.0,7.27157,-77.84153,[0.2789502766503358,0.9600818758607943,0.020725221357555067]
2008-04-01T00:00:00.000Z,1,2201.0,0.77157,-77.34153,[0.1873328069886882,0.9822963853637625,4.8034053074022623E-4]
2008-04-01T00:00:00.000Z,1,2447.0,1.27157,-77.34153,[0.23135225279472268,0.9728658835470391,0.0028474123420888947]
2008-04-01T00:00:00.000Z,1,1706.0,1.77157,-77.34153,[0.2150802163164363,0.9765804416530082,0.005580459666588618]
2008-04-01T00:00:00.000Z,8,2096.0,2.27157,-77.34153,[0.2796740956989836,0.9600577150675194,0.00846072894551547]
2008-04-01T00:00:00.000Z,2,57.0,2.77157,-77.34153,[0.2980633860093126,0.9544987030570593,0.009510193639207638]
2008-04-01T00:00:00.000Z,2,74.0,3.27157,-77.34153,[0.2910574843162407,0.9566540569774111,0.009927542100708984]
2008-04-01T00:00:00.000Z,8,28.0,4.27157,-77.34153,[0.2808494061950439,0.9596591678865399,0.013337635892660385]
2008-04-01T00:00:00.000Z,8,14.0,5.27157,-77.34153,[0.27089718421272124,0.9625951328349265,0.005032477335177034]
2008-04-01T00:00:00.000Z,2,499.0,6.27157,-77.34153,[0.28897722316611296,0.9573067856236483,0.007475472568389796]
2008-04-01T00:00:00.000Z,2,695.0,6.77157,-77.34153,[0.30449327398629455,0.952400014874425,0.014766779076778945]
2008-04-01T00:00:00.000Z,2,345.0,7.27157,-77.34153,[0.3071313016584479,0.9514142577690264,0.02193795011846056]
2008-04-01T00:00:00.000Z,8,279.0,0.27157,-76.84153,[0.27657798345764273,0.9609912984545214,5.859703039356838E-4]
2008-04-01T00:00:00.000Z,1,485.0,0.77157,-76.84153,[0.19813289832728803,0.980175102901466,3.496462911658024E-4]
2008-04-01T00:00:00.000Z,11,3335.0,1.27157,-76.84153,[0.16614312704650577,0.9861012936213472,8.36692006709022E-4]
2008-04-01T00:00:00.000Z,11,2008.0,1.77157,-76.84153,[0.17114037367618412,0.9852456234552545,0.0014261697806348676]
2008-04-01T00:00:00.000Z,1,1013.0,2.27157,-76.84153,[0.2112104626123988,0.9774350853118233,0.0032854960850817595]
2008-04-01T00:00:00.000Z,8,2856.0,2.77157,-76.84153,[0.24948126065128934,0.9683656515327298,0.005202452828747266]
2008-04-01T00:00:00.000Z,8,1911.0,3.27157,-76.84153,[0.2605171322543772,0.9654458430603391,0.006719220153167194]
2008-04-01T00:00:00.000Z,8,794.0,3.77157,-76.84153,[0.2807881901832238,0.9597432402164291,0.007134781881704868]
2008-04-01T00:00:00.000Z,2,70.0,4.27157,-76.84153,[0.2903482020535234,0.9569063312814565,0.0053098698430021785]
2008-04-01T00:00:00.000Z,2,24.0,4.77157,-76.84153,[0.2906227115833386,0.9568193889051454,0.0059242321976603635]
2008-04-01T00:00:00.000Z,2,133.0,5.27157,-76.84153,[0.2878544202426769,0.9576695134996749,0.0029892574409816444]
2008-04-01T00:00:00.000Z,2,76.0,5.77157,-76.84153,[0.28469380307360054,0.9586174150368892,0.0014457107187331277]
2008-04-01T00:00:00.000Z,2,38.0,6.27157,-76.84153,[0.28557718800512194,0.9583202870211406,0.008239974199357274]
2008-04-01T00:00:00.000Z,2,20.0,6.77157,-76.84153,[0.3088914128645257,0.950969068818877,0.015618105144835573]
2008-04-01T00:00:00.000Z,2,15.0,7.27157,-76.84153,[0.3098719666062461,0.9505061447584854,0.022747155601057768]
2008-04-01T00:00:00.000Z,4,8.0,7.77157,-76.84153,[0.326726738118354,0.9446664384726322,0.029239675476533857]
2008-04-01T00:00:00.000Z,8,294.0,0.77157,-76.34153,[0.2582366343606352,0.9660816946170192,0.0]
2008-04-01T00:00:00.000Z,1,1412.0,1.27157,-76.34153,[0.1934580232499566,0.9811085464819227,1.151535852678313E-4]
2008-04-01T00:00:00.000Z,11,2388.0,1.77157,-76.34153,[0.1482804879344489,0.9889450724223162,7.352751467823912E-4]
2008-04-01T00:00:00.000Z,11,3852.0,2.27157,-76.34153,[0.15571268132727142,0.9878023221698781,3.6495159686079237E-4]
2008-04-01T00:00:00.000Z,1,2450.0,2.77157,-76.34153,[0.21468154562680866,0.9766830757087779,0.0014154827184185187]
2008-04-01T00:00:00.000Z,1,990.0,3.27157,-76.34153,[0.22356223494308752,0.9746840295931436,0.003312033110267964]
2008-04-01T00:00:00.000Z,8,962.0,3.77157,-76.34153,[0.24280945102610546,0.9700648115873876,0.004222773061323573]
2008-04-01T00:00:00.000Z,1,1899.0,4.27157,-76.34153,[0.21427367294560937,0.9767688176297193,0.00307733466464439]
2008-04-01T00:00:00.000Z,8,1358.0,4.77157,-76.34153,[0.24630700268300026,0.9691894152084568,0.0021766665353381417]
2008-04-01T00:00:00.000Z,1,407.0,5.27157,-76.34153,[0.22847449617563348,0.9735489615365662,0.0013505881547328086]
2008-04-01T00:00:00.000Z,1,480.0,5.77157,-76.34153,[0.21980807278440676,0.9755399518936816,0.0024926688666272933]
2008-04-01T00:00:00.000Z,1,1095.0,6.27157,-76.34153,[0.2250999728086814,0.9742963469547472,0.00875388783144872]
2008-04-01T00:00:00.000Z,8,1485.0,6.77157,-76.34153,[0.25362785464590343,0.9671675523830451,0.016119459206384083]
2008-04-01T00:00:00.000Z,2,827.0,7.27157,-76.34153,[0.29190145537889867,0.9561496491151328,0.02390374122787832]
2008-04-01T00:00:00.000Z,2,201.0,7.77157,-76.34153,[0.3129170838845109,0.9492990185260443,0.03023693170119993]
2008-04-01T00:00:00.000Z,4,165.0,8.27157,-76.34153,[0.32026099262076224,0.9467055715932422,0.0343723336402503]
2008-04-01T00:00:00.000Z,4,99.0,8.77157,-76.34153,[0.3445232429244264,0.9379369424810896,0.039724388152140265]
2008-04-01T00:00:00.000Z,2,267.0,0.27157,-75.84153,[0.29180521689526157,0.9564726553789128,0.0031264844667349455]
2008-04-01T00:00:00.000Z,2,241.0,0.77157,-75.84153,[0.2862882076253659,0.9581419851977971,0.0017315819009598742]
2008-04-01T00:00:00.000Z,1,250.0,1.27157,-75.84153,[0.23043786177422035,0.9730866143238116,9.126251951454271E-4]
2008-04-01T00:00:00.000Z,8,1712.0,1.77157,-75.84153,[0.2436484812497133,0.9698628865279849,0.0011827596177170548]
2008-04-01T00:00:00.000Z,1,1262.0,2.27157,-75.84153,[0.2147933768394378,0.9766571775627475,0.0021360667309999336]
2008-04-01T00:00:00.000Z,11,2705.0,2.77157,-75.84153,[0.17704003336254787,0.9842028170483748,0.0012812107677552806]
2008-04-01T00:00:00.000Z,11,1867.0,3.27157,-75.84153,[0.15308727693070462,0.988212645858653,2.2848847303090242E-4]
2008-04-01T00:00:00.000Z,11,3782.0,3.77157,-75.84153,[0.1744960714460553,0.9846564031598836,0.0016996370595394996]
2008-04-01T00:00:00.000Z,1,2035.0,4.27157,-75.84153,[0.22656480394464604,0.9739950849991486,0.001401431776977192]
2008-04-01T00:00:00.000Z,1,1185.0,4.77157,-75.84153,[0.2307842100910256,0.9730047852581433,5.798598243493107E-4]
2008-04-01T00:00:00.000Z,8,1530.0,5.27157,-75.84153,[0.25104566752510216,0.9679741603612111,0.0014483403895678968]
2008-04-01T00:00:00.000Z,1,1704.0,5.77157,-75.84153,[0.2373741034345207,0.9714078694397309,0.004504021449783214]
2008-04-01T00:00:00.000Z,1,488.0,6.27157,-75.84153,[0.19920589735980293,0.9799087783421518,0.009787572991666616]
2008-04-01T00:00:00.000Z,1,896.0,6.77157,-75.84153,[0.2134283921395131,0.9768019005326922,0.017503386656944196]
2008-04-01T00:00:00.000Z,8,2421.0,7.27157,-75.84153,[0.26970808948852915,0.9625983277561312,0.025729474645767633]
2008-04-01T00:00:00.000Z,4,131.0,7.77157,-75.84153,[0.32493999138212093,0.9451721647136876,0.032612590375942795]
2008-04-01T00:00:00.000Z,4,43.0,8.27157,-75.84153,[0.32738102760276233,0.9441858622166622,0.03653382481943869]
2008-04-01T00:00:00.000Z,4,10.0,8.77157,-75.84153,[0.3352330126257454,0.9412770354509363,0.040204101514190814]
2008-04-01T00:00:00.000Z,4,155.0,9.27157,-75.84153,[0.3514309562030952,0.9350795407100024,0.04607098401107715]
2008-04-01T00:00:00.000Z,2,228.0,0.27157,-75.34153,[0.2946484452506354,0.9555853498912764,0.006239614134719338]
2008-04-01T00:00:00.000Z,2,189.0,0.77157,-75.34153,[0.2886043052389879,0.957433330078547,0.0053826993437430274]
2008-04-01T00:00:00.000Z,8,244.0,1.27157,-75.34153,[0.2807930595631385,0.9597598839166293,0.004027769297012232]
2008-04-01T00:00:00.000Z,1,1357.0,1.77157,-75.34153,[0.22191843877367512,0.9750613268397745,0.002759607528791815]
2008-04-01T00:00:00.000Z,8,2437.0,2.27157,-75.34153,[0.2584129777353355,0.9660298233096656,0.003018843197842705]
2008-04-01T00:00:00.000Z,2,485.0,2.77157,-75.34153,[0.29905117933675074,0.9542338460994245,0.0024817525256161884]
2008-04-01T00:00:00.000Z,2,694.0,3.27157,-75.34153,[0.2947646359468648,0.9555689632539757,0.0013288569653342266]
2008-04-01T00:00:00.000Z,1,442.0,3.77157,-75.34153,[0.23693004484809588,0.9715265475350153,5.668182891102774E-4]
2008-04-01T00:00:00.000Z,11,2270.0,4.27157,-75.34153,[0.13462588719086957,0.990895043558022,0.0016979841627677245]
2008-04-01T00:00:00.000Z,11,4229.0,4.77157,-75.34153,[0.16918426377857884,0.9855834963745399,0.0013625578290892256]
2008-04-01T00:00:00.000Z,1,3209.0,5.27157,-75.34153,[0.1877919495102535,0.9822088025899925,2.2762660546697395E-4]
2008-04-01T00:00:00.000Z,1,1992.0,5.77157,-75.34153,[0.20647179557996964,0.978446897942856,0.0033264900398995104]
2008-04-01T00:00:00.000Z,1,2185.0,6.27157,-75.34153,[0.21097477010069915,0.9774416210516433,0.009875414770671024]
2008-04-01T00:00:00.000Z,8,2092.0,6.77157,-75.34153,[0.252602544145128,0.967390529324355,0.018641847144334776]
2008-04-01T00:00:00.000Z,2,869.0,7.27157,-75.34153,[0.31574617121304144,0.9484036286620507,0.028894852568573534]
2008-04-01T00:00:00.000Z,4,83.0,7.77157,-75.34153,[0.33940074584703966,0.9399715691721204,0.03550468795208394]
2008-04-01T00:00:00.000Z,4,30.0,8.27157,-75.34153,[0.34380694856409,0.9382055814689076,0.03958622259875262]
2008-04-01T00:00:00.000Z,4,74.0,8.77157,-75.34153,[0.34622575027480607,0.9371340095777436,0.04367582786152147]
2008-04-01T00:00:00.000Z,5,180.0,9.27157,-75.34153,[0.33504806448690305,0.9410375240823486,0.046809964244199094]
2008-04-01T00:00:00.000Z,5,136.0,9.77157,-75.34153,[0.3392500656626609,0.9392759825108546,0.051672251994170415]
2008-04-01T00:00:00.000Z,5,79.0,10.27157,-75.34153,[0.3252443000871352,0.9439155230789683,0.05691775251524866]
2008-04-01T00:00:00.000Z,2,205.0,0.27157,-74.84153,[0.2891127074711833,0.9572590038711226,0.008309144742282039]
2008-04-01T00:00:00.000Z,2,239.0,0.77157,-74.84153,[0.2857778459925806,0.9582630153322643,0.007938273499793905]
2008-04-01T00:00:00.000Z,2,226.0,1.27157,-74.84153,[0.28933461561703083,0.9572058232073313,0.00651860596449437]
2008-04-01T00:00:00.000Z,2,258.0,1.77157,-74.84153,[0.28606475096455297,0.9582006292471206,0.004302599912881487]
2008-04-01T00:00:00.000Z,1,576.0,2.27157,-74.84153,[0.21068783520889064,0.9775462461573796,0.0037380099795125757]
2008-04-01T00:00:00.000Z,1,1998.0,2.77157,-74.84153,[0.22569889772508528,0.974190140180725,0.003684879962858535]
2008-04-01T00:00:00.000Z,1,2106.0,3.27157,-74.84153,[0.22715739005731972,0.973852969255638,0.003148716297824234]
2008-04-01T00:00:00.000Z,2,361.0,3.77157,-74.84153,[0.29542404984843074,0.9553632579775866,0.0023824520149066998]
2008-04-01T00:00:00.000Z,8,289.0,4.27157,-74.84153,[0.2779724074435504,0.9605881928112565,0.0012901672919320905]
2008-04-01T00:00:00.000Z,2,277.0,4.77157,-74.84153,[0.2897143233763313,0.9571129063768676,7.037594899829909E-4]
2008-04-01T00:00:00.000Z,2,325.0,5.27157,-74.84153,[0.30118692204711484,0.953564772504379,8.140187082354456E-4]
2008-04-01T00:00:00.000Z,8,379.0,5.77157,-74.84153,[0.27575186895960796,0.9612241262114268,0.0030142916849835687]
2008-04-01T00:00:00.000Z,8,978.0,6.27157,-74.84153,[0.25453518169020983,0.9670161389854554,0.009572263243050626]
2008-04-01T00:00:00.000Z,8,1143.0,6.77157,-74.84153,[0.27510692532883085,0.961216968016397,0.019445308778262744]
2008-04-01T00:00:00.000Z,2,322.0,7.27157,-74.84153,[0.30679458886666366,0.9512921766723786,0.030336032108084277]
2008-04-01T00:00:00.000Z,4,55.0,7.77157,-74.84153,[0.34764551896878565,0.9368131879579908,0.039033882831582954]
2008-04-01T00:00:00.000Z,4,27.0,8.27157,-74.84153,[0.36197776848496604,0.9311566044475332,0.04381179197869761]
2008-04-01T00:00:00.000Z,4,14.0,8.77157,-74.84153,[0.37490851888278065,0.9257945058125807,0.04845756366512131]
2008-04-01T00:00:00.000Z,4,48.0,9.27157,-74.84153,[0.3667572923894248,0.9288664071855878,0.05192577473004914]
2008-04-01T00:00:00.000Z,5,15.0,9.77157,-74.84153,[0.3493722615935159,0.9353369670029916,0.05553180157960095]
2008-04-01T00:00:00.000Z,5,5.0,10.27157,-74.84153,[0.3453960285918732,0.9364610634357126,0.061174014923138106]
2008-04-01T00:00:00.000Z,2,171.0,-0.72843,-74.34153,[0.3033408724822007,0.9528608322627908,0.006367842742946962]
2008-04-01T00:00:00.000Z,2,219.0,-0.22843,-74.34153,[0.2915163665853883,0.9565380778583054,0.007287909164634707]
2008-04-01T00:00:00.000Z,2,201.0,0.27157,-74.34153,[0.2898385528761029,0.9570355353791319,0.008751987675082323]
2008-04-01T00:00:00.000Z,2,242.0,0.77157,-74.34153,[0.2846498962795803,0.9585838404355829,0.009563336436270485]
2008-04-01T00:00:00.000Z,2,251.0,1.27157,-74.34153,[0.2863019316321659,0.9580970153044922,0.009017383673454045]
2008-04-01T00:00:00.000Z,2,298.0,1.77157,-74.34153,[0.29270732971400787,0.956177277065759,0.00688723128738842]
2008-04-01T00:00:00.000Z,2,313.0,2.27157,-74.34153,[0.29399627765111386,0.9557807273438601,0.007027799465763677]
2008-04-01T00:00:00.000Z,8,364.0,2.77157,-74.34153,[0.25801856442714166,0.9661233242002838,0.0056694662138699285]
2008-04-01T00:00:00.000Z,11,899.0,3.27157,-74.34153,[0.1464194443686842,0.9891959312467012,0.007263326767895359]
2008-04-01T00:00:00.000Z,11,3444.0,3.77157,-74.34153,[0.14423212064039934,0.9895269260329038,0.005792929435557023]
2008-04-01T00:00:00.000Z,11,2263.0,4.27157,-74.34153,[0.16278068051342906,0.9866502471936415,0.0048723468997216865]
2008-04-01T00:00:00.000Z,1,2655.0,4.77157,-74.34153,[0.19201041670258837,0.9813865742576738,0.003520190972880787]
2008-04-01T00:00:00.000Z,8,1104.0,5.27157,-74.34153,[0.26283502109613094,0.9648374192136452,0.002550719614013085]
2008-04-01T00:00:00.000Z,2,744.0,5.77157,-74.34153,[0.29724603576289976,0.9547902966929508,0.004503727814589391]
2008-04-01T00:00:00.000Z,2,119.0,6.27157,-74.34153,[0.30807550579470017,0.9513100783330851,0.009930639014627698]
2008-04-01T00:00:00.000Z,8,97.0,6.77157,-74.34153,[0.27104856299659547,0.9623870030283977,0.0185454279945039]
2008-04-01T00:00:00.000Z,8,575.0,7.27157,-74.34153,[0.2728205355845414,0.9615805762405967,0.03052459271089336]
2008-04-01T00:00:00.000Z,4,1234.0,7.77157,-74.34153,[0.3260781196040625,0.944418850112507,0.04178630717889097]
2008-04-01T00:00:00.000Z,4,715.0,8.27157,-74.34153,[0.3653111545643256,0.9296539036843872,0.047868358184290936]
2008-04-01T00:00:00.000Z,3,14.0,8.77157,-74.34153,[0.38646687974967153,0.9207767940344522,0.05304193081128042]
2008-04-01T00:00:00.000Z,5,37.0,9.27157,-74.34153,[0.36949348200396415,0.9275560513754686,0.055806256937150446]
2008-04-01T00:00:00.000Z,5,95.0,9.77157,-74.34153,[0.35634334404107637,0.9324524438148026,0.05959749308004065]
2008-04-01T00:00:00.000Z,5,119.0,10.27157,-74.34153,[0.34016931493070773,0.9381893917128059,0.06391793533217568]
2008-04-01T00:00:00.000Z,5,5.0,10.77157,-74.34153,[0.3169135453397742,0.9457888618733887,0.0710579589941525]
2008-04-01T00:00:00.000Z,2,156.0,-1.22843,-73.84153,[0.30041972964885993,0.9538040846266086,0.002398788715827399]
2008-04-01T00:00:00.000Z,2,195.0,-0.72843,-73.84153,[0.2936860396459356,0.9558970325155356,0.003061591919088904]
2008-04-01T00:00:00.000Z,8,174.0,-0.22843,-73.84153,[0.2825259510944192,0.9592481896842138,0.00469015412884016]
2008-04-01T00:00:00.000Z,8,241.0,0.27157,-73.84153,[0.2825211508932641,0.9592318917680389,0.0074817854189125265]
2008-04-01T00:00:00.000Z,8,232.0,0.77157,-73.84153,[0.2832383159621303,0.958995872942646,0.010147514469509393]
2008-04-01T00:00:00.000Z,2,267.0,1.27157,-73.84153,[0.28578570731829434,0.9582226657142809,0.011655573945530436]
2008-04-01T00:00:00.000Z,8,265.0,1.77157,-73.84153,[0.2704387337282747,0.9626728587446814,0.011129165997048341]
2008-04-01T00:00:00.000Z,8,554.0,2.27157,-73.84153,[0.25214062638584245,0.967644947752685,0.009399979492454653]
2008-04-01T00:00:00.000Z,8,995.0,2.77157,-73.84153,[0.28270320293947154,0.9591307047096241,0.012132202231410521]
2008-04-01T00:00:00.000Z,8,363.0,3.27157,-73.84153,[0.2666673325157988,0.9636647810227581,0.0154506823560656]
2008-04-01T00:00:00.000Z,1,545.0,3.77157,-73.84153,[0.20310128795865498,0.9789938486995841,0.01791399000534204]
2008-04-01T00:00:00.000Z,11,1499.0,4.27157,-73.84153,[0.15273555103115674,0.9880815262861754,0.019150688321598882]
2008-04-01T00:00:00.000Z,11,3610.0,4.77157,-73.84153,[0.14269948056109868,0.9896150968993266,0.017286359840328214]
2008-04-01T00:00:00.000Z,11,2585.0,5.27157,-73.84153,[0.1659677719808546,0.9860438217686067,0.013125555823322487]
2008-04-01T00:00:00.000Z,8,2622.0,5.77157,-73.84153,[0.24563228397085,0.9693112551316053,0.010023559570110918]
2008-04-01T00:00:00.000Z,2,616.0,6.27157,-73.84153,[0.3035180362576665,0.9527727829892914,0.01004119819198295]
2008-04-01T00:00:00.000Z,4,101.0,6.77157,-73.84153,[0.3346192485841155,0.9421549055878998,0.01934146720539391]
2008-04-01T00:00:00.000Z,4,89.0,7.27157,-73.84153,[0.3457515303774185,0.9377752034447175,0.03214882650877751]
2008-04-01T00:00:00.000Z,4,59.0,7.77157,-73.84153,[0.3526665417761856,0.9346896456865339,0.04451490265077028]
2008-04-01T00:00:00.000Z,4,38.0,8.27157,-73.84153,[0.3708842783615272,0.927210695903818,0.05220323233102318]
2008-04-01T00:00:00.000Z,3,29.0,8.77157,-73.84153,[0.38600923675246546,0.9206841930650019,0.05777097698693992]
2008-04-01T00:00:00.000Z,3,52.0,9.27157,-73.84153,[0.3841738472764797,0.9212332052038034,0.06115420426033758]
2008-04-01T00:00:00.000Z,5,46.0,9.77157,-73.84153,[0.32302567757573997,0.9443241072424888,0.06250113684894586]
2008-04-01T00:00:00.000Z,11,931.0,10.27157,-73.84153,[0.16287915272120004,0.9844607613001946,0.06563071742001297]
2008-04-01T00:00:00.000Z,9,2665.0,10.77157,-73.84153,[0.30641366287854893,0.9492815438198182,0.0705352235724346]
2008-04-01T00:00:00.000Z,2,139.0,-1.72843,-73.34153,[0.29750198325715277,0.9547211934183913,1.1311862481260561E-4]
2008-04-01T00:00:00.000Z,2,199.0,-1.22843,-73.34153,[0.29321733832814195,0.9560458042806467,1.1234380778856014E-4]
2008-04-01T00:00:00.000Z,2,223.0,-0.72843,-73.34153,[0.2925041919578872,0.956263704477708,0.0010125145106234556]
2008-04-01T00:00:00.000Z,2,171.0,-0.22843,-73.34153,[0.2846928172257661,0.9586140955023843,0.003002619556678002]
2008-04-01T00:00:00.000Z,8,209.0,0.27157,-73.34153,[0.2830626033406842,0.9590827030837302,0.005994266894273314]
2008-04-01T00:00:00.000Z,8,237.0,0.77157,-73.34153,[0.27412899666325063,0.9616445202946833,0.009649340682546423]
2008-04-01T00:00:00.000Z,8,249.0,1.27157,-73.34153,[0.2741199644693137,0.9616128353583525,0.01260951836558843]
2008-04-01T00:00:00.000Z,8,294.0,1.77157,-73.34153,[0.28394343481009515,0.9587266563587918,0.014809598756761827]
2008-04-01T00:00:00.000Z,2,229.0,2.27157,-73.34153,[0.2936535190947274,0.9557911837716419,0.015192884771696325]
2008-04-01T00:00:00.000Z,2,267.0,2.77157,-73.34153,[0.2962156771038067,0.9549810439447051,0.01635476518372369]
2008-04-01T00:00:00.000Z,2,234.0,3.27157,-73.34153,[0.3011135319666597,0.9533324178095018,0.022089409680951872]
2008-04-01T00:00:00.000Z,2,256.0,3.77157,-73.34153,[0.3031112002314372,0.9526352007273741,0.02469361515398967]
2008-04-01T00:00:00.000Z,1,300.0,4.27157,-73.34153,[0.23631135551307514,0.9713760046330733,0.024199191694367787]
2008-04-01T00:00:00.000Z,11,1229.0,4.77157,-73.34153,[0.17673187319827516,0.9839974617426546,0.022690092107391455]
2008-04-01T00:00:00.000Z,11,2684.0,5.27157,-73.34153,[0.15078545494756013,0.9883515367265856,0.020615198918611737]
2008-04-01T00:00:00.000Z,1,3515.0,5.77157,-73.34153,[0.2218884457966279,0.9749295442255982,0.016670375461404686]
2008-04-01T00:00:00.000Z,1,1301.0,6.27157,-73.34153,[0.23309521544668002,0.9723726879662975,0.012568859656438629]
2008-04-01T00:00:00.000Z,2,1945.0,6.77157,-73.34153,[0.2904245213488272,0.9567614271854508,0.01616071933312022]
2008-04-01T00:00:00.000Z,8,351.0,7.27157,-73.34153,[0.2475651268311028,0.9684839452420456,0.027392622829922948]
2008-04-01T00:00:00.000Z,0,325.0,7.77157,-73.34153,[0.2619186641639089,0.963956362174021,0.046762647346159085]
2008-04-01T00:00:00.000Z,0,1339.0,8.27157,-73.34153,[0.28431208973615063,0.9573039983521022,0.052303827478886795]
2008-04-01T00:00:00.000Z,0,1230.0,8.77157,-73.34153,[0.30040062262225636,0.9520761668592479,0.05753640957482733]
2008-04-01T00:00:00.000Z,5,809.0,9.27157,-73.34153,[0.3283506682364898,0.9424416126482456,0.06316363999663774]
2008-04-01T00:00:00.000Z,5,74.0,9.77157,-73.34153,[0.32262751095470493,0.9441231425224893,0.06740163891650618]
2008-04-01T00:00:00.000Z,9,99.0,10.27157,-73.34153,[0.2634077980529179,0.9622690280221462,0.06822499273893146]
2008-04-01T00:00:00.000Z,5,1426.0,10.77157,-73.34153,[0.32455725931451024,0.9429371889932932,0.07437770525957527]
2008-04-01T00:00:00.000Z,2,146.0,-2.22843,-72.84153,[0.29111739356413424,0.956687312437861,2.2222701798788876E-4]
2008-04-01T00:00:00.000Z,2,165.0,-1.72843,-72.84153,[0.29369273568965526,0.9558972690127182,0.0022334048341418654]
2008-04-01T00:00:00.000Z,2,168.0,-1.22843,-72.84153,[0.2946359677569369,0.955606389721168,0.002464635471731031]
2008-04-01T00:00:00.000Z,2,178.0,-0.72843,-72.84153,[0.28806198087391915,0.9576114499322178,7.785458942538358E-4]
2008-04-01T00:00:00.000Z,2,191.0,-0.22843,-72.84153,[0.28806155327305,0.9576100284482473,0.0018907515079698266]
2008-04-01T00:00:00.000Z,8,247.0,0.27157,-72.84153,[0.2755840038397911,0.9612632514887952,0.0051398603890754685]
2008-04-01T00:00:00.000Z,8,264.0,0.77157,-72.84153,[0.27326529488297135,0.9618938379880592,0.009291020026021026]
2008-04-01T00:00:00.000Z,8,246.0,1.27157,-72.84153,[0.2732531893396527,0.9618512264755775,0.01322545436403919]
2008-04-01T00:00:00.000Z,8,259.0,1.77157,-72.84153,[0.278902747664129,0.960175071997851,0.016645974267700977]
2008-04-01T00:00:00.000Z,2,271.0,2.27157,-72.84153,[0.29410978908523505,0.9555751001696524,0.019381947786459932]
2008-04-01T00:00:00.000Z,2,193.0,2.77157,-72.84153,[0.2959270455341202,0.9549338123197187,0.022991255076112417]
2008-04-01T00:00:00.000Z,2,182.0,3.27157,-72.84153,[0.3015207525232171,0.9530828384354563,0.026801844668730403]
2008-04-01T00:00:00.000Z,2,203.0,3.77157,-72.84153,[0.3072830205911054,0.9511699606846812,0.029203615315719564]
2008-04-01T00:00:00.000Z,2,165.0,4.27157,-72.84153,[0.30583769543192624,0.9516257523247243,0.02952510059746672]
2008-04-01T00:00:00.000Z,1,293.0,4.77157,-72.84153,[0.22502203254881545,0.9739589994663375,0.02772998784944998]
2008-04-01T00:00:00.000Z,11,1653.0,5.27157,-72.84153,[0.15978493820837686,0.9867634733631823,0.02768792440710042]
2008-04-01T00:00:00.000Z,11,2686.0,5.77157,-72.84153,[0.16229382135852824,0.9864421329448044,0.024344073203779234]
2008-04-01T00:00:00.000Z,11,2685.0,6.27157,-72.84153,[0.1819374827517012,0.9831853372542264,0.01566349189253057]
2008-04-01T00:00:00.000Z,11,1547.0,6.77157,-72.84153,[0.16136138178946532,0.9866851706142715,0.02036856786522759]
2008-04-01T00:00:00.000Z,1,3795.0,7.27157,-72.84153,[0.2287968188078806,0.9729761624561933,0.03113523719859819]
2008-04-01T00:00:00.000Z,0,1328.0,7.77157,-72.84153,[0.31218634619870267,0.948612565476367,0.051709630316310214]
2008-04-01T00:00:00.000Z,5,973.0,8.27157,-72.84153,[0.3553026168265231,0.9329799483801358,0.05751926978695111]
2008-04-01T00:00:00.000Z,5,83.0,8.77157,-72.84153,[0.3623729207117975,0.9298388486320083,0.06391855684777539]
2008-04-01T00:00:00.000Z,5,223.0,10.77157,-72.84153,[0.33491815343759895,0.9390112672306016,0.07802352537490731]
2008-04-01T00:00:00.000Z,10,51.0,11.27157,-72.84153,[0.3650325443638522,0.9273107442786983,0.0827407100558065]
2008-04-01T00:00:00.000Z,2,149.0,-2.22843,-72.34153,[0.28997628447189605,0.9570319958996417,0.001874371420540773]
2008-04-01T00:00:00.000Z,2,147.0,-1.72843,-72.34153,[0.2908948182205005,0.9567453146795929,0.004313649395665217]
2008-04-01T00:00:00.000Z,2,145.0,-1.22843,-72.34153,[0.2908952185797601,0.9567466314505417,0.003981835691586069]
2008-04-01T00:00:00.000Z,2,205.0,-0.72843,-72.34153,[0.2894833918071703,0.9571807169716015,0.00210735036181465]
2008-04-01T00:00:00.000Z,2,176.0,-0.22843,-72.34153,[0.2853257691507902,0.9584301898115347,8.813151170680779E-4]
2008-04-01T00:00:00.000Z,2,150.0,0.27157,-72.34153,[0.2843101025715817,0.9587201133227754,0.004848699423701392]
2008-04-01T00:00:00.000Z,8,218.0,0.77157,-72.34153,[0.28179843365047763,0.9594304647632993,0.009100883265754724]
2008-04-01T00:00:00.000Z,8,234.0,1.27157,-72.34153,[0.27946950170392393,0.9600599352652446,0.013480293611601036]
2008-04-01T00:00:00.000Z,8,237.0,1.77157,-72.34153,[0.28445773388222045,0.9585229476342525,0.017820114846318093]
2008-04-01T00:00:00.000Z,2,203.0,2.27157,-72.34153,[0.29575997678405447,0.9550112227454582,0.02189978454049869]
2008-04-01T00:00:00.000Z,2,188.0,2.77157,-72.34153,[0.29598422808708813,0.9548609963575794,0.02517566997522359]
2008-04-01T00:00:00.000Z,2,220.0,3.27157,-72.34153,[0.3039365837873123,0.9522575857062562,0.02877574500495847]
2008-04-01T00:00:00.000Z,2,180.0,3.77157,-72.34153,[0.3139466423509947,0.9489214302639086,0.03139466423509946]
2008-04-01T00:00:00.000Z,4,190.0,4.27157,-72.34153,[0.32034202122316735,0.9467357132803644,0.032748719641773616]
2008-04-01T00:00:00.000Z,4,177.0,4.77157,-72.34153,[0.3210948819696615,0.9464482101502757,0.033672871517417685]
2008-04-01T00:00:00.000Z,8,257.0,5.27157,-72.34153,[0.25262680537154775,0.9670319107943431,0.03207772924020118]
2008-04-01T00:00:00.000Z,11,1342.0,5.77157,-72.34153,[0.185835068642095,0.9820952634198132,0.03089046505242771]
2008-04-01T00:00:00.000Z,1,3317.0,6.27157,-72.34153,[0.18881722241608803,0.9818495565636578,0.017874697055389667]
2008-04-01T00:00:00.000Z,1,3467.0,6.77157,-72.34153,[0.2416455624735586,0.970171045376515,0.019379495604315098]
2008-04-01T00:00:00.000Z,8,2203.0,7.27157,-72.34153,[0.2571163269291729,0.9659553750229019,0.02866021442375643]
2008-04-01T00:00:00.000Z,5,97.0,11.27157,-72.34153,[0.3500349172380315,0.9330112206807316,0.08346028275782245]
2008-04-01T00:00:00.000Z,10,19.0,11.77157,-72.34153,[0.3622318909184411,0.92797922585113,0.08742204293190646]
2008-04-01T00:00:00.000Z,2,109.0,-2.22843,-71.84153,[0.2884533684579803,0.9574896983415088,0.0028516302585199576]
2008-04-01T00:00:00.000Z,2,140.0,-1.72843,-71.84153,[0.29190636465558323,0.9564356266177254,0.004643964892247916]
2008-04-01T00:00:00.000Z,2,153.0,-1.22843,-71.84153,[0.2909848824127306,0.9567230224782205,0.002975981751948382]
2008-04-01T00:00:00.000Z,2,136.0,-0.72843,-71.84153,[0.2935406272523758,0.9559455144105672,0.0014400106242569378]
2008-04-01T00:00:00.000Z,8,192.0,-0.22843,-71.84153,[0.28092317425609076,0.9597297548515474,9.837776530368938E-4]
2008-04-01T00:00:00.000Z,8,216.0,0.27157,-71.84153,[0.28163156271892464,0.9595121846121504,0.00447554033778136]
2008-04-01T00:00:00.000Z,8,215.0,0.77157,-71.84153,[0.2775728911210362,0.9606624278642113,0.008999433579314845]
2008-04-01T00:00:00.000Z,8,232.0,1.27157,-71.84153,[0.2704071858796797,0.9626495817316597,0.013628522168335856]
2008-04-01T00:00:00.000Z,2,233.0,1.77157,-71.84153,[0.28527702586324893,0.9582664575329212,0.018504455731670203]
2008-04-01T00:00:00.000Z,2,159.0,2.27157,-71.84153,[0.2948019519059725,0.9552933479701172,0.02250396579434905]
2008-04-01T00:00:00.000Z,2,186.0,2.77157,-71.84153,[0.3010286895739931,0.9532575169843114,0.026111958300168343]
2008-04-01T00:00:00.000Z,2,222.0,3.27157,-71.84153,[0.3101344732191336,0.9502240438856913,0.029847528249660978]
2008-04-01T00:00:00.000Z,4,206.0,3.77157,-71.84153,[0.31641521729135796,0.9480649980782105,0.03246797938624009]
2008-04-01T00:00:00.000Z,4,189.0,4.27157,-71.84153,[0.3246518540976619,0.9452041065795396,0.03450174685613528]
2008-04-01T00:00:00.000Z,4,149.0,4.77157,-71.84153,[0.33240544220912177,0.942424220768719,0.0366498308076724]
2008-04-01T00:00:00.000Z,4,172.0,5.27157,-71.84153,[0.3347781587284432,0.9415635714237466,0.037170222035290384]
2008-04-01T00:00:00.000Z,4,213.0,5.77157,-71.84153,[0.3294331316765849,0.9435462148774639,0.03455940022871343]
2008-04-01T00:00:00.000Z,4,412.0,6.27157,-71.84153,[0.3191006566323759,0.9473688755272482,0.025826045361686454]
2008-04-01T00:00:00.000Z,4,325.0,6.77157,-71.84153,[0.3503495463567632,0.9363887875353488,0.020766173111328144]
2008-04-01T00:00:00.000Z,5,174.0,11.77157,-71.84153,[0.34017252616838545,0.9364021902162465,0.0862182729961326]
2008-04-01T00:00:00.000Z,2,107.0,-2.22843,-71.34153,[0.2857511890152655,0.9582986643021452,0.003150868624122699]
2008-04-01T00:00:00.000Z,2,121.0,-1.72843,-71.34153,[0.28915433012256403,0.9572760777542462,0.0035049009711825944]
2008-04-01T00:00:00.000Z,2,140.0,-1.22843,-71.34153,[0.28915585641363045,0.957281130702701,0.0013143448018801385]
2008-04-01T00:00:00.000Z,2,186.0,-0.72843,-71.34153,[0.29168716155095054,0.9565137486331171,2.201412540007174E-4]
2008-04-01T00:00:00.000Z,2,201.0,-0.22843,-71.34153,[0.2833458566621426,0.9590167456257134,0.001416729283310713]
2008-04-01T00:00:00.000Z,2,185.0,0.27157,-71.34153,[0.2858376670216517,0.9582680407813994,0.004380653900714969]
2008-04-01T00:00:00.000Z,8,228.0,0.77157,-71.34153,[0.2744254611126095,0.9615695290953642,0.008643321609845971]
2008-04-01T00:00:00.000Z,8,342.0,1.27157,-71.34153,[0.27684476026794996,0.9608141679887675,0.013896521299724547]
2008-04-01T00:00:00.000Z,2,222.0,1.77157,-71.34153,[0.2868887450724961,0.9577670412420255,0.01942016120490743]
2008-04-01T00:00:00.000Z,2,164.0,2.27157,-71.34153,[0.29550608617653323,0.9550576929659819,0.023258463816936262]
2008-04-01T00:00:00.000Z,2,189.0,2.77157,-71.34153,[0.3051218854041868,0.951934571317182,0.026855297029956517]
2008-04-01T00:00:00.000Z,2,209.0,3.27157,-71.34153,[0.3105173040377299,0.9500902586229049,0.030124813078287228]
2008-04-01T00:00:00.000Z,4,171.0,3.77157,-71.34153,[0.3199628452450961,0.9468530124104882,0.03306282734199327]
2008-04-01T00:00:00.000Z,4,165.0,4.27157,-71.34153,[0.33051137871538877,0.9431075605102119,0.036198865287875914]
2008-04-01T00:00:00.000Z,4,131.0,4.77157,-71.34153,[0.3398966810704267,0.9396419117997665,0.039285159877342796]
2008-04-01T00:00:00.000Z,4,146.0,5.27157,-71.34153,[0.3437540186431663,0.9381878631560783,0.04045624912551343]
2008-04-01T00:00:00.000Z,4,151.0,5.77157,-71.34153,[0.3504560299552856,0.9358055280168021,0.03806027852202564]
2008-04-01T00:00:00.000Z,4,157.0,6.27157,-71.34153,[0.3558365343900277,0.9340709027738228,0.029864851993448755]
2008-04-01T00:00:00.000Z,4,154.0,6.77157,-71.34153,[0.36483910160435656,0.9307909235277224,0.022818558651579897]
2008-04-01T00:00:00.000Z,2,97.0,-2.22843,-70.84153,[0.28397664440600123,0.9588260845343312,0.0031313014021954505]
2008-04-01T00:00:00.000Z,2,137.0,-1.72843,-70.84153,[0.2882487319005079,0.9575535525634299,0.001965332262958009]
2008-04-01T00:00:00.000Z,8,114.0,-1.22843,-70.84153,[0.28228337249923435,0.9593308483019957,6.489272931016881E-4]
2008-04-01T00:00:00.000Z,2,155.0,-0.72843,-70.84153,[0.28564665175008797,0.9583336140775853,0.0016353815939890532]
2008-04-01T00:00:00.000Z,2,183.0,-0.22843,-70.84153,[0.2840500481593756,0.9588049518329881,0.0029384487740625066]
2008-04-01T00:00:00.000Z,8,193.0,0.27157,-70.84153,[0.28157659000900104,0.9595263797999034,0.004873440980925018]
2008-04-01T00:00:00.000Z,8,250.0,0.77157,-70.84153,[0.2824502555969259,0.9592445218926368,0.008473507667907778]
2008-04-01T00:00:00.000Z,2,316.0,1.27157,-70.84153,[0.28581232848277544,0.9581830935725231,0.014016849825975194]
2008-04-01T00:00:00.000Z,2,186.0,1.77157,-70.84153,[0.29084116190787107,0.9565688404954694,0.019684306775513707]
2008-04-01T00:00:00.000Z,2,191.0,2.27157,-70.84153,[0.2995353640592047,0.9537836592411518,0.023985350580680676]
2008-04-01T00:00:00.000Z,2,160.0,2.77157,-70.84153,[0.3038343397687633,0.9523165873349296,0.027889271486237224]
2008-04-01T00:00:00.000Z,4,240.0,3.27157,-70.84153,[0.31816350245171626,0.9474979029056605,0.0319328936526631]
2008-04-01T00:00:00.000Z,4,186.0,3.77157,-70.84153,[0.32243229407370094,0.9459594509956373,0.034614055099088485]
2008-04-01T00:00:00.000Z,4,176.0,4.27157,-70.84153,[0.32823227254924603,0.9438180730811653,0.038353880931578564]
2008-04-01T00:00:00.000Z,4,146.0,4.77157,-70.84153,[0.33673726992686326,0.9406682431652592,0.04184814622641815]
2008-04-01T00:00:00.000Z,4,123.0,5.27157,-70.84153,[0.3477949597546124,0.9365621416249206,0.04347436996932655]
2008-04-01T00:00:00.000Z,4,120.0,5.77157,-70.84153,[0.3596855207093597,0.9321427578946787,0.04166779447654202]
2008-04-01T00:00:00.000Z,4,126.0,6.27157,-70.84153,[0.3676248761122247,0.9293454035983862,0.03419168428176635]
2008-04-01T00:00:00.000Z,4,122.0,6.77157,-70.84153,[0.37103347147024734,0.9282300784516989,0.026890230684951725]
2008-04-01T00:00:00.000Z,8,97.0,-3.72843,-70.34153,[0.27305260714729107,0.9619853390266101,0.005145991442391255]
2008-04-01T00:00:00.000Z,2,132.0,-2.22843,-70.34153,[0.2846740128508529,0.9586181720621526,0.003450594095161854]
2008-04-01T00:00:00.000Z,2,129.0,-1.72843,-70.34153,[0.2864515662690299,0.9580936856649751,0.0014105569551126475]
2008-04-01T00:00:00.000Z,8,144.0,-1.22843,-70.34153,[0.28140732392300877,0.9595881926876545,6.469133883287558E-4]
2008-04-01T00:00:00.000Z,2,134.0,-0.72843,-70.34153,[0.28416170179374783,0.9587745968918822,0.001843797301715158]
2008-04-01T00:00:00.000Z,2,170.0,-0.22843,-70.34153,[0.28475262781390237,0.9585947241674119,0.003477894690856823]
2008-04-01T00:00:00.000Z,2,177.0,0.27157,-70.34153,[0.28415749011786223,0.958760386504543,0.005748224036735382]
2008-04-01T00:00:00.000Z,2,190.0,0.77157,-70.34153,[0.28663854008593526,0.9580048545077455,0.008065114816106162]
2008-04-01T00:00:00.000Z,2,195.0,1.27157,-70.34153,[0.2875220695734444,0.9576780720393052,0.013556173622474185]
2008-04-01T00:00:00.000Z,2,216.0,1.77157,-70.34153,[0.2900171999310579,0.9568370497725432,0.018785204995534432]
2008-04-01T00:00:00.000Z,2,168.0,2.27157,-70.34153,[0.2960374270274708,0.954887640562293,0.023482668083758023]
2008-04-01T00:00:00.000Z,2,193.0,2.77157,-70.34153,[0.3099313848304449,0.9503043196639379,0.029397903414064265]
2008-04-01T00:00:00.000Z,4,177.0,3.27157,-70.34153,[0.31638939025482393,0.9480134649606221,0.03417929179395179]
2008-04-01T00:00:00.000Z,4,174.0,3.77157,-70.34153,[0.3202216964690193,0.9465894104413869,0.03776973855788433]
2008-04-01T00:00:00.000Z,4,118.0,4.27157,-70.34153,[0.3277229641010748,0.9438421366110955,0.041948539404937576]
2008-04-01T00:00:00.000Z,4,116.0,4.77157,-70.34153,[0.3324875523482161,0.9420480649866123,0.044693073159850785]
2008-04-01T00:00:00.000Z,4,124.0,5.27157,-70.34153,[0.3514187958136963,0.935047184620895,0.046814447357513604]
2008-04-01T00:00:00.000Z,4,105.0,5.77157,-70.34153,[0.3590255934369444,0.9322068040117153,0.04572852295354765]
2008-04-01T00:00:00.000Z,4,104.0,6.27157,-70.34153,[0.36667581559553253,0.9295103717019618,0.039488164756441964]
2008-04-01T00:00:00.000Z,4,109.0,6.77157,-70.34153,[0.3703121477398425,0.9283699647883464,0.031593064352629915]
2008-04-01T00:00:00.000Z,8,140.0,-3.72843,-69.84153,[0.27471948326974066,0.9615181914440923,0.003460207232023451]
2008-04-01T00:00:00.000Z,8,128.0,-3.22843,-69.84153,[0.2763924971859873,0.9610441409787573,0.001160426514903]
2008-04-01T00:00:00.000Z,8,61.0,-2.72843,-69.84153,[0.28048910640568503,0.9598486530993025,0.004052694313085943]
2008-04-01T00:00:00.000Z,8,111.0,-2.22843,-69.84153,[0.2815234683844452,0.9595437300278991,0.004512971630590342]
2008-04-01T00:00:00.000Z,8,145.0,-1.72843,-69.84153,[0.2815254755483436,0.9595505712392017,0.002471406846416757]
2008-04-01T00:00:00.000Z,8,68.0,-1.22843,-69.84153,[0.28152601675858946,0.9595524158985511,0.0015043374941298676]
2008-04-01T00:00:00.000Z,2,122.0,-0.72843,-69.84153,[0.28486267372948676,0.958568312739908,2.1662560739884926E-4]
2008-04-01T00:00:00.000Z,2,188.0,0.77157,-69.84153,[0.2880397348576384,0.9575962506021866,0.006521654374135209]
2008-04-01T00:00:00.000Z,2,195.0,1.77157,-69.84153,[0.29235804817777744,0.9562086538145351,0.013848539124210508]
2008-04-01T00:00:00.000Z,2,182.0,2.27157,-69.84153,[0.3010746805659112,0.9534031551253854,0.01940259052535872]
2008-04-01T00:00:00.000Z,2,180.0,2.77157,-69.84153,[0.3072840940844657,0.9512250265408828,0.027339246606044375]
2008-04-01T00:00:00.000Z,2,198.0,3.27157,-69.84153,[0.3143142044402508,0.9486782739857207,0.03487281684300594]
2008-04-01T00:00:00.000Z,4,149.0,3.77157,-69.84153,[0.31701684587290974,0.9475795502551573,0.039916354681078056]
2008-04-01T00:00:00.000Z,5,188.0,4.27157,-69.84153,[0.32260039890580317,0.9455124418839176,0.04399096348715498]
2008-04-01T00:00:00.000Z,5,143.0,4.77157,-69.84153,[0.3312579247326942,0.9423510638605165,0.04735672858994473]
2008-04-01T00:00:00.000Z,5,100.0,5.27157,-69.84153,[0.3424870983799593,0.9381700159193884,0.050394530190194006]
2008-04-01T00:00:00.000Z,4,112.0,5.77157,-69.84153,[0.3535697747641975,0.9340761780117984,0.049900982395798085]
2008-04-01T00:00:00.000Z,4,98.0,6.27157,-69.84153,[0.37239169926064103,0.9271001679509709,0.04254057953359406]
2008-04-01T00:00:00.000Z,2,169.0,0.77157,-69.34153,[0.2890388679497227,0.9573054235477658,0.004781094056311203]
2008-04-01T00:00:00.000Z,2,182.0,1.77157,-69.34153,[0.29662673819965424,0.9549396107096676,0.010144854986753975]
2008-04-01T00:00:00.000Z,2,167.0,2.27157,-69.34153,[0.30442100767002056,0.952434843849954,0.01398993601424727]
2008-04-01T00:00:00.000Z,2,128.0,2.77157,-69.34153,[0.30969142428948976,0.9505492256476674,0.023396395922600136]
2008-04-01T00:00:00.000Z,2,182.0,3.27157,-69.34153,[0.3133110116254069,0.9490475370325963,0.03383758925554395]
2008-04-01T00:00:00.000Z,4,123.0,3.77157,-69.34153,[0.31873515494912735,0.9469667647039292,0.040765764382986215]
2008-04-01T00:00:00.000Z,5,172.0,4.27157,-69.34153,[0.3250150921710852,0.9446481815620029,0.04477725910126821]
2008-04-01T00:00:00.000Z,5,142.0,4.77157,-69.34153,[0.3289119760093155,0.9431167770876431,0.04845262442287767]
2008-04-01T00:00:00.000Z,5,117.0,5.27157,-69.34153,[0.3430261251867098,0.9378480231168554,0.05267032347725012]
2008-04-01T00:00:00.000Z,5,83.0,5.77157,-69.34153,[0.3656084810884578,0.9292548894331635,0.0530640087135331]
2008-04-01T00:00:00.000Z,2,139.0,1.77157,-68.84153,[0.29921431215514305,0.9541611954280672,0.006870847168006989]
2008-04-01T00:00:00.000Z,2,178.0,2.27157,-68.84153,[0.3027700494278899,0.952999454472288,0.011060603281683061]
2008-04-01T00:00:00.000Z,2,155.0,2.77157,-68.84153,[0.31173603956158896,0.949944731464042,0.020631257890985164]
2008-04-01T00:00:00.000Z,4,154.0,3.27157,-68.84153,[0.3184697340117503,0.9473901799558184,0.03207608831773025]
2008-04-01T00:00:00.000Z,4,118.0,3.77157,-68.84153,[0.32114310572490623,0.946163558802412,0.040516979647013264]
2008-04-01T00:00:00.000Z,4,168.0,4.27157,-68.84153,[0.33131457661738695,0.9424319228869135,0.04530697567170627]
2008-04-01T00:00:00.000Z,5,130.0,4.77157,-68.84153,[0.33855800170044204,0.9396469450703496,0.049417589020134704]
2008-04-01T00:00:00.000Z,5,118.0,5.27157,-68.84153,[0.3543933186042753,0.9335238636405301,0.05420859472727417]
2008-04-01T00:00:00.000Z,3,76.0,5.77157,-68.84153,[0.3801797735610388,0.9232937357910944,0.054699334767455594]
2008-04-01T00:00:00.000Z,2,140.0,1.77157,-68.34153,[0.3001686587890631,0.953869293485245,0.005669852443793415]
2008-04-01T00:00:00.000Z,2,115.0,2.27157,-68.34153,[0.3020810932129715,0.9532336719164878,0.009621842228265017]
2008-04-01T00:00:00.000Z,2,126.0,2.77157,-68.34153,[0.31515289899427373,0.9488842719718892,0.017242060778309903]
2008-04-01T00:00:00.000Z,4,132.0,3.27157,-68.34153,[0.31954965312910927,0.9471543675481512,0.028046804087590884]
2008-04-01T00:00:00.000Z,4,110.0,3.77157,-68.34153,[0.3303012158473489,0.9430508212178724,0.03944940316480704]
2008-04-01T00:00:00.000Z,4,121.0,4.27157,-68.34153,[0.34511842101269175,0.9374323892559275,0.045975983422106]
2008-04-01T00:00:00.000Z,5,109.0,4.77157,-68.34153,[0.35347305734671264,0.9340920312701787,0.05028791949881065]
2008-04-01T00:00:00.000Z,5,89.0,5.27157,-68.34153,[0.3714732905006153,0.9267814858564838,0.055530819535586855]
2008-04-01T00:00:00.000Z,3,65.0,5.77157,-68.34153,[0.3943379270661693,0.9170341726740111,0.059547673550260465]
2008-04-01T00:00:00.000Z,2,136.0,2.27157,-67.84153,[0.3117741892713813,0.950114773874465,0.008875323636192606]
2008-04-01T00:00:00.000Z,2,120.0,2.77157,-67.84153,[0.31895666344244517,0.9476582455347738,0.01450849804828451]
2008-04-01T00:00:00.000Z,4,103.0,3.27157,-67.84153,[0.33153157559228047,0.9430491814550733,0.027295709227208954]
2008-04-01T00:00:00.000Z,4,95.0,3.77157,-67.84153,[0.33938078100907176,0.9398237012558911,0.039396650103150986]
2008-04-01T00:00:00.000Z,4,110.0,4.27157,-67.84153,[0.3491499354883464,0.9359157992951507,0.04643209211529051]
2008-04-01T00:00:00.000Z,4,101.0,4.77157,-67.84153,[0.3685004173011078,0.9281682865809471,0.05206797705210191]
2008-04-01T00:00:00.000Z,3,80.0,5.77157,-67.84153,[0.4140951978614996,0.9079828258757134,0.06397151727760708]
2008-04-01T00:00:00.000Z,3,54.0,6.27157,-67.84153,[0.41724592907400976,0.9068144858541812,0.059944331810299394]
2008-04-01T00:00:00.000Z,4,114.0,2.27157,-67.34153,[0.32422446126764043,0.945945202408098,0.00813466390277234]
