2006-02-01T00:00:00.000Z,0,10.0,1.77157,-78.84153,[0.2886925719718765,0.9574218500161059,0.0]
2006-02-01T00:00:00.000Z,0,235.0,1.27157,-78.34153,[0.2980764148166389,0.9545404256579525,0.0017397456117702657]
2006-02-01T00:00:00.000Z,0,57.0,1.77157,-78.34153,[0.29464495892701986,0.9556052721957401,0.0017064379860638214]
2006-02-01T00:00:00.000Z,0,1772.0,1.27157,-77.84153,[0.26966996540469684,0.9629416790416642,0.004629527303084924]
2006-02-01T00:00:00.000Z,0,528.0,1.77157,-77.84153,[0.3009070436436322,0.9536438613936652,0.004282138698005535]
2006-02-01T00:00:00.000Z,0,116.0,2.27157,-77.84153,[0.2965396962056616,0.9550156756129102,0.003044323877396526]
2006-02-01T00:00:00.000Z,0,167.0,7.27157,-77.84153,[0.26758588615954215,0.9635294254716024,0.0029731765128838015]
2006-02-01T00:00:00.000Z,0,2201.0,0.77157,-77.34153,[0.1823366676636838,0.9832331699332822,0.002423462038567949]
2006-02-01T00:00:00.000Z,0,2447.0,1.27157,-77.34153,[0.23182774282735624,0.9727445490494597,0.004892846833542192]
2006-02-01T00:00:00.000Z,0,1706.0,1.77157,-77.34153,[0.2134574122535269,0.976934717456618,0.005872902347716085]
2006-02-01T00:00:00.000Z,0,2096.0,2.27157,-77.34153,[0.2839238186127636,0.958824698921792,0.006516284361604412]
2006-02-01T00:00:00.000Z,0,57.0,2.77157,-77.34153,[0.2996405973403601,0.9540281087733302,0.006773484767464077]
2006-02-01T00:00:00.000Z,0,74.0,3.27157,-77.34153,[0.28947627867753817,0.9571571973130859,0.007320089805638897]
2006-02-01T00:00:00.000Z,0,28.0,4.27157,-77.34153,[0.27383425363777025,0.9615795137357087,0.019484360354995192]
2006-02-01T00:00:00.000Z,0,14.0,5.27157,-77.34153,[0.26320797733528445,0.9644023517383742,0.025488519544325964]
2006-02-01T00:00:00.000Z,0,499.0,6.27157,-77.34153,[0.27910559177229954,0.960036354578649,0.020742866937163117]
2006-02-01T00:00:00.000Z,0,695.0,6.77157,-77.34153,[0.29555546475006694,0.9552172815116232,0.014384448474527974]
2006-02-01T00:00:00.000Z,0,345.0,7.27157,-77.34153,[0.29703848983619935,0.9548478657952921,0.0058042003761096415]
2006-02-01T00:00:00.000Z,0,279.0,0.27157,-76.84153,[0.282803183672714,0.959174131289955,0.002710197176863509]
2006-02-01T00:00:00.000Z,0,485.0,0.77157,-76.84153,[0.1983073596979354,0.9801398237943935,3.419092408585093E-4]
2006-02-01T00:00:00.000Z,0,3335.0,1.27157,-76.84153,[0.1621754184929787,0.986757475900941,0.0029694090709982022]
2006-02-01T00:00:00.000Z,0,2008.0,1.77157,-76.84153,[0.1649423427633665,0.9862878863197222,0.005498078092112216]
2006-02-01T00:00:00.000Z,0,1013.0,2.27157,-76.84153,[0.21280356352949126,0.977065823947234,0.007551094189756141]
2006-02-01T00:00:00.000Z,0,2856.0,2.77157,-76.84153,[0.2597915948916483,0.9656180741634783,0.009490103922982588]
2006-02-01T00:00:00.000Z,0,1911.0,3.27157,-76.84153,[0.270184915429342,0.962754982490581,0.010146682413503673]
2006-02-01T00:00:00.000Z,0,794.0,3.77157,-76.84153,[0.2857548636266046,0.9582542615590959,0.009639923110295096]
2006-02-01T00:00:00.000Z,0,70.0,4.27157,-76.84153,[0.29296967973418425,0.9560651762317846,0.01039930542567906]
2006-02-01T00:00:00.000Z,0,24.0,4.77157,-76.84153,[0.2855825012103246,0.958118391465173,0.0212551861587837]
2006-02-01T00:00:00.000Z,0,133.0,5.27157,-76.84153,[0.28396232757067985,0.9585088528343637,0.025023500130749565]
2006-02-01T00:00:00.000Z,0,76.0,5.77157,-76.84153,[0.2800993482263484,0.9595590952910451,0.028119348630535754]
2006-02-01T00:00:00.000Z,0,38.0,6.27157,-76.84153,[0.27991408819835933,0.9597054452515178,0.024770175265172275]
2006-02-01T00:00:00.000Z,0,20.0,6.77157,-76.84153,[0.3061409340286261,0.9517990693296007,0.018874854579208525]
2006-02-01T00:00:00.000Z,0,15.0,7.27157,-76.84153,[0.307496700541433,0.951499224316887,0.009747065224709573]
2006-02-01T00:00:00.000Z,0,8.0,7.77157,-76.84153,[0.3284736696781168,0.9445122003564898,0.0013235202807543168]
2006-02-01T00:00:00.000Z,0,294.0,0.77157,-76.34153,[0.26686190792401826,0.9637327417168695,0.001981070932187035]
2006-02-01T00:00:00.000Z,0,1412.0,1.27157,-76.34153,[0.1924353147108265,0.9813075697534545,0.0020256348916929106]
2006-02-01T00:00:00.000Z,0,2388.0,1.77157,-76.34153,[0.14369029496366192,0.9896089669271555,0.005214567155939344]
2006-02-01T00:00:00.000Z,0,3852.0,2.27157,-76.34153,[0.15000339371021054,0.9886587312718422,0.007272891816252632]
2006-02-01T00:00:00.000Z,0,2450.0,2.77157,-76.34153,[0.21777110754673926,0.9759371856724243,0.011061389589675646]
2006-02-01T00:00:00.000Z,0,990.0,3.27157,-76.34153,[0.23277003356486178,0.9724352163648795,0.013706255783514703]
2006-02-01T00:00:00.000Z,0,962.0,3.77157,-76.34153,[0.26003660646321997,0.9655062888125111,0.013362992276582138]
2006-02-01T00:00:00.000Z,0,1899.0,4.27157,-76.34153,[0.2166784398378558,0.9761698784447733,0.01195082116631473]
2006-02-01T00:00:00.000Z,0,1358.0,4.77157,-76.34153,[0.2496712962590923,0.9681823569866158,0.01694601558319631]
2006-02-01T00:00:00.000Z,0,407.0,5.27157,-76.34153,[0.23089725411032583,0.972668626010648,0.02453980478467231]
2006-02-01T00:00:00.000Z,0,480.0,5.77157,-76.34153,[0.22400615828340734,0.9740873852626954,0.031225100851626476]
2006-02-01T00:00:00.000Z,0,1095.0,6.27157,-76.34153,[0.22410727153094076,0.9741346224837375,0.028942496876106418]
2006-02-01T00:00:00.000Z,0,1485.0,6.77157,-76.34153,[0.25116627775533035,0.967662936173438,0.023322582934423536]
2006-02-01T00:00:00.000Z,0,827.0,7.27157,-76.34153,[0.29446262528829986,0.9555486773189493,0.014781325459136001]
2006-02-01T00:00:00.000Z,0,201.0,7.77157,-76.34153,[0.3183794932591154,0.9479569874481932,0.0034710546257572727]
2006-02-01T00:00:00.000Z,0,165.0,8.27157,-76.34153,[0.321212224364231,0.9469812244219551,0.007019081939810974]
2006-02-01T00:00:00.000Z,0,99.0,8.77157,-76.34153,[0.34461037886722873,0.9385933591692884,0.016917236780754866]
2006-02-01T00:00:00.000Z,0,267.0,0.27157,-75.84153,[0.31152420197194747,0.9502089558217703,0.007457336108980982]
2006-02-01T00:00:00.000Z,0,241.0,0.77157,-75.84153,[0.3022691985507713,0.9532190080282196,0.0026180796724869955]
2006-02-01T00:00:00.000Z,0,250.0,1.27157,-75.84153,[0.24198768278066107,0.970277535764766,0.0018614437136973928]
2006-02-01T00:00:00.000Z,0,1712.0,1.77157,-75.84153,[0.25178637457059966,0.967766586619698,0.005608511661051271]
2006-02-01T00:00:00.000Z,0,1262.0,2.27157,-75.84153,[0.21741980640844855,0.9760512814572824,0.007247326880281618]
2006-02-01T00:00:00.000Z,0,2705.0,2.77157,-75.84153,[0.17777585458079903,0.9839950167561425,0.012229167066704648]
2006-02-01T00:00:00.000Z,0,1867.0,3.27157,-75.84153,[0.15571410324677756,0.9876723120224177,0.016016307762525692]
2006-02-01T00:00:00.000Z,0,3782.0,3.77157,-75.84153,[0.17885995135492838,0.983729732452106,0.016879907909121365]
2006-02-01T00:00:00.000Z,0,2035.0,4.27157,-75.84153,[0.23697868662792965,0.9713779828115137,0.016306949228357535]
2006-02-01T00:00:00.000Z,0,1185.0,4.77157,-75.84153,[0.2416794555852111,0.9702204231464271,0.01622871706586683]
2006-02-01T00:00:00.000Z,0,1530.0,5.27157,-75.84153,[0.2620024081264836,0.964756530858267,0.02448620636696109]
2006-02-01T00:00:00.000Z,0,1704.0,5.77157,-75.84153,[0.24761940136130223,0.9681918593226918,0.03590481319738882]
2006-02-01T00:00:00.000Z,0,488.0,6.27157,-75.84153,[0.20041362771155094,0.9791637239621489,0.032753312871716324]
2006-02-01T00:00:00.000Z,0,896.0,6.77157,-75.84153,[0.21220609753126823,0.9768217187947269,0.02806958962053813]
2006-02-01T00:00:00.000Z,0,2421.0,7.27157,-75.84153,[0.2697066856685135,0.9627504475762129,0.019232248893661937]
2006-02-01T00:00:00.000Z,0,131.0,7.77157,-75.84153,[0.33446687492397764,0.9423665235084335,0.008788910581943938]
2006-02-01T00:00:00.000Z,0,43.0,8.27157,-75.84153,[0.33447835812722443,0.9423988776431287,0.002929737443450141]
2006-02-01T00:00:00.000Z,0,10.0,8.77157,-75.84153,[0.3408207566754832,0.940025480505665,0.013903518232609966]
2006-02-01T00:00:00.000Z,0,155.0,9.27157,-75.84153,[0.351023058456764,0.9360614892180373,0.023910266300678128]
2006-02-01T00:00:00.000Z,0,228.0,0.27157,-75.34153,[0.3173146745333796,0.9482967284905597,0.006686707700894972]
2006-02-01T00:00:00.000Z,0,189.0,0.77157,-75.34153,[0.3154995759902712,0.9489256477861233,3.640379722964667E-4]
2006-02-01T00:00:00.000Z,0,244.0,1.27157,-75.34153,[0.30635572064228456,0.9518909891385271,0.007051044363989089]
2006-02-01T00:00:00.000Z,0,1357.0,1.77157,-75.34153,[0.23420637216208726,0.9721329819391159,0.010239173054322408]
2006-02-01T00:00:00.000Z,0,2437.0,2.27157,-75.34153,[0.2682565800313106,0.9632849919306153,0.010974132819462707]
2006-02-01T00:00:00.000Z,0,485.0,2.77157,-75.34153,[0.31772084599316597,0.9480585886462743,0.015439446733001239]
2006-02-01T00:00:00.000Z,0,694.0,3.27157,-75.34153,[0.32299856140349986,0.946195785758488,0.019633245889232345]
2006-02-01T00:00:00.000Z,0,442.0,3.77157,-75.34153,[0.2599563835257556,0.965383478820647,0.021387320644618985]
2006-02-01T00:00:00.000Z,0,2270.0,4.27157,-75.34153,[0.12819512121537543,0.9915268667454701,0.020987696836145535]
2006-02-01T00:00:00.000Z,0,4229.0,4.77157,-75.34153,[0.16920878705474893,0.9853923481423613,0.019243352253285172]
2006-02-01T00:00:00.000Z,0,3209.0,5.27157,-75.34153,[0.1912785077373656,0.9812926994573727,0.021844231948705065]
2006-02-01T00:00:00.000Z,0,1992.0,5.77157,-75.34153,[0.21496559292925418,0.9760599895166135,0.033116321072885105]
2006-02-01T00:00:00.000Z,0,2185.0,6.27157,-75.34153,[0.2182362205660153,0.9752431106543809,0.03569071523840042]
2006-02-01T00:00:00.000Z,0,2092.0,6.77157,-75.34153,[0.2528383545523428,0.9669958121475567,0.03149390030388831]
2006-02-01T00:00:00.000Z,0,869.0,7.27157,-75.34153,[0.3276765958479432,0.9444795997970127,0.024214336678469325]
2006-02-01T00:00:00.000Z,0,83.0,7.77157,-75.34153,[0.35383319098708704,0.9352198828916646,0.012878027799176666]
2006-02-01T00:00:00.000Z,0,30.0,8.27157,-75.34153,[0.35469191579936254,0.9349829299870122,7.519969946276238E-4]
2006-02-01T00:00:00.000Z,0,74.0,8.77157,-75.34153,[0.3600732952738133,0.9328589286809112,0.011020036794856919]
2006-02-01T00:00:00.000Z,0,180.0,9.27157,-75.34153,[0.3451053365438821,0.9383338530116502,0.02078189070428487]
2006-02-01T00:00:00.000Z,0,136.0,9.77157,-75.34153,[0.34765955299222934,0.93716922980514,0.029097593022175714]
2006-02-01T00:00:00.000Z,0,79.0,10.27157,-75.34153,[0.32221162095202555,0.9460423908403455,0.03440154148510347]
2006-02-01T00:00:00.000Z,0,205.0,0.27157,-74.84153,[0.32064486972254386,0.9471923163068249,0.0036855732152016535]
2006-02-01T00:00:00.000Z,0,239.0,0.77157,-74.84153,[0.31659063885739996,0.9485542602689022,0.003896500170552615]
2006-02-01T00:00:00.000Z,0,226.0,1.27157,-74.84153,[0.3165818683934684,0.9485279826096612,0.008401595738134354]
2006-02-01T00:00:00.000Z,0,258.0,1.77157,-74.84153,[0.3103114984077523,0.9505589378103084,0.012019971084569061]
2006-02-01T00:00:00.000Z,0,576.0,2.27157,-74.84153,[0.22620588368454,0.9739745561754027,0.014299024771768849]
2006-02-01T00:00:00.000Z,0,1998.0,2.77157,-74.84153,[0.24818820088556925,0.9685393205290507,0.018281179674985833]
2006-02-01T00:00:00.000Z,0,2106.0,3.27157,-74.84153,[0.25197573867797507,0.9674917513390177,0.021631879452543145]
2006-02-01T00:00:00.000Z,0,361.0,3.77157,-74.84153,[0.33016956196108066,0.9435230174503189,0.027429471301382086]
2006-02-01T00:00:00.000Z,0,289.0,4.27157,-74.84153,[0.3053671740018495,0.9518097802557647,0.02844347467517227]
2006-02-01T00:00:00.000Z,0,277.0,4.77157,-74.84153,[0.3164795202387909,0.9482118959092456,0.027109292237508832]
2006-02-01T00:00:00.000Z,0,325.0,5.27157,-74.84153,[0.3218891676683034,0.9463782644929519,0.02748716487954051]
2006-02-01T00:00:00.000Z,0,379.0,5.77157,-74.84153,[0.2927615090721395,0.9555090197669435,0.03596125623248328]
2006-02-01T00:00:00.000Z,0,978.0,6.27157,-74.84153,[0.26671509108207725,0.9630758309783795,0.03671517362594286]
2006-02-01T00:00:00.000Z,0,1143.0,6.77157,-74.84153,[0.2839685857459135,0.9582525582740588,0.0333747939422488]
2006-02-01T00:00:00.000Z,0,322.0,7.27157,-74.84153,[0.32110511490402205,0.9466654498651909,0.02675875957533517]
2006-02-01T00:00:00.000Z,0,55.0,7.77157,-74.84153,[0.36190350431734464,0.9320602532243192,0.017015813887201466]
2006-02-01T00:00:00.000Z,0,27.0,8.27157,-74.84153,[0.3718315967788233,0.9282879100137985,0.004777003153061271]
2006-02-01T00:00:00.000Z,0,14.0,8.77157,-74.84153,[0.38087124435680064,0.9245977794040954,0.007486089975288839]
2006-02-01T00:00:00.000Z,0,48.0,9.27157,-74.84153,[0.3713310573776225,0.9283276434440563,0.017917372698640525]
2006-02-01T00:00:00.000Z,0,15.0,9.77157,-74.84153,[0.35714864158735826,0.9336885915783796,0.025893276515083472]
2006-02-01T00:00:00.000Z,0,5.0,10.27157,-74.84153,[0.3436772018428728,0.9385511948508999,0.03174327609748716]
2006-02-01T00:00:00.000Z,0,171.0,-0.72843,-74.34153,[0.33487525865336903,0.942149048599404,0.014619554202404543]
2006-02-01T00:00:00.000Z,0,219.0,-0.22843,-74.34153,[0.32625041401148497,0.9452578535237702,0.006946776876290175]
2006-02-01T00:00:00.000Z,0,201.0,0.27157,-74.34153,[0.3232515897556112,0.9463128600860832,6.168923468618534E-4]
2006-02-01T00:00:00.000Z,0,242.0,0.77157,-74.34153,[0.31840996311451686,0.9479101200765502,0.009027715429300478]
2006-02-01T00:00:00.000Z,0,251.0,1.27157,-74.34153,[0.3242998533330793,0.9458745722214814,0.012284085353525733]
2006-02-01T00:00:00.000Z,0,298.0,1.77157,-74.34153,[0.328442573054783,0.9444273232745082,0.013509524703008056]
2006-02-01T00:00:00.000Z,0,313.0,2.27157,-74.34153,[0.3312895119328602,0.9432899843584492,0.02124299160485516]
2006-02-01T00:00:00.000Z,0,364.0,2.77157,-74.34153,[0.2913791080250286,0.9563211750565042,0.023409945431070674]
2006-02-01T00:00:00.000Z,0,899.0,3.27157,-74.34153,[0.15571300487204567,0.9873620081659261,0.02949109940758441]
2006-02-01T00:00:00.000Z,0,3444.0,3.77157,-74.34153,[0.1467798018146536,0.9887087450235068,0.030177927253092783]
2006-02-01T00:00:00.000Z,0,2263.0,4.27157,-74.34153,[0.17121042339580053,0.984739690119637,0.031220724266293038]
2006-02-01T00:00:00.000Z,0,2655.0,4.77157,-74.34153,[0.2044302246431519,0.978422732917759,0.02995394735413028]
2006-02-01T00:00:00.000Z,0,1104.0,5.27157,-74.34153,[0.2837259254855893,0.9584400165793685,0.02987195719543399]
2006-02-01T00:00:00.000Z,0,744.0,5.77157,-74.34153,[0.3139052752049984,0.9486657579073569,0.038687956427479506]
2006-02-01T00:00:00.000Z,0,119.0,6.27157,-74.34153,[0.32791475283812377,0.9439260385268848,0.03841287104675164]
2006-02-01T00:00:00.000Z,0,97.0,6.77157,-74.34153,[0.2805119369379264,0.9593508243277085,0.030968517837947077]
2006-02-01T00:00:00.000Z,0,575.0,7.27157,-74.34153,[0.2750690589120042,0.961043749038237,0.027054117316859673]
2006-02-01T00:00:00.000Z,0,1234.0,7.77157,-74.34153,[0.33412428265102057,0.9423055611843388,0.02052298964598029]
2006-02-01T00:00:00.000Z,0,715.0,8.27157,-74.34153,[0.37498636019715076,0.9269767715363133,0.009964672508735475]
2006-02-01T00:00:00.000Z,0,14.0,8.77157,-74.34153,[0.394080592021319,0.9190715176935556,0.002834141243988938]
2006-02-01T00:00:00.000Z,0,37.0,9.27157,-74.34153,[0.381251146916124,0.9243668158562864,0.013912322554132243]
2006-02-01T00:00:00.000Z,0,95.0,9.77157,-74.34153,[0.36435548230428527,0.9309866060301665,0.02256151385087033]
2006-02-01T00:00:00.000Z,0,119.0,10.27157,-74.34153,[0.3315321540754991,0.9430247938147529,0.028118838253070107]
2006-02-01T00:00:00.000Z,0,5.0,10.77157,-74.34153,[0.31374103167647105,0.9489065488663878,0.03380719688268913]
2006-02-01T00:00:00.000Z,0,156.0,-1.22843,-73.84153,[0.33203992351540856,0.9430427567500824,0.020490196023627442]
2006-02-01T00:00:00.000Z,0,195.0,-0.72843,-73.84153,[0.3261580457069621,0.9452429400111204,0.011692458242325057]
2006-02-01T00:00:00.000Z,0,174.0,-0.22843,-73.84153,[0.3176918074165906,0.9481878559818241,0.0034212963875632834]
2006-02-01T00:00:00.000Z,0,241.0,0.27157,-73.84153,[0.3176902421724716,0.9481831843301459,0.004643165077905354]
2006-02-01T00:00:00.000Z,0,232.0,0.77157,-73.84153,[0.3228178262024214,0.9463594828975926,0.013870119528849282]
2006-02-01T00:00:00.000Z,0,267.0,1.27157,-73.84153,[0.3223885434309764,0.9464057619659345,0.01953869960187736]
2006-02-01T00:00:00.000Z,0,265.0,1.77157,-73.84153,[0.3095516487588999,0.95059167729111,0.02352105047656208]
2006-02-01T00:00:00.000Z,0,554.0,2.27157,-73.84153,[0.2954439621275226,0.9549827655491291,0.026847397388351638]
2006-02-01T00:00:00.000Z,0,995.0,2.77157,-73.84153,[0.34114157889538804,0.9391121791644903,0.04111858574518555]
2006-02-01T00:00:00.000Z,0,363.0,3.27157,-73.84153,[0.32085367559517675,0.9457420841132024,0.05123308690955242]
2006-02-01T00:00:00.000Z,0,545.0,3.77157,-73.84153,[0.23053357623894238,0.9714462998731904,0.0560923942185662]
2006-02-01T00:00:00.000Z,0,1499.0,4.27157,-73.84153,[0.16198535718553572,0.9851109499949987,0.05759479366596826]
2006-02-01T00:00:00.000Z,0,3610.0,4.77157,-73.84153,[0.14328400474766664,0.9880864967399092,0.05616732986108533]
2006-02-01T00:00:00.000Z,0,2585.0,5.27157,-73.84153,[0.16906671735743975,0.984248278119108,0.05168918747233827]
2006-02-01T00:00:00.000Z,0,2622.0,5.77157,-73.84153,[0.2608870633728804,0.9641478428997754,0.0485476796189534]
2006-02-01T00:00:00.000Z,0,616.0,6.27157,-73.84153,[0.3224491115658477,0.9460087905498032,0.03307474342899688]
2006-02-01T00:00:00.000Z,0,101.0,6.77157,-73.84153,[0.3457799692640984,0.9378523376882387,0.029482292116202072]
2006-02-01T00:00:00.000Z,0,89.0,7.27157,-73.84153,[0.3542469718552562,0.934714816965448,0.02858835211463471]
2006-02-01T00:00:00.000Z,0,59.0,7.77157,-73.84153,[0.3593839377771068,0.9328689448682348,0.024468693635888123]
2006-02-01T00:00:00.000Z,0,38.0,8.27157,-73.84153,[0.3795664728370966,0.9250273831029941,0.01592586599316489]
2006-02-01T00:00:00.000Z,0,29.0,8.77157,-73.84153,[0.40023770422853006,0.9164063296818759,0.003036286032078504]
2006-02-01T00:00:00.000Z,0,52.0,9.27157,-73.84153,[0.40625140925070896,0.91371424225938,0.00927771384447986]
2006-02-01T00:00:00.000Z,0,46.0,9.77157,-73.84153,[0.3343509569968781,0.9422617879002928,0.018765943040931498]
2006-02-01T00:00:00.000Z,0,931.0,10.27157,-73.84153,[0.15039393129772366,0.9883029770993269,0.025276290974407336]
2006-02-01T00:00:00.000Z,0,2665.0,10.77157,-73.84153,[0.29892503253132957,0.9538313278696782,0.02914829155388483]
2006-02-01T00:00:00.000Z,0,139.0,-1.72843,-73.34153,[0.32148859675527525,0.9464720255220604,0.028909982021649752]
2006-02-01T00:00:00.000Z,0,199.0,-1.22843,-73.34153,[0.3215986806360777,0.9466607779625896,0.020190593859483075]
2006-02-01T00:00:00.000Z,0,223.0,-0.72843,-73.34153,[0.32461844533256357,0.945786823807281,0.01049518281902273]
2006-02-01T00:00:00.000Z,0,171.0,-0.22843,-73.34153,[0.31988805843042833,0.947454707412261,0.0010988521091121585]
2006-02-01T00:00:00.000Z,0,209.0,0.27157,-73.34153,[0.31987786602083906,0.94742451920676,0.008057992044799763]
2006-02-01T00:00:00.000Z,0,237.0,0.77157,-73.34153,[0.31326517214804694,0.9495091651929174,0.01724172652907855]
2006-02-01T00:00:00.000Z,0,249.0,1.27157,-73.34153,[0.3164934886388921,0.9482631832680652,0.025076022561389143]
2006-02-01T00:00:00.000Z,0,294.0,1.77157,-73.34153,[0.3316662810139425,0.9428266190621064,0.03279396935868196]
2006-02-01T00:00:00.000Z,0,229.0,2.27157,-73.34153,[0.3519920626202839,0.9352197868159366,0.03828234841636664]
2006-02-01T00:00:00.000Z,0,267.0,2.77157,-73.34153,[0.361687754009511,0.9311815630499409,0.0456384184150183]
2006-02-01T00:00:00.000Z,0,234.0,3.27157,-73.34153,[0.37911780038455994,0.9232473052530471,0.06232260243731795]
2006-02-01T00:00:00.000Z,0,256.0,3.77157,-73.34153,[0.38198238585416927,0.9214127085299495,0.07133076094266028]
2006-02-01T00:00:00.000Z,0,300.0,4.27157,-73.34153,[0.27887387563194815,0.9577614099757857,0.07016012436713265]
2006-02-01T00:00:00.000Z,0,1229.0,4.77157,-73.34153,[0.18884821447488048,0.9796501125884425,0.06798535721095697]
2006-02-01T00:00:00.000Z,0,2684.0,5.27157,-73.34153,[0.15268290382191924,0.9859291386330133,0.0680563330989175]
2006-02-01T00:00:00.000Z,0,3515.0,5.77157,-73.34153,[0.23447111721732553,0.9701840615471988,0.06136922608800407]
2006-02-01T00:00:00.000Z,0,1301.0,6.27157,-73.34153,[0.24100041112953258,0.9698797033261677,0.035385914024385026]
2006-02-01T00:00:00.000Z,0,1945.0,6.77157,-73.34153,[0.29870101087616857,0.9539161315077642,0.028665661527632308]
2006-02-01T00:00:00.000Z,0,351.0,7.27157,-73.34153,[0.2400302298977581,0.9704571495866297,0.024462410989580134]
2006-02-01T00:00:00.000Z,0,325.0,7.77157,-73.34153,[0.25332104271018,0.9670043649609757,0.027037149750798063]
2006-02-01T00:00:00.000Z,0,1339.0,8.27157,-73.34153,[0.28590406200289425,0.9580294007465404,0.020941218576527778]
2006-02-01T00:00:00.000Z,0,1230.0,8.77157,-73.34153,[0.31346960182840994,0.9495516688718918,0.009404088054852298]
2006-02-01T00:00:00.000Z,0,809.0,9.27157,-73.34153,[0.3511202427921998,0.9363206474458661,0.004268520598650271]
2006-02-01T00:00:00.000Z,0,74.0,9.77157,-73.34153,[0.34115485339004575,0.9398884715886401,0.014934087959644574]
2006-02-01T00:00:00.000Z,0,99.0,10.27157,-73.34153,[0.26081952220984966,0.9651582319456272,0.021041961453644877]
2006-02-01T00:00:00.000Z,0,1426.0,10.77157,-73.34153,[0.321903787145809,0.9463971342086784,0.026653633575672984]
2006-02-01T00:00:00.000Z,0,146.0,-2.22843,-72.84153,[0.31109680190226613,0.9496639215963912,0.03684041075158414]
2006-02-01T00:00:00.000Z,0,165.0,-1.72843,-72.84153,[0.31574345625348665,0.948412928521709,0.02861794622222613]
2006-02-01T00:00:00.000Z,0,168.0,-1.22843,-72.84153,[0.3201181381670657,0.947166026786449,0.020022370439662908]
2006-02-01T00:00:00.000Z,0,178.0,-0.72843,-72.84153,[0.31693339364397566,0.9483991703740181,0.009604042231635627]
2006-02-01T00:00:00.000Z,0,191.0,-0.22843,-72.84153,[0.32205508885402434,0.9467204310086226,9.722417776725263E-4]
2006-02-01T00:00:00.000Z,0,247.0,0.27157,-72.84153,[0.31151379160451287,0.9501772021913714,0.011065354759696984]
2006-02-01T00:00:00.000Z,0,264.0,0.77157,-72.84153,[0.31216447139297365,0.9498027521065283,0.020689970778371508]
2006-02-01T00:00:00.000Z,0,246.0,1.27157,-72.84153,[0.3175514046197776,0.9477688076344132,0.029923113127632895]
2006-02-01T00:00:00.000Z,0,259.0,1.77157,-72.84153,[0.3305430092704268,0.9429830755035571,0.03904149505722399]
2006-02-01T00:00:00.000Z,0,271.0,2.27157,-72.84153,[0.35340712491486914,0.9342799265931268,0.04716378721591162]
2006-02-01T00:00:00.000Z,0,193.0,2.77157,-72.84153,[0.36869556966415623,0.9277285633787614,0.05816605196506725]
2006-02-01T00:00:00.000Z,0,182.0,3.27157,-72.84153,[0.37964445897366333,0.9225768572908378,0.06871700780706093]
2006-02-01T00:00:00.000Z,0,203.0,3.77157,-72.84153,[0.3810435185438345,0.9213087930506284,0.0774334864469435]
2006-02-01T00:00:00.000Z,0,165.0,4.27157,-72.84153,[0.3710657555286503,0.924994851012067,0.08182133386297216]
2006-02-01T00:00:00.000Z,0,293.0,4.77157,-72.84153,[0.257698182000883,0.9629774169506682,0.07915896308352484]
2006-02-01T00:00:00.000Z,0,1653.0,5.27157,-72.84153,[0.16671238526191076,0.9825926949527771,0.0819669227537728]
2006-02-01T00:00:00.000Z,0,2686.0,5.77157,-72.84153,[0.16823587413606803,0.9829214063697833,0.07458015522724905]
2006-02-01T00:00:00.000Z,0,2685.0,6.27157,-72.84153,[0.18534168974069848,0.9818100321399162,0.04120095670587148]
2006-02-01T00:00:00.000Z,0,1547.0,6.77157,-72.84153,[0.14812934793111693,0.9884029056642669,0.03342741922339364]
2006-02-01T00:00:00.000Z,0,3795.0,7.27157,-72.84153,[0.21723080418170704,0.9757580384555365,0.02659000007470075]
2006-02-01T00:00:00.000Z,0,1328.0,7.77157,-72.84153,[0.3057351646887042,0.9515853519427542,0.03180136853589333]
2006-02-01T00:00:00.000Z,0,973.0,8.27157,-72.84153,[0.36268921988394764,0.9315111618602109,0.02726692336537592]
2006-02-01T00:00:00.000Z,0,83.0,8.77157,-72.84153,[0.3773792051652238,0.9259268355303885,0.015634281356844984]
2006-02-01T00:00:00.000Z,0,223.0,10.77157,-72.84153,[0.3242109283892684,0.9457219966453758,0.022297510490012926]
2006-02-01T00:00:00.000Z,0,51.0,11.27157,-72.84153,[0.3521634444277754,0.9355984045991645,0.02522961989930331]
2006-02-01T00:00:00.000Z,0,149.0,-2.22843,-72.34153,[0.30527777936612516,0.9515450783261108,0.036978931010009874]
2006-02-01T00:00:00.000Z,0,147.0,-1.72843,-72.34153,[0.31292689020738174,0.949328768044866,0.029183069536194033]
2006-02-01T00:00:00.000Z,0,145.0,-1.22843,-72.34153,[0.3147536869967744,0.9489764720314735,0.019333185268715733]
2006-02-01T00:00:00.000Z,0,205.0,-0.72843,-72.34153,[0.3144361602195688,0.9492412383986985,0.008424515990788448]
2006-02-01T00:00:00.000Z,0,176.0,-0.22843,-72.34153,[0.3158673885058803,0.9487986328983451,0.0029911684517602306]
2006-02-01T00:00:00.000Z,0,150.0,0.27157,-72.34153,[0.31800207702683664,0.9479834644701532,0.01421372920044194]
2006-02-01T00:00:00.000Z,0,218.0,0.77157,-72.34153,[0.3219591977430146,0.9464385473275789,0.024420301413715446]
2006-02-01T00:00:00.000Z,0,234.0,1.27157,-72.34153,[0.3271298713971492,0.9443560438446006,0.03431777518807829]
2006-02-01T00:00:00.000Z,0,237.0,1.77157,-72.34153,[0.33537566345068437,0.9410541004287861,0.044049340871134664]
2006-02-01T00:00:00.000Z,0,203.0,2.27157,-72.34153,[0.35740622431062036,0.9323640634190096,0.05438790369944222]
2006-02-01T00:00:00.000Z,0,188.0,2.77157,-72.34153,[0.3642675199733284,0.9291461379029827,0.06321889205334214]
2006-02-01T00:00:00.000Z,0,220.0,3.27157,-72.34153,[0.37877978221788255,0.9225993266878426,0.07305038657059164]
2006-02-01T00:00:00.000Z,0,180.0,3.77157,-72.34153,[0.38631723996193595,0.918697888672731,0.08217773090356376]
2006-02-01T00:00:00.000Z,0,190.0,4.27157,-72.34153,[0.38762924213847877,0.9175699193277976,0.08836862443156927]
2006-02-01T00:00:00.000Z,0,177.0,4.77157,-72.34153,[0.37603905957797845,0.9220317154776768,0.09193552808899332]
2006-02-01T00:00:00.000Z,0,257.0,5.27157,-72.34153,[0.28783974947173097,0.9534691701251089,0.0896929219336019]
2006-02-01T00:00:00.000Z,0,1342.0,5.77157,-72.34153,[0.20022652520010475,0.9761043103505106,0.08443763332451786]
2006-02-01T00:00:00.000Z,0,3317.0,6.27157,-72.34153,[0.19233222103731182,0.9802311127349892,0.046425018871075266]
2006-02-01T00:00:00.000Z,0,3467.0,6.77157,-72.34153,[0.23979787445044376,0.9702590920071802,0.03307980934726634]
2006-02-01T00:00:00.000Z,0,2203.0,7.27157,-72.34153,[0.24216967002134232,0.9698599955488879,0.026933992568227337]
2006-02-01T00:00:00.000Z,0,97.0,11.27157,-72.34153,[0.3352217107262638,0.9419347689228477,0.019628951882830654]
2006-02-01T00:00:00.000Z,0,19.0,11.77157,-72.34153,[0.3483065575225835,0.937141794390951,0.021161266324956962]
2006-02-01T00:00:00.000Z,0,109.0,-2.22843,-71.84153,[0.3042625818247941,0.9518252088028465,0.038118934779559105]
2006-02-01T00:00:00.000Z,0,140.0,-1.72843,-71.84153,[0.3070592849736504,0.9511911684898043,0.030821364318783708]
2006-02-01T00:00:00.000Z,0,153.0,-1.22843,-71.84153,[0.31092144755466816,0.9502318397176376,0.019680046680426562]
2006-02-01T00:00:00.000Z,0,136.0,-0.72843,-71.84153,[0.31480803498455073,0.9491227323414813,0.00787020087461377]
2006-02-01T00:00:00.000Z,0,192.0,-0.22843,-71.84153,[0.30669037966223384,0.951797729986243,0.004700235703635768]
2006-02-01T00:00:00.000Z,0,216.0,0.27157,-71.84153,[0.31226010980151286,0.9498406381795068,0.01721586156700356]
2006-02-01T00:00:00.000Z,0,215.0,0.77157,-71.84153,[0.31790466159968306,0.9476930631778432,0.028539168484517003]
2006-02-01T00:00:00.000Z,0,232.0,1.27157,-71.84153,[0.3120017989039516,0.9493077989907054,0.03833510474905141]
2006-02-01T00:00:00.000Z,0,233.0,1.77157,-71.84153,[0.33791062875687866,0.9398921562830217,0.04918476929683456]
2006-02-01T00:00:00.000Z,0,159.0,2.27157,-71.84153,[0.35246755442548966,0.9339103814339617,0.05981657401746449]
2006-02-01T00:00:00.000Z,0,186.0,2.77157,-71.84153,[0.36776209714372987,0.9273425543084698,0.06918689813171609]
2006-02-01T00:00:00.000Z,0,222.0,3.27157,-71.84153,[0.3802557575745661,0.9215450922002828,0.07848695352072894]
2006-02-01T00:00:00.000Z,0,206.0,3.77157,-71.84153,[0.3847145069033805,0.9189646878681456,0.0865947494337291]
2006-02-01T00:00:00.000Z,0,189.0,4.27157,-71.84153,[0.3899081262351025,0.9161477651398212,0.09297809164067829]
2006-02-01T00:00:00.000Z,0,149.0,4.77157,-71.84153,[0.3918518328475445,0.9147760557764976,0.09816775882138833]
2006-02-01T00:00:00.000Z,0,172.0,5.27157,-71.84153,[0.39026765011478476,0.9152051231565022,0.10045269444855903]
2006-02-01T00:00:00.000Z,0,213.0,5.77157,-71.84153,[0.3686944307350126,0.9251373169734634,0.09047298761578723]
2006-02-01T00:00:00.000Z,0,412.0,6.27157,-71.84153,[0.3460496111829968,0.9362117387819061,0.061296384616523085]
2006-02-01T00:00:00.000Z,0,325.0,6.77157,-71.84153,[0.36652184831436924,0.9297796887386574,0.034226672599944774]
2006-02-01T00:00:00.000Z,0,174.0,11.77157,-71.84153,[0.31507373131962574,0.9489572461089123,0.014446068313469005]
2006-02-01T00:00:00.000Z,0,107.0,-2.22843,-71.34153,[0.2989829312892861,0.9535743490362837,0.0361271041974554]
2006-02-01T00:00:00.000Z,0,121.0,-1.72843,-71.34153,[0.30540881601769976,0.9518192048070419,0.02767049799258107]
2006-02-01T00:00:00.000Z,0,140.0,-1.22843,-71.34153,[0.30548574302980613,0.9520589510214634,0.01619304126586566]
2006-02-01T00:00:00.000Z,0,186.0,-0.72843,-71.34153,[0.31168353118363246,0.950169570809805,0.0055823916032889396]
2006-02-01T00:00:00.000Z,0,201.0,-0.22843,-71.34153,[0.3050654054319458,0.9523144405309031,0.005683728085994428]
2006-02-01T00:00:00.000Z,0,185.0,0.27157,-71.34153,[0.3140528678041952,0.9492425026863646,0.017591683196550783]
2006-02-01T00:00:00.000Z,0,228.0,0.77157,-71.34153,[0.30791455297536074,0.9509822539969794,0.028659739161552806]
2006-02-01T00:00:00.000Z,0,342.0,1.27157,-71.34153,[0.319966884994115,0.9465687014409235,0.04035945935721224]
2006-02-01T00:00:00.000Z,0,222.0,1.77157,-71.34153,[0.3354691444575144,0.9405560827938461,0.0530538239567995]
2006-02-01T00:00:00.000Z,0,164.0,2.27157,-71.34153,[0.35024229733375856,0.9344055450765602,0.06493543322830268]
2006-02-01T00:00:00.000Z,0,189.0,2.77157,-71.34153,[0.3698954526337385,0.9260596867723239,0.07477172363953428]
2006-02-01T00:00:00.000Z,0,209.0,3.27157,-71.34153,[0.3808095451066251,0.9209649282365898,0.08250873477310211]
2006-02-01T00:00:00.000Z,0,171.0,3.77157,-71.34153,[0.3884997505643789,0.9170241462084986,0.09019234491900953]
2006-02-01T00:00:00.000Z,0,165.0,4.27157,-71.34153,[0.39306191396801765,0.9143861367045463,0.09695527211211102]
2006-02-01T00:00:00.000Z,0,131.0,4.77157,-71.34153,[0.4024053980608802,0.9096038685334479,0.10339583144619839]
2006-02-01T00:00:00.000Z,0,146.0,5.27157,-71.34153,[0.40065357569335275,0.9101955796239233,0.10497961286459974]
2006-02-01T00:00:00.000Z,0,151.0,5.77157,-71.34153,[0.4003396173258405,0.9112625555214061,0.09658543215203845]
2006-02-01T00:00:00.000Z,0,157.0,6.27157,-71.34153,[0.39890251392378956,0.9143856921281233,0.06910564677834664]
2006-02-01T00:00:00.000Z,0,154.0,6.77157,-71.34153,[0.3872855072357107,0.9211862422106546,0.03776033695548179]
2006-02-01T00:00:00.000Z,0,97.0,-2.22843,-70.84153,[0.29612326408677864,0.9545488550676083,0.03387470672507847]
2006-02-01T00:00:00.000Z,0,137.0,-1.72843,-70.84153,[0.29814056423660257,0.9542756696209439,0.02168295012629837]
2006-02-01T00:00:00.000Z,0,114.0,-1.22843,-70.84153,[0.2984514978803237,0.9543639152751034,0.01078056741392804]
2006-02-01T00:00:00.000Z,0,155.0,-0.72843,-70.84153,[0.3011291033810351,0.9535754940399445,0.0038781778465739373]
2006-02-01T00:00:00.000Z,0,183.0,-0.22843,-70.84153,[0.3037714753900917,0.9527378091780149,0.003682078489576869]
2006-02-01T00:00:00.000Z,0,193.0,0.27157,-70.84153,[0.3085030618932573,0.9511207606294009,0.01396994997252486]
2006-02-01T00:00:00.000Z,0,250.0,0.77157,-70.84153,[0.3140021689211567,0.9490892624534208,0.0251437826993257]
2006-02-01T00:00:00.000Z,0,316.0,1.27157,-70.84153,[0.32103469378078664,0.9462708015186483,0.03883678130756333]
2006-02-01T00:00:00.000Z,0,186.0,1.77157,-70.84153,[0.33686091309438454,0.939990562642051,0.05424451468211045]
2006-02-01T00:00:00.000Z,0,191.0,2.27157,-70.84153,[0.3515844147839203,0.9337368696978751,0.06725962717605431]
2006-02-01T00:00:00.000Z,0,160.0,2.77157,-70.84153,[0.3661982875110852,0.9272663780191408,0.07794792119878813]
2006-02-01T00:00:00.000Z,0,240.0,3.27157,-70.84153,[0.3860599951238644,0.9184164094525615,0.08642325504878087]
2006-02-01T00:00:00.000Z,0,186.0,3.77157,-70.84153,[0.39303685426344126,0.9147794389723052,0.09327705625829558]
2006-02-01T00:00:00.000Z,0,176.0,4.27157,-70.84153,[0.4012018900973828,0.9104196736825224,0.10086159404895742]
2006-02-01T00:00:00.000Z,0,146.0,4.77157,-70.84153,[0.40816113325949255,0.9067108911854472,0.10620663398309287]
2006-02-01T00:00:00.000Z,0,123.0,5.27157,-70.84153,[0.40978062552005495,0.9057564860632938,0.10809730293891105]
2006-02-01T00:00:00.000Z,0,120.0,5.77157,-70.84153,[0.41113736012210056,0.905919907303525,0.10136662499562135]
2006-02-01T00:00:00.000Z,0,126.0,6.27157,-70.84153,[0.40865390707916693,0.9095387306866181,0.07577124527092886]
2006-02-01T00:00:00.000Z,0,122.0,6.77157,-70.84153,[0.40286617780867673,0.9141963265658434,0.04408989987906147]
2006-02-01T00:00:00.000Z,0,97.0,-3.72843,-70.34153,[0.2870424596212105,0.9564430047683846,0.05313572248713248]
2006-02-01T00:00:00.000Z,0,132.0,-2.22843,-70.34153,[0.29170154769290735,0.9560712323623046,0.028948328497280917]
2006-02-01T00:00:00.000Z,0,129.0,-1.72843,-70.34153,[0.2953145303661576,0.955297761108707,0.013982695566579434]
2006-02-01T00:00:00.000Z,0,144.0,-1.22843,-70.34153,[0.29391721156551537,0.9557918482970195,0.008638024920055222]
2006-02-01T00:00:00.000Z,0,134.0,-0.72843,-70.34153,[0.2965383484532944,0.9550113351328531,0.004284584502366991]
2006-02-01T00:00:00.000Z,0,170.0,-0.22843,-70.34153,[0.2965410232413317,0.9550199493741748,5.637662038808588E-4]
2006-02-01T00:00:00.000Z,0,177.0,0.27157,-70.34153,[0.30552014135689454,0.9521661548303217,0.006087431387938124]
2006-02-01T00:00:00.000Z,0,190.0,0.77157,-70.34153,[0.3126922292589722,0.9497443082716546,0.014467849413474834]
2006-02-01T00:00:00.000Z,0,195.0,1.27157,-70.34153,[0.31927292096049853,0.947136769243412,0.03157122564144707]
2006-02-01T00:00:00.000Z,0,216.0,1.77157,-70.34153,[0.33153943022467086,0.9422058072193771,0.04826824057682708]
2006-02-01T00:00:00.000Z,0,168.0,2.27157,-70.34153,[0.3451873647617002,0.9363991785899212,0.0632634297599625]
2006-02-01T00:00:00.000Z,0,193.0,2.77157,-70.34153,[0.3666653699976754,0.9270652794622076,0.07814393169099394]
2006-02-01T00:00:00.000Z,0,177.0,3.27157,-70.34153,[0.3818860253366756,0.9199981519474458,0.08812754430846359]
2006-02-01T00:00:00.000Z,0,174.0,3.77157,-70.34153,[0.38966027528440317,0.9160434541773689,0.09502241800795094]
2006-02-01T00:00:00.000Z,0,118.0,4.27157,-70.34153,[0.4024228043563131,0.9096432140137494,0.10298111347590375]
2006-02-01T00:00:00.000Z,0,116.0,4.77157,-70.34153,[0.40655589919509444,0.9073652421482211,0.10677367733186044]
2006-02-01T00:00:00.000Z,0,124.0,5.27157,-70.34153,[0.4131829443766853,0.9041914433448694,0.10824827138635762]
2006-02-01T00:00:00.000Z,0,105.0,5.77157,-70.34153,[0.4117207377338822,0.9055026534353423,0.10271795724907164]
2006-02-01T00:00:00.000Z,0,104.0,6.27157,-70.34153,[0.4117629041142137,0.9075881312136822,0.08206762379577408]
2006-02-01T00:00:00.000Z,0,109.0,6.77157,-70.34153,[0.41037544209347504,0.9105205121448976,0.05044198142398964]
2006-02-01T00:00:00.000Z,0,140.0,-3.72843,-69.84153,[0.2912551773159474,0.9550971663681446,0.05440426897033735]
2006-02-01T00:00:00.000Z,0,128.0,-3.22843,-69.84153,[0.288123786566264,0.9563956869671044,0.047874560733633977]
2006-02-01T00:00:00.000Z,0,61.0,-2.72843,-69.84153,[0.2888430616855736,0.9565867175974699,0.0388784957553966]
2006-02-01T00:00:00.000Z,0,111.0,-2.22843,-69.84153,[0.28916173485268293,0.9568825347987638,0.02759176859281326]
2006-02-01T00:00:00.000Z,0,145.0,-1.72843,-69.84153,[0.29016705332839016,0.9568867712814089,0.01306859247814887]
2006-02-01T00:00:00.000Z,0,68.0,-1.22843,-69.84153,[0.2927490645241939,0.956165195537196,0.00678999731405925]
2006-02-01T00:00:00.000Z,0,122.0,-0.72843,-69.84153,[0.29275476850949533,0.9561838256640931,0.002671526404649387]
2006-02-01T00:00:00.000Z,0,188.0,0.77157,-69.84153,[0.3130809392127037,0.9496788489452013,0.009508384079793222]
2006-02-01T00:00:00.000Z,0,195.0,1.77157,-69.84153,[0.32648647839314704,0.9446502150566425,0.03228855245873403]
2006-02-01T00:00:00.000Z,0,182.0,2.27157,-69.84153,[0.34552726921975435,0.9371494999701252,0.04859754038306617]
2006-02-01T00:00:00.000Z,0,180.0,2.77157,-69.84153,[0.35710750603967256,0.9315295442244839,0.06875272625176614]
2006-02-01T00:00:00.000Z,0,198.0,3.27157,-69.84153,[0.3709214222438465,0.9246914329177581,0.08580823042753773]
2006-02-01T00:00:00.000Z,0,149.0,3.77157,-69.84153,[0.3856163655175422,0.9176863332699697,0.09566510531306274]
2006-02-01T00:00:00.000Z,0,188.0,4.27157,-69.84153,[0.39026723698850696,0.9151562734956975,0.10089835883117497]
2006-02-01T00:00:00.000Z,0,143.0,4.77157,-69.84153,[0.4003951432421921,0.9102408619727345,0.10557131458496555]
2006-02-01T00:00:00.000Z,0,100.0,5.27157,-69.84153,[0.40716702979763064,0.9069996594802392,0.10754825683620174]
2006-02-01T00:00:00.000Z,0,112.0,5.77157,-69.84153,[0.4061494145498493,0.9081952186461909,0.10111428133063957]
2006-02-01T00:00:00.000Z,0,98.0,6.27157,-69.84153,[0.40761141071066637,0.9097209685411066,0.0791245679614823]
2006-02-01T00:00:00.000Z,0,169.0,0.77157,-69.34153,[0.3103504532260675,0.9505919437702142,0.007586344412192762]
2006-02-01T00:00:00.000Z,0,182.0,1.77157,-69.34153,[0.32903441754654766,0.9440296561608224,0.023331531426027927]
2006-02-01T00:00:00.000Z,0,167.0,2.27157,-69.34153,[0.3401564977693796,0.9397129147010199,0.035116875848853216]
2006-02-01T00:00:00.000Z,0,128.0,2.77157,-69.34153,[0.35340661272054275,0.93364512935037,0.058399816144600325]
2006-02-01T00:00:00.000Z,0,182.0,3.27157,-69.34153,[0.3659170861808504,0.9269899516581543,0.08242763836073892]
2006-02-01T00:00:00.000Z,0,123.0,3.77157,-69.34153,[0.3762783419083256,0.9216852765210902,0.09439735406759388]
2006-02-01T00:00:00.000Z,0,172.0,4.27157,-69.34153,[0.3884049171882046,0.9160998736439033,0.0995120184382193]
2006-02-01T00:00:00.000Z,0,142.0,4.77157,-69.34153,[0.40083380650289113,0.9101123757240301,0.10501296642969579]
2006-02-01T00:00:00.000Z,0,117.0,5.27157,-69.34153,[0.40793160663218003,0.9066699065215235,0.10743130325347482]
2006-02-01T00:00:00.000Z,0,83.0,5.77157,-69.34153,[0.4109302449283459,0.9062982114173108,0.09879213422592424]
2006-02-01T00:00:00.000Z,0,139.0,1.77157,-68.84153,[0.3268450596204575,0.9448793541755044,0.01937299807932166]
2006-02-01T00:00:00.000Z,0,178.0,2.27157,-68.84153,[0.33525091147098873,0.9416072531567842,0.03134656536858703]
2006-02-01T00:00:00.000Z,0,155.0,2.77157,-68.84153,[0.3481959573926507,0.9359309776724442,0.0528467623276789]
2006-02-01T00:00:00.000Z,0,154.0,3.27157,-68.84153,[0.36222656710782064,0.9289155170430522,0.07686271058141561]
2006-02-01T00:00:00.000Z,0,118.0,3.77157,-68.84153,[0.3724727351471967,0.9234755054166705,0.09196223391910098]
2006-02-01T00:00:00.000Z,0,168.0,4.27157,-68.84153,[0.39214328491300976,0.9145578983733923,0.09903279568142112]
2006-02-01T00:00:00.000Z,0,130.0,4.77157,-68.84153,[0.41240374646249583,0.9048055440782516,0.10606638161527068]
2006-02-01T00:00:00.000Z,0,118.0,5.27157,-68.84153,[0.41676666933616596,0.9025251183935215,0.10841565384758371]
2006-02-01T00:00:00.000Z,0,76.0,5.77157,-68.84153,[0.4271758575291463,0.8987894720495796,0.09847980339681996]
2006-02-01T00:00:00.000Z,0,140.0,1.77157,-68.34153,[0.32502661269714206,0.9455319642098678,0.018083298815513724]
2006-02-01T00:00:00.000Z,0,115.0,2.27157,-68.34153,[0.3315650123508984,0.943038169186432,0.027270020943352874]
2006-02-01T00:00:00.000Z,0,126.0,2.77157,-68.34153,[0.34251709527627305,0.9385699763798229,0.04205281063000505]
2006-02-01T00:00:00.000Z,0,132.0,3.27157,-68.34153,[0.3536840976991498,0.9332296191921428,0.06316673885223413]
2006-02-01T00:00:00.000Z,0,110.0,3.77157,-68.34153,[0.3715574354436827,0.9244246847464821,0.08593063713182078]
2006-02-01T00:00:00.000Z,0,121.0,4.27157,-68.34153,[0.3950518477176413,0.9133916881793788,0.09823269099287658]
2006-02-01T00:00:00.000Z,0,109.0,4.77157,-68.34153,[0.41849520992102557,0.901905518410659,0.10690273679170753]
2006-02-01T00:00:00.000Z,0,89.0,5.27157,-68.34153,[0.42957926657171186,0.8962650478639037,0.11032052261127351]
2006-02-01T00:00:00.000Z,0,65.0,5.77157,-68.34153,[0.445359120822735,0.8892435425698979,0.10440869455049549]
2006-02-01T00:00:00.000Z,0,136.0,2.27157,-67.84153,[0.3341085431315356,0.942234164802604,0.02379621997843311]
2006-02-01T00:00:00.000Z,0,120.0,2.77157,-67.84153,[0.34330755528113954,0.938617464970775,0.033722054188963]
2006-02-01T00:00:00.000Z,0,103.0,3.27157,-67.84153,[0.35719650373476586,0.932195753649267,0.058495594688271764]
2006-02-01T00:00:00.000Z,0,95.0,3.77157,-67.84153,[0.37539730657835346,0.9230659798741705,0.08382159037297482]
2006-02-01T00:00:00.000Z,0,110.0,4.27157,-67.84153,[0.39621479148280114,0.9129002965921297,0.09811670343138285]
2006-02-01T00:00:00.000Z,0,101.0,4.77157,-67.84153,[0.4193067425390702,0.9015094964590009,0.1070629882616426]
2006-02-01T00:00:00.000Z,0,80.0,5.77157,-67.84153,[0.45424181049903833,0.8842573911047946,0.10841237877243715]
2006-02-01T00:00:00.000Z,0,54.0,6.27157,-67.84153,[0.4290805011990154,0.899305707992457,0.08449359184569653]
2006-02-01T00:00:00.000Z,0,114.0,2.27157,-67.34153,[0.3422583255502601,0.9393898722549693,0.020147121291256447]
