2008-07-01T00:00:00.000Z,8,10.0,1.77157,-78.84153,[0.2765830749715808,0.9608782524909102,0.014655597199689343]
2008-07-01T00:00:00.000Z,2,235.0,1.27157,-78.34153,[0.2864900312173865,0.9580226643909403,0.01077202517377373]
2008-07-01T00:00:00.000Z,8,57.0,1.77157,-78.34153,[0.2799716862705338,0.9599029243561161,0.014220784064535053]
2008-07-01T00:00:00.000Z,8,1772.0,1.27157,-77.84153,[0.2728185114204392,0.9619817946172878,0.012691991618255216]
2008-07-01T00:00:00.000Z,2,528.0,1.77157,-77.84153,[0.2912175429280814,0.9565287674831447,0.015654381754236786]
2008-07-01T00:00:00.000Z,8,116.0,2.27157,-77.84153,[0.2803315813890735,0.9597234139320046,0.018578838139118987]
2008-07-01T00:00:00.000Z,6,167.0,7.27157,-77.84153,[0.2481896209778494,0.9627689047099074,0.10713518638877166]
2008-07-01T00:00:00.000Z,11,2201.0,0.77157,-77.34153,[0.18042678646098467,0.9835028752187008,0.012971860464515239]
2008-07-01T00:00:00.000Z,8,2447.0,1.27157,-77.34153,[0.2501486011388622,0.9680750864073969,0.016009510472887182]
2008-07-01T00:00:00.000Z,1,1706.0,1.77157,-77.34153,[0.22343428027222775,0.9745537756554614,0.01794605123463106]
2008-07-01T00:00:00.000Z,8,2096.0,2.27157,-77.34153,[0.28007942847327366,0.9597700917138542,0.019921967715672183]
2008-07-01T00:00:00.000Z,8,57.0,2.77157,-77.34153,[0.28244916842302326,0.9589874927880513,0.023779317341543062]
2008-07-01T00:00:00.000Z,8,74.0,3.27157,-77.34153,[0.26579191574055816,0.9636280610514261,0.027849909896321433]
2008-07-01T00:00:00.000Z,6,28.0,4.27157,-77.34153,[0.25033135175732274,0.9664186448320546,0.05804495885368997]
2008-07-01T00:00:00.000Z,6,14.0,5.27157,-77.34153,[0.2427498821161855,0.966045449237881,0.08847985499173618]
2008-07-01T00:00:00.000Z,9,499.0,6.27157,-77.34153,[0.2587453172307789,0.9604626175606514,0.10277364000406539]
2008-07-01T00:00:00.000Z,9,695.0,6.77157,-77.34153,[0.273269569643238,0.955911840892105,0.10750020813591969]
2008-07-01T00:00:00.000Z,9,345.0,7.27157,-77.34153,[0.2740028577871747,0.9552784458261031,0.11120038158444483]
2008-07-01T00:00:00.000Z,8,279.0,0.27157,-76.84153,[0.2605653995539071,0.9653546300653563,0.014003955394527166]
2008-07-01T00:00:00.000Z,1,485.0,0.77157,-76.84153,[0.1923289636614087,0.9812232158055103,0.014511047557687123]
2008-07-01T00:00:00.000Z,11,3335.0,1.27157,-76.84153,[0.15629729964429703,0.9875673821969286,0.016787487739572643]
2008-07-01T00:00:00.000Z,11,2008.0,1.77157,-76.84153,[0.16455701148765667,0.9861749979224815,0.019490085757757916]
2008-07-01T00:00:00.000Z,1,1013.0,2.27157,-76.84153,[0.2051543312793012,0.9785170070568916,0.020400177885638377]
2008-07-01T00:00:00.000Z,8,2856.0,2.77157,-76.84153,[0.24382276309756665,0.9695132617955375,0.024382276309756663]
2008-07-01T00:00:00.000Z,8,1911.0,3.27157,-76.84153,[0.2448035089373059,0.969153617573718,0.02850451816393288]
2008-07-01T00:00:00.000Z,8,794.0,3.77157,-76.84153,[0.2575868053016574,0.9656810776162552,0.033303063949042734]
2008-07-01T00:00:00.000Z,8,70.0,4.27157,-76.84153,[0.2647639931127019,0.9634467527156653,0.040870314809857554]
2008-07-01T00:00:00.000Z,9,24.0,4.77157,-76.84153,[0.26507946630212387,0.961562769919469,0.07162343226751504]
2008-07-01T00:00:00.000Z,9,133.0,5.27157,-76.84153,[0.27144437470470173,0.958537948175978,0.08673496035486172]
2008-07-01T00:00:00.000Z,9,76.0,5.77157,-76.84153,[0.2657531861902707,0.9588374957744967,0.10002949928201789]
2008-07-01T00:00:00.000Z,9,38.0,6.27157,-76.84153,[0.2616516721880021,0.9593894646893412,0.1054052061537846]
2008-07-01T00:00:00.000Z,7,20.0,6.77157,-76.84153,[0.2833594612443496,0.9525237274136982,0.11138206515066355]
2008-07-01T00:00:00.000Z,7,15.0,7.27157,-76.84153,[0.2839549062156093,0.9519561032132495,0.11466991231848742]
2008-07-01T00:00:00.000Z,7,8.0,7.77157,-76.84153,[0.29803285224263215,0.9470821749043643,0.11921314089705286]
2008-07-01T00:00:00.000Z,8,294.0,0.77157,-76.34153,[0.24813015561544366,0.9685080267570544,0.020582224889760307]
2008-07-01T00:00:00.000Z,11,1412.0,1.27157,-76.34153,[0.1810171244640703,0.9833028983233449,0.01866040727499984]
2008-07-01T00:00:00.000Z,11,2388.0,1.77157,-76.34153,[0.1273665729850485,0.9916397468121634,0.020697068110070382]
2008-07-01T00:00:00.000Z,11,3852.0,2.27157,-76.34153,[0.13553667178127726,0.990547176268168,0.021121131352582374]
2008-07-01T00:00:00.000Z,1,2450.0,2.77157,-76.34153,[0.20083112877312295,0.9793338189610714,0.023919213089832622]
2008-07-01T00:00:00.000Z,1,990.0,3.27157,-76.34153,[0.2094447133436472,0.9774086622703535,0.028376380517526393]
2008-07-01T00:00:00.000Z,1,962.0,3.77157,-76.34153,[0.22766666116562204,0.9731633751785413,0.033480391347885594]
2008-07-01T00:00:00.000Z,1,1899.0,4.27157,-76.34153,[0.19537217035575516,0.9800120158167718,0.037498852052153]
2008-07-01T00:00:00.000Z,6,1358.0,4.77157,-76.34153,[0.22897246670271248,0.9717892483532963,0.05654437440639754]
2008-07-01T00:00:00.000Z,6,407.0,5.27157,-76.34153,[0.21794901234893352,0.9726381297362854,0.08045679958353665]
2008-07-01T00:00:00.000Z,6,480.0,5.77157,-76.34153,[0.2131771426776936,0.9719994070278257,0.09885675787385272]
2008-07-01T00:00:00.000Z,6,1095.0,6.27157,-76.34153,[0.20845184175672038,0.9724170968548039,0.10465571849022973]
2008-07-01T00:00:00.000Z,6,1485.0,6.77157,-76.34153,[0.2309156826164301,0.9668935203619472,0.10860417949539865]
2008-07-01T00:00:00.000Z,9,827.0,7.27157,-76.34153,[0.26637230605087325,0.9570069544005164,0.11481935289047722]
2008-07-01T00:00:00.000Z,7,201.0,7.77157,-76.34153,[0.2871844952629987,0.950339532034427,0.11991596863271778]
2008-07-01T00:00:00.000Z,7,165.0,8.27157,-76.34153,[0.2930361603318984,0.9482518446695141,0.12226302719465725]
2008-07-01T00:00:00.000Z,7,99.0,8.77157,-76.34153,[0.31289855957921836,0.9409796098294744,0.12904210668777985]
2008-07-01T00:00:00.000Z,0,267.0,0.27157,-75.84153,[0.2759196724883916,0.9605668266297118,0.03434684719772509]
2008-07-01T00:00:00.000Z,8,241.0,0.77157,-75.84153,[0.2662628506532169,0.9635104849908781,0.027416047757937163]
2008-07-01T00:00:00.000Z,1,250.0,1.27157,-75.84153,[0.21758944364349836,0.9757877111847607,0.02220758239248076]
2008-07-01T00:00:00.000Z,1,1712.0,1.77157,-75.84153,[0.231714010204147,0.9724966791901319,0.023639510131938227]
2008-07-01T00:00:00.000Z,1,1262.0,2.27157,-75.84153,[0.20744471197294587,0.9779536421581734,0.02394504675344861]
2008-07-01T00:00:00.000Z,11,2705.0,2.77157,-75.84153,[0.16846099021660443,0.9853814085272615,0.02538453277236505]
2008-07-01T00:00:00.000Z,11,1867.0,3.27157,-75.84153,[0.14595692852848743,0.9888864770069614,0.028286226459009193]
2008-07-01T00:00:00.000Z,11,3782.0,3.77157,-75.84153,[0.16379158248405332,0.9860036323046654,0.03113124779663795]
2008-07-01T00:00:00.000Z,1,2035.0,4.27157,-75.84153,[0.21834610446194117,0.9752038447989289,0.03608933021935711]
2008-07-01T00:00:00.000Z,1,1185.0,4.77157,-75.84153,[0.22723554363994247,0.9728878551820653,0.04304914570465242]
2008-07-01T00:00:00.000Z,6,1530.0,5.27157,-75.84153,[0.25050498541050237,0.9657148712926613,0.06813251535561006]
2008-07-01T00:00:00.000Z,6,1704.0,5.77157,-75.84153,[0.24632044039848872,0.9640256829808873,0.09990356948141751]
2008-07-01T00:00:00.000Z,6,488.0,6.27157,-75.84153,[0.19482335167734005,0.9752429049281877,0.1046190137041901]
2008-07-01T00:00:00.000Z,6,896.0,6.77157,-75.84153,[0.19496631803034864,0.9748315901517433,0.108127266107642]
2008-07-01T00:00:00.000Z,6,2421.0,7.27157,-75.84153,[0.24173620730476827,0.9638189299866838,0.11232397908385353]
2008-07-01T00:00:00.000Z,7,131.0,7.77157,-75.84153,[0.2962145600265631,0.9472234251595694,0.1225753533841263]
2008-07-01T00:00:00.000Z,7,43.0,8.27157,-75.84153,[0.2980678290698847,0.9462822528835746,0.1253214552706467]
2008-07-01T00:00:00.000Z,7,10.0,8.77157,-75.84153,[0.30656456362902,0.9431895151068025,0.12810818443621458]
2008-07-01T00:00:00.000Z,7,155.0,9.27157,-75.84153,[0.32353918794851505,0.9368670730163834,0.132674343259463]
2008-07-01T00:00:00.000Z,0,228.0,0.27157,-75.34153,[0.27487540286865275,0.9603530672838407,0.04653492297527399]
2008-07-01T00:00:00.000Z,0,189.0,0.77157,-75.34153,[0.2661399588991419,0.9628004395468955,0.046742228075563566]
2008-07-01T00:00:00.000Z,0,244.0,1.27157,-75.34153,[0.2618977130615703,0.964054512735263,0.04481611727820836]
2008-07-01T00:00:00.000Z,1,1357.0,1.77157,-75.34153,[0.20923818650149437,0.9771988818231954,0.03607944945620362]
2008-07-01T00:00:00.000Z,8,2437.0,2.27157,-75.34153,[0.26660340055268816,0.963293418978109,0.03143908025385474]
2008-07-01T00:00:00.000Z,4,485.0,2.77157,-75.34153,[0.3348518177215252,0.9416853159597179,0.033211833349522706]
2008-07-01T00:00:00.000Z,4,694.0,3.27157,-75.34153,[0.35060670394394805,0.9358714380866014,0.0349226362589838]
2008-07-01T00:00:00.000Z,8,442.0,3.77157,-75.34153,[0.2566146390164639,0.9659362355431048,0.03340832092855851]
2008-07-01T00:00:00.000Z,11,2270.0,4.27157,-75.34153,[0.12439766414336172,0.9916606245390628,0.033681254348249826]
2008-07-01T00:00:00.000Z,11,4229.0,4.77157,-75.34153,[0.16703639953424299,0.985289032387798,0.036115978277674154]
2008-07-01T00:00:00.000Z,1,3209.0,5.27157,-75.34153,[0.19453393326052473,0.9797010132879437,0.04839910508228717]
2008-07-01T00:00:00.000Z,6,1992.0,5.77157,-75.34153,[0.21900805972259252,0.9729702325380748,0.07324203964493257]
2008-07-01T00:00:00.000Z,6,2185.0,6.27157,-75.34153,[0.21825788025224258,0.971304702693226,0.09450223401497622]
2008-07-01T00:00:00.000Z,6,2092.0,6.77157,-75.34153,[0.23503621106976438,0.9664941952958472,0.10318405858174856]
2008-07-01T00:00:00.000Z,7,869.0,7.27157,-75.34153,[0.29590898697074725,0.9477987101469046,0.11880857070855565]
2008-07-01T00:00:00.000Z,7,83.0,7.77157,-75.34153,[0.3093358319599957,0.9426306442999141,0.12553410489722006]
2008-07-01T00:00:00.000Z,7,30.0,8.27157,-75.34153,[0.3091986324549496,0.9422125599899919,0.1289639387003008]
2008-07-01T00:00:00.000Z,7,74.0,8.77157,-75.34153,[0.31445282889170345,0.9399280921781099,0.13287061351714885]
2008-07-01T00:00:00.000Z,7,180.0,9.27157,-75.34153,[0.30409223264704877,0.9438121887341736,0.12940813900424408]
2008-07-01T00:00:00.000Z,7,136.0,9.77157,-75.34153,[0.3116196473835167,0.9416332823110614,0.12735759501761115]
2008-07-01T00:00:00.000Z,7,79.0,10.27157,-75.34153,[0.3090768198514002,0.9429082692568077,0.12407866536063455]
2008-07-01T00:00:00.000Z,0,205.0,0.27157,-74.84153,[0.2726831869281316,0.9606142145310527,0.053518318430293046]
2008-07-01T00:00:00.000Z,0,239.0,0.77157,-74.84153,[0.268968646688601,0.9615629119117486,0.05525064284061679]
2008-07-01T00:00:00.000Z,0,226.0,1.27157,-74.84153,[0.2681513295783982,0.9619928948625035,0.05161913094384166]
2008-07-01T00:00:00.000Z,0,258.0,1.77157,-74.84153,[0.27203037856667883,0.9613276937483481,0.04299463186668271]
2008-07-01T00:00:00.000Z,1,576.0,2.27157,-74.84153,[0.20427204250193343,0.9782361146481479,0.03642851424617813]
2008-07-01T00:00:00.000Z,1,1998.0,2.77157,-74.84153,[0.23580449729649872,0.9711741924737242,0.03488447975468821]
2008-07-01T00:00:00.000Z,8,2106.0,3.27157,-74.84153,[0.24901707193416303,0.9678545308180031,0.03532853040248224]
2008-07-01T00:00:00.000Z,4,361.0,3.77157,-74.84153,[0.339657055574103,0.939673799662207,0.04057381947908545]
2008-07-01T00:00:00.000Z,0,289.0,4.27157,-74.84153,[0.3125245186306743,0.9490540484131498,0.04030928485195636]
2008-07-01T00:00:00.000Z,4,277.0,4.77157,-74.84153,[0.3239537207760602,0.945182620617211,0.041034137964967625]
2008-07-01T00:00:00.000Z,4,325.0,5.27157,-74.84153,[0.3304672317655043,0.9427668951498915,0.044519547826522655]
2008-07-01T00:00:00.000Z,0,379.0,5.77157,-74.84153,[0.29485788538845364,0.9538828802208142,0.056269692072139166]
2008-07-01T00:00:00.000Z,9,978.0,6.27157,-74.84153,[0.2592187073068561,0.9629699211867462,0.07412551970647119]
2008-07-01T00:00:00.000Z,9,1143.0,6.77157,-74.84153,[0.2690254166035146,0.9584711198829668,0.09464902308844297]
2008-07-01T00:00:00.000Z,7,322.0,7.27157,-74.84153,[0.29602092821083675,0.9481572587805749,0.1156262197034058]
2008-07-01T00:00:00.000Z,7,55.0,7.77157,-74.84153,[0.31804182403968473,0.939253012721515,0.1290471861571095]
2008-07-01T00:00:00.000Z,10,27.0,8.27157,-74.84153,[0.32582935939985747,0.935744815073612,0.13496988410727193]
2008-07-01T00:00:00.000Z,10,14.0,8.77157,-74.84153,[0.33504283347913044,0.9319853466496939,0.13838212805317607]
2008-07-01T00:00:00.000Z,10,48.0,9.27157,-74.84153,[0.3269291217223952,0.935412860728846,0.13461102983374065]
2008-07-01T00:00:00.000Z,7,15.0,9.77157,-74.84153,[0.3187030151361418,0.9389128395557559,0.12988867487383043]
2008-07-01T00:00:00.000Z,7,5.0,10.27157,-74.84153,[0.3232670993229562,0.9375896297089299,0.12815642300561325]
2008-07-01T00:00:00.000Z,0,171.0,-0.72843,-74.34153,[0.28911256323042545,0.9563843591662474,0.04174785413047344]
2008-07-01T00:00:00.000Z,0,219.0,-0.22843,-74.34153,[0.27738034586282917,0.9594631635583108,0.04990572616138607]
2008-07-01T00:00:00.000Z,0,201.0,0.27157,-74.34153,[0.2721988974125158,0.9605696627697872,0.05668935714706941]
2008-07-01T00:00:00.000Z,0,242.0,0.77157,-74.34153,[0.26760602982004206,0.9616050698097776,0.06084983582630002]
2008-07-01T00:00:00.000Z,0,251.0,1.27157,-74.34153,[0.270897244418167,0.9609605954257611,0.056297575486079963]
2008-07-01T00:00:00.000Z,0,298.0,1.77157,-74.34153,[0.27988286183564864,0.9591107826319178,0.0420962027964187]
2008-07-01T00:00:00.000Z,0,313.0,2.27157,-74.34153,[0.2841525744679027,0.9576994176510795,0.04548779895803051]
2008-07-01T00:00:00.000Z,8,364.0,2.77157,-74.34153,[0.25469021461738456,0.9661871903145735,0.04018964854512857]
2008-07-01T00:00:00.000Z,11,899.0,3.27157,-74.34153,[0.13649589558747427,0.9895952430091886,0.04549863186249143]
2008-07-01T00:00:00.000Z,11,3444.0,3.77157,-74.34153,[0.13318403962556546,0.9901943815639866,0.04215564384670072]
2008-07-01T00:00:00.000Z,11,2263.0,4.27157,-74.34153,[0.16170247012622851,0.9859358942418656,0.04222231164407078]
2008-07-01T00:00:00.000Z,1,2655.0,4.77157,-74.34153,[0.20088901739313653,0.9787759347432263,0.040512618507615866]
2008-07-01T00:00:00.000Z,0,1104.0,5.27157,-74.34153,[0.2816133297687667,0.9586587100878433,0.04083393281647117]
2008-07-01T00:00:00.000Z,0,744.0,5.77157,-74.34153,[0.3061764933017197,0.9508802037257181,0.04563762824686011]
2008-07-01T00:00:00.000Z,5,119.0,6.27157,-74.34153,[0.3139805397245293,0.9476711910663712,0.057754084679256475]
2008-07-01T00:00:00.000Z,9,97.0,6.77157,-74.34153,[0.27030540652278695,0.9597483462367781,0.07627646491756376]
2008-07-01T00:00:00.000Z,9,575.0,7.27157,-74.34153,[0.2625073742707357,0.9589112349393819,0.10760632862668176]
2008-07-01T00:00:00.000Z,7,1234.0,7.77157,-74.34153,[0.3014780132562652,0.9445546879207701,0.1301055304356886]
2008-07-01T00:00:00.000Z,10,715.0,8.27157,-74.34153,[0.3315028296841635,0.933162769680332,0.13897164888538951]
2008-07-01T00:00:00.000Z,10,14.0,8.77157,-74.34153,[0.34496805745256065,0.9279280151685604,0.1412325670755257]
2008-07-01T00:00:00.000Z,10,37.0,9.27157,-74.34153,[0.33824930318533314,0.9307853165667322,0.13865822499370395]
2008-07-01T00:00:00.000Z,10,95.0,9.77157,-74.34153,[0.3281840696040899,0.935148155323482,0.13339094441972688]
2008-07-01T00:00:00.000Z,7,119.0,10.27157,-74.34153,[0.31122581803263927,0.9416576032782418,0.12813839540977529]
2008-07-01T00:00:00.000Z,7,5.0,10.77157,-74.34153,[0.3046008959005571,0.9434331250460835,0.1309665330623018]
2008-07-01T00:00:00.000Z,2,156.0,-1.22843,-73.84153,[0.2938051617914254,0.9554451324398322,0.02833947426728316]
2008-07-01T00:00:00.000Z,0,195.0,-0.72843,-73.84153,[0.284610530471321,0.9578458816665342,0.039091084908109155]
2008-07-01T00:00:00.000Z,0,174.0,-0.22843,-73.84153,[0.2739484124638022,0.9605104832064175,0.048701939993564834]
2008-07-01T00:00:00.000Z,0,241.0,0.27157,-73.84153,[0.2717653914261224,0.9606850668108606,0.056813505697312826]
2008-07-01T00:00:00.000Z,9,232.0,0.77157,-73.84153,[0.26630909710670303,0.9617940118647045,0.06349601199610233]
2008-07-01T00:00:00.000Z,9,267.0,1.27157,-73.84153,[0.2686228576736174,0.9610973555289672,0.06429333970548876]
2008-07-01T00:00:00.000Z,6,265.0,1.77157,-73.84153,[0.25337593717007206,0.9656559322189872,0.057526124790973444]
2008-07-01T00:00:00.000Z,6,554.0,2.27157,-73.84153,[0.23915629580299644,0.9696700720739674,0.050440236932995604]
2008-07-01T00:00:00.000Z,9,995.0,2.77157,-73.84153,[0.26428710129968364,0.9623618920743755,0.06333969347604232]
2008-07-01T00:00:00.000Z,6,363.0,3.27157,-73.84153,[0.2499780893005622,0.9654709315652825,0.07332690619483158]
2008-07-01T00:00:00.000Z,6,545.0,3.77157,-73.84153,[0.18772682713745875,0.9792533906819485,0.07629833032779756]
2008-07-01T00:00:00.000Z,11,1499.0,4.27157,-73.84153,[0.13412270733717713,0.9880372773838715,0.07611463641384801]
2008-07-01T00:00:00.000Z,11,3610.0,4.77157,-73.84153,[0.12593508397223052,0.9894899454960969,0.07106336881290151]
2008-07-01T00:00:00.000Z,11,2585.0,5.27157,-73.84153,[0.1542746134120153,0.9862935629857805,0.05851795681145408]
2008-07-01T00:00:00.000Z,6,2622.0,5.77157,-73.84153,[0.24096373834644724,0.9693314019845719,0.04830227664126511]
2008-07-01T00:00:00.000Z,0,616.0,6.27157,-73.84153,[0.30687632065961234,0.9506243918177466,0.04626218217462577]
2008-07-01T00:00:00.000Z,5,101.0,6.77157,-73.84153,[0.3387081000367163,0.9380532841442392,0.0730264272419587]
2008-07-01T00:00:00.000Z,10,89.0,7.27157,-73.84153,[0.3457743832274724,0.931770969539294,0.11064780263279116]
2008-07-01T00:00:00.000Z,10,59.0,7.77157,-73.84153,[0.3271803697668244,0.9358062189029601,0.1312239547559414]
2008-07-01T00:00:00.000Z,10,38.0,8.27157,-73.84153,[0.338779358864273,0.9301468616167495,0.1416169546065141]
2008-07-01T00:00:00.000Z,10,29.0,8.77157,-73.84153,[0.35392470782269225,0.9241367370925853,0.14390480307651826]
2008-07-01T00:00:00.000Z,10,52.0,9.27157,-73.84153,[0.3602508557090458,0.9218919467276623,0.1425992970514973]
2008-07-01T00:00:00.000Z,7,46.0,9.77157,-73.84153,[0.30065852915465757,0.9445886073441604,0.1317452531295803]
2008-07-01T00:00:00.000Z,6,931.0,10.27157,-73.84153,[0.15591330707213713,0.9798639225482486,0.12473064565770972]
2008-07-01T00:00:00.000Z,7,2665.0,10.77157,-73.84153,[0.2999352437512151,0.9454989910438695,0.1267695053667245]
2008-07-01T00:00:00.000Z,2,139.0,-1.72843,-73.34153,[0.2953443359600286,0.9552543366207176,0.016151643372814065]
2008-07-01T00:00:00.000Z,2,199.0,-1.22843,-73.34153,[0.2892458687382815,0.9569122218732871,0.025609120394219392]
2008-07-01T00:00:00.000Z,0,223.0,-0.72843,-73.34153,[0.2832107376678779,0.9583851362680988,0.03591112153628692]
2008-07-01T00:00:00.000Z,0,171.0,-0.22843,-73.34153,[0.27428511855295085,0.9605576804833952,0.04578882183190077]
2008-07-01T00:00:00.000Z,0,209.0,0.27157,-73.34153,[0.2704981338771028,0.9611552543911809,0.05487564601195324]
2008-07-01T00:00:00.000Z,9,237.0,0.77157,-73.34153,[0.2599273164628985,0.9635799263017911,0.06286108322826583]
2008-07-01T00:00:00.000Z,9,249.0,1.27157,-73.34153,[0.2579564346530954,0.9638288541640763,0.06702550038475827]
2008-07-01T00:00:00.000Z,9,294.0,1.77157,-73.34153,[0.26570312490825493,0.9615404069425784,0.06958372820343234]
2008-07-01T00:00:00.000Z,9,229.0,2.27157,-73.34153,[0.2704856805506842,0.9603884285139679,0.06701912408786184]
2008-07-01T00:00:00.000Z,9,267.0,2.77157,-73.34153,[0.2713214793910976,0.9600606193838838,0.06832468023532902]
2008-07-01T00:00:00.000Z,9,234.0,3.27157,-73.34153,[0.2703141246950624,0.9592854912958921,0.08186342394220386]
2008-07-01T00:00:00.000Z,9,256.0,3.77157,-73.34153,[0.2690752429721627,0.9594076286302522,0.0844719820150314]
2008-07-01T00:00:00.000Z,6,300.0,4.27157,-73.34153,[0.21232134249235513,0.9738616678603431,0.0807037755902064]
2008-07-01T00:00:00.000Z,11,1229.0,4.77157,-73.34153,[0.1441251815684018,0.9867840898624881,0.07406140717091596]
2008-07-01T00:00:00.000Z,11,2684.0,5.27157,-73.34153,[0.13068493936830725,0.9886599760906722,0.07397903959023307]
2008-07-01T00:00:00.000Z,6,3515.0,5.77157,-73.34153,[0.2056209925008701,0.9766997143791332,0.061462796671455745]
2008-07-01T00:00:00.000Z,1,1301.0,6.27157,-73.34153,[0.21823004601828214,0.9748347233303973,0.045529212646453786]
2008-07-01T00:00:00.000Z,0,1945.0,6.77157,-73.34153,[0.293127735833594,0.9544525057020682,0.05564660676190585]
2008-07-01T00:00:00.000Z,6,351.0,7.27157,-73.34153,[0.24566318948221677,0.9653525333174433,0.0880004758567753]
2008-07-01T00:00:00.000Z,9,325.0,7.77157,-73.34153,[0.25234349777221954,0.9584314070315756,0.1331615453032745]
2008-07-01T00:00:00.000Z,7,1339.0,8.27157,-73.34153,[0.2721043517158869,0.9523652310056043,0.13769418487691865]
2008-07-01T00:00:00.000Z,7,1230.0,8.77157,-73.34153,[0.2923158265046525,0.9461487772170997,0.13911847089976523]
2008-07-01T00:00:00.000Z,7,809.0,9.27157,-73.34153,[0.31290330101667857,0.9399274256220852,0.13648428032673024]
2008-07-01T00:00:00.000Z,7,74.0,9.77157,-73.34153,[0.30866734221911046,0.9418624039255071,0.1327391574444238]
2008-07-01T00:00:00.000Z,9,99.0,10.27157,-73.34153,[0.2536945826479871,0.9594267852869333,0.12304187258427376]
2008-07-01T00:00:00.000Z,10,1426.0,10.77157,-73.34153,[0.33538570608147056,0.9328691306192013,0.13142151001266514]
2008-07-01T00:00:00.000Z,2,146.0,-2.22843,-72.84153,[0.29057292768695137,0.9568475704691406,0.003178141396576031]
2008-07-01T00:00:00.000Z,2,165.0,-1.72843,-72.84153,[0.2915016534701073,0.9564898004487895,0.012411593839156913]
2008-07-01T00:00:00.000Z,2,168.0,-1.22843,-72.84153,[0.29072742574889715,0.9565502360914695,0.022118086507955312]
2008-07-01T00:00:00.000Z,0,178.0,-0.72843,-72.84153,[0.2805040264427345,0.959323770434152,0.031865257403894634]
2008-07-01T00:00:00.000Z,0,191.0,-0.22843,-72.84153,[0.2762411416001845,0.9601607421748348,0.04221588413970562]
2008-07-01T00:00:00.000Z,0,247.0,0.27157,-72.84153,[0.26563610855408537,0.962656476041045,0.05224908581477051]
2008-07-01T00:00:00.000Z,9,264.0,0.77157,-72.84153,[0.258856067285597,0.9639410036995036,0.061735547427945736]
2008-07-01T00:00:00.000Z,6,246.0,1.27157,-72.84153,[0.25374088783082466,0.9648550566676316,0.06833945760485656]
2008-07-01T00:00:00.000Z,6,259.0,1.77157,-72.84153,[0.25590437686897255,0.9639064862064634,0.0734658815261342]
2008-07-01T00:00:00.000Z,9,271.0,2.27157,-72.84153,[0.26819212476193605,0.9603008338249968,0.07678080991168329]
2008-07-01T00:00:00.000Z,9,193.0,2.77157,-72.84153,[0.2684785384201826,0.9597836009110171,0.08206530222965096]
2008-07-01T00:00:00.000Z,9,182.0,3.27157,-72.84153,[0.26765321023041305,0.9596346805822126,0.0863888816759951]
2008-07-01T00:00:00.000Z,9,203.0,3.77157,-72.84153,[0.2693116751498227,0.9590123066310758,0.08812841402260459]
2008-07-01T00:00:00.000Z,9,165.0,4.27157,-72.84153,[0.269021900496678,0.9592174320988109,0.08677058839790394]
2008-07-01T00:00:00.000Z,6,293.0,4.77157,-72.84153,[0.19587952453919763,0.9772568628649586,0.08124183558756885]
2008-07-01T00:00:00.000Z,11,1653.0,5.27157,-72.84153,[0.13922645699377453,0.9864848961353769,0.08639180151921394]
2008-07-01T00:00:00.000Z,11,2686.0,5.77157,-72.84153,[0.13882598753939732,0.9874752852802348,0.07496603327127455]
2008-07-01T00:00:00.000Z,11,2685.0,6.27157,-72.84153,[0.16009068495424075,0.985882203746979,0.04906376387806227]
2008-07-01T00:00:00.000Z,11,1547.0,6.77157,-72.84153,[0.13571845265409038,0.9889853910997141,0.059062659951317105]
2008-07-01T00:00:00.000Z,6,3795.0,7.27157,-72.84153,[0.216486873724662,0.9724164491894653,0.08683134716606661]
2008-07-01T00:00:00.000Z,7,1328.0,7.77157,-72.84153,[0.3016844105742731,0.9442484504194768,0.13183846288875714]
2008-07-01T00:00:00.000Z,10,973.0,8.27157,-72.84153,[0.3464267958359452,0.9274901803409172,0.1405362604384118]
2008-07-01T00:00:00.000Z,10,83.0,8.77157,-72.84153,[0.35887410168957745,0.9222813452511868,0.14354964067583098]
2008-07-01T00:00:00.000Z,10,223.0,10.77157,-72.84153,[0.35680560627444086,0.9246252807757016,0.13325858126808868]
2008-07-01T00:00:00.000Z,10,51.0,11.27157,-72.84153,[0.3648886675182681,0.9216910978835146,0.13168819384828845]
2008-07-01T00:00:00.000Z,2,149.0,-2.22843,-72.34153,[0.2891017605629988,0.9572980476230037,7.87436701922565E-4]
2008-07-01T00:00:00.000Z,2,147.0,-1.72843,-72.34153,[0.28868408416333097,0.9573937009947969,0.007668170985588479]
2008-07-01T00:00:00.000Z,2,145.0,-1.22843,-72.34153,[0.2895854674220443,0.9569894743712868,0.017646614421030823]
2008-07-01T00:00:00.000Z,8,205.0,-0.72843,-72.34153,[0.27916988037083934,0.959855007012089,0.02724964967763173]
2008-07-01T00:00:00.000Z,0,176.0,-0.22843,-72.34153,[0.275836955712916,0.9604443397714788,0.03821837338191006]
2008-07-01T00:00:00.000Z,0,150.0,0.27157,-72.34153,[0.27075925890133984,0.9613597977994942,0.049767086453930486]
2008-07-01T00:00:00.000Z,0,218.0,0.77157,-72.34153,[0.268167215929248,0.9614775790634015,0.06039212911577374]
2008-07-01T00:00:00.000Z,9,234.0,1.27157,-72.34153,[0.2613948394553647,0.9627505403808699,0.06916744105753066]
2008-07-01T00:00:00.000Z,9,237.0,1.77157,-72.34153,[0.2611809285720058,0.9623018638780052,0.07589232719571809]
2008-07-01T00:00:00.000Z,9,203.0,2.27157,-72.34153,[0.2696556948514577,0.9594977736481587,0.08154648121411553]
2008-07-01T00:00:00.000Z,9,188.0,2.77157,-72.34153,[0.2664623033841985,0.9601273279835493,0.0845775084425958]
2008-07-01T00:00:00.000Z,9,220.0,3.27157,-72.34153,[0.2683369899718533,0.9592775795350059,0.08821442747252829]
2008-07-01T00:00:00.000Z,9,180.0,3.77157,-72.34153,[0.27072537245411177,0.9584551492528635,0.08984152481037662]
2008-07-01T00:00:00.000Z,9,190.0,4.27157,-72.34153,[0.28093600792707496,0.9554053920377114,0.09096975494781476]
2008-07-01T00:00:00.000Z,9,177.0,4.77157,-72.34153,[0.28347507100118846,0.9547440391320028,0.09003168254997747]
2008-07-01T00:00:00.000Z,6,257.0,5.27157,-72.34153,[0.22143554134377202,0.9714232542367487,0.08545854057890297]
2008-07-01T00:00:00.000Z,11,1342.0,5.77157,-72.34153,[0.15675026643461887,0.9842994671703273,0.08114131438968505]
2008-07-01T00:00:00.000Z,11,3317.0,6.27157,-72.34153,[0.157515341684124,0.9862341169625377,0.05031087032895901]
2008-07-01T00:00:00.000Z,6,3467.0,6.77157,-72.34153,[0.21145143496641242,0.9761055430341417,0.050062555954210074]
2008-07-01T00:00:00.000Z,6,2203.0,7.27157,-72.34153,[0.23192594102028177,0.9703965989953082,0.06738544754022116]
2008-07-01T00:00:00.000Z,3,97.0,11.27157,-72.34153,[0.4028797961125369,0.9044516228163999,0.14019676126466465]
2008-07-01T00:00:00.000Z,10,19.0,11.77157,-72.34153,[0.36769782569534415,0.9205124877752408,0.13211763254294778]
2008-07-01T00:00:00.000Z,2,109.0,-2.22843,-71.84153,[0.2872417107864791,0.9578449266303992,0.005029524118829401]
2008-07-01T00:00:00.000Z,2,140.0,-1.72843,-71.84153,[0.288169421771142,0.9575746544457405,0.003027460851292154]
2008-07-01T00:00:00.000Z,2,153.0,-1.22843,-71.84153,[0.2881424408911863,0.9574849981364713,0.014014710160077154]
2008-07-01T00:00:00.000Z,8,136.0,-0.72843,-71.84153,[0.2829863532434267,0.9588243498130223,0.023970608745325556]
2008-07-01T00:00:00.000Z,8,192.0,-0.22843,-71.84153,[0.2709281388083397,0.9619594240279917,0.03510000178893471]
2008-07-01T00:00:00.000Z,0,216.0,0.27157,-71.84153,[0.2699344642094347,0.9617098320012248,0.047429780350969494]
2008-07-01T00:00:00.000Z,0,215.0,0.77157,-71.84153,[0.26734558881263243,0.9617920573137385,0.05901164826230056]
2008-07-01T00:00:00.000Z,6,232.0,1.27157,-71.84153,[0.25270459404578544,0.965161663813525,0.06784799814926759]
2008-07-01T00:00:00.000Z,9,233.0,1.77157,-71.84153,[0.2642462523321327,0.9613837229156861,0.07691069783325488]
2008-07-01T00:00:00.000Z,9,159.0,2.27157,-71.84153,[0.26724258800933864,0.9601336528883899,0.08200468123996238]
2008-07-01T00:00:00.000Z,9,186.0,2.77157,-71.84153,[0.2695378237009241,0.9590783606386295,0.08670674569656234]
2008-07-01T00:00:00.000Z,9,222.0,3.27157,-71.84153,[0.26872761256522737,0.9589674883880089,0.09037049551588694]
2008-07-01T00:00:00.000Z,9,206.0,3.77157,-71.84153,[0.2730957622008545,0.9574803228969719,0.09300610696639545]
2008-07-01T00:00:00.000Z,9,189.0,4.27157,-71.84153,[0.28250563866849016,0.954712731468613,0.09334968929915326]
2008-07-01T00:00:00.000Z,9,149.0,4.77157,-71.84153,[0.28957790359018293,0.952768082792798,0.09152932952693627]
2008-07-01T00:00:00.000Z,9,172.0,5.27157,-71.84153,[0.29544215834227067,0.9512078901921732,0.08898022651249562]
2008-07-01T00:00:00.000Z,9,213.0,5.77157,-71.84153,[0.2895321442967242,0.9538216205259019,0.07997158017873228]
2008-07-01T00:00:00.000Z,0,412.0,6.27157,-71.84153,[0.2800977523442498,0.9581677278109544,0.058820527992292454]
2008-07-01T00:00:00.000Z,5,325.0,6.77157,-71.84153,[0.3210796048192231,0.9460161536627685,0.04428684204403077]
2008-07-01T00:00:00.000Z,3,174.0,11.77157,-71.84153,[0.39879419756309314,0.906103823034511,0.1412057005657075]
2008-07-01T00:00:00.000Z,8,107.0,-2.22843,-71.34153,[0.2819777885559718,0.9593853665322319,0.008261068024100735]
2008-07-01T00:00:00.000Z,8,121.0,-1.72843,-71.34153,[0.28288412598502427,0.9591539896679729,4.420064468516004E-4]
2008-07-01T00:00:00.000Z,8,140.0,-1.22843,-71.34153,[0.2837740650786317,0.9588459620820953,0.009311336510392601]
2008-07-01T00:00:00.000Z,8,186.0,-0.72843,-71.34153,[0.28372926044587893,0.9586945714284579,0.02006054536746253]
2008-07-01T00:00:00.000Z,8,201.0,-0.22843,-71.34153,[0.27400798079595134,0.9612199966321973,0.031236909810738452]
2008-07-01T00:00:00.000Z,0,185.0,0.27157,-71.34153,[0.27302399235289515,0.9610444530821909,0.04302858119481627]
2008-07-01T00:00:00.000Z,0,228.0,0.77157,-71.34153,[0.2640120614064996,0.9629948141466584,0.054209033919941106]
2008-07-01T00:00:00.000Z,9,342.0,1.27157,-71.34153,[0.26064527708328944,0.9632076494682876,0.06553673427896702]
2008-07-01T00:00:00.000Z,9,222.0,1.77157,-71.34153,[0.2657935995926608,0.9609460908350044,0.07704786125843932]
2008-07-01T00:00:00.000Z,9,164.0,2.27157,-71.34153,[0.2695976501570865,0.9592912371051351,0.08412745950684988]
2008-07-01T00:00:00.000Z,9,189.0,2.77157,-71.34153,[0.27290101443914555,0.9578716881310247,0.08948108959498677]
2008-07-01T00:00:00.000Z,9,209.0,3.27157,-71.34153,[0.2745283135479954,0.9570210133645256,0.09351462473447651]
2008-07-01T00:00:00.000Z,9,171.0,3.77157,-71.34153,[0.2746442482175103,0.9568605607898059,0.09480719448468457]
2008-07-01T00:00:00.000Z,9,165.0,4.27157,-71.34153,[0.2796404891431213,0.9554383379056643,0.09454511775791243]
2008-07-01T00:00:00.000Z,9,131.0,4.77157,-71.34153,[0.2876947402874049,0.9533413942857143,0.09149820955807268]
2008-07-01T00:00:00.000Z,9,146.0,5.27157,-71.34153,[0.2921335511494511,0.9525599839036577,0.08536665249542326]
2008-07-01T00:00:00.000Z,9,151.0,5.77157,-71.34153,[0.2973701189948264,0.9518140102189618,0.07497401069637902]
2008-07-01T00:00:00.000Z,0,157.0,6.27157,-71.34153,[0.29876868269633855,0.9528298529234581,0.05340922783336091]
2008-07-01T00:00:00.000Z,0,154.0,6.77157,-71.34153,[0.30928995381018143,0.950299285561817,0.0356509794086545]
2008-07-01T00:00:00.000Z,8,97.0,-2.22843,-70.84153,[0.28019336662668987,0.9598811817640899,0.010945053383855072]
2008-07-01T00:00:00.000Z,8,137.0,-1.72843,-70.84153,[0.28109485687247626,0.9596754097911886,0.002964672318576898]
2008-07-01T00:00:00.000Z,8,114.0,-1.22843,-70.84153,[0.27471810951081377,0.9615133832878482,0.004687650281335314]
2008-07-01T00:00:00.000Z,8,155.0,-0.72843,-70.84153,[0.2780330847942938,0.9604779292893785,0.013407128990080569]
2008-07-01T00:00:00.000Z,8,183.0,-0.22843,-70.84153,[0.2763888453979029,0.960780272097472,0.02259369133014603]
2008-07-01T00:00:00.000Z,8,193.0,0.27157,-70.84153,[0.2747023710814777,0.9609110829065235,0.0344746003548468]
2008-07-01T00:00:00.000Z,0,250.0,0.77157,-70.84153,[0.2729840465031305,0.9609038436910194,0.04629809428693094]
2008-07-01T00:00:00.000Z,0,316.0,1.27157,-70.84153,[0.2700572927989096,0.9609267526900961,0.060735776693730675]
2008-07-01T00:00:00.000Z,9,186.0,1.77157,-70.84153,[0.270491628925409,0.9597042994273511,0.07617044270539518]
2008-07-01T00:00:00.000Z,9,191.0,2.27157,-70.84153,[0.27185602075764403,0.9585361688068325,0.08545593640549048]
2008-07-01T00:00:00.000Z,9,160.0,2.77157,-70.84153,[0.27599436502811203,0.9567077396429022,0.09239811350941142]
2008-07-01T00:00:00.000Z,9,240.0,3.27157,-70.84153,[0.27836995357100797,0.9556637776138541,0.09600475564102479]
2008-07-01T00:00:00.000Z,9,186.0,3.77157,-70.84153,[0.27940149930352437,0.9552659956424844,0.09696225944209264]
2008-07-01T00:00:00.000Z,9,176.0,4.27157,-70.84153,[0.28031249298675814,0.9550567942868994,0.0963920430428773]
2008-07-01T00:00:00.000Z,9,146.0,4.77157,-70.84153,[0.28368461052627647,0.9545152777707655,0.09178031517026591]
2008-07-01T00:00:00.000Z,9,123.0,5.27157,-70.84153,[0.28787507966642767,0.9540046244759521,0.08368461618210106]
2008-07-01T00:00:00.000Z,9,120.0,5.77157,-70.84153,[0.2917514326385033,0.9538027605489531,0.071703525175386]
2008-07-01T00:00:00.000Z,0,126.0,6.27157,-70.84153,[0.29025593658614995,0.9556118527605552,0.05057151510520229]
2008-07-01T00:00:00.000Z,0,122.0,6.77157,-70.84153,[0.2983062178326982,0.9538993505600728,0.033006505471222504]
2008-07-01T00:00:00.000Z,8,97.0,-3.72843,-70.34153,[0.2741732151823617,0.961219036756986,0.029782737492358508]
2008-07-01T00:00:00.000Z,8,132.0,-2.22843,-70.34153,[0.2768524614730202,0.9608408957004818,0.011725516015327914]
2008-07-01T00:00:00.000Z,8,129.0,-1.72843,-70.34153,[0.2777394114928033,0.9606516115162844,0.0030496876556072522]
2008-07-01T00:00:00.000Z,8,144.0,-1.22843,-70.34153,[0.2754389808576622,0.9613147039419595,0.0027217290598583223]
2008-07-01T00:00:00.000Z,8,134.0,-0.72843,-70.34153,[0.2735645611199966,0.9618182585409404,0.00825035977980942]
2008-07-01T00:00:00.000Z,8,170.0,-0.22843,-70.34153,[0.2746935433161421,0.9614274016064974,0.014170698663134315]
2008-07-01T00:00:00.000Z,8,177.0,0.27157,-70.34153,[0.2771213265069101,0.9606142424765225,0.02059241477600755]
2008-07-01T00:00:00.000Z,8,190.0,0.77157,-70.34153,[0.2779339163560087,0.9601353474116666,0.029880642390843627]
2008-07-01T00:00:00.000Z,0,195.0,1.27157,-70.34153,[0.27251511130952066,0.9608600538204214,0.04983443668966931]
2008-07-01T00:00:00.000Z,9,216.0,1.77157,-70.34153,[0.27406317174459643,0.9592211011060876,0.06916832429744577]
2008-07-01T00:00:00.000Z,9,168.0,2.27157,-70.34153,[0.27265471133369057,0.9586193422287693,0.0819046097141285]
2008-07-01T00:00:00.000Z,9,193.0,2.77157,-70.34153,[0.2798711754497112,0.9554976849337795,0.09325395025726703]
2008-07-01T00:00:00.000Z,9,177.0,3.27157,-70.34153,[0.2813300005600081,0.9545515972308447,0.09841076673285888]
2008-07-01T00:00:00.000Z,9,174.0,3.77157,-70.34153,[0.27828364984324166,0.9553674908004203,0.09915224531816288]
2008-07-01T00:00:00.000Z,9,118.0,4.27157,-70.34153,[0.2807743477945135,0.9546327825013459,0.0992069362207281]
2008-07-01T00:00:00.000Z,9,116.0,4.77157,-70.34153,[0.2800250106038664,0.9553794479426031,0.09400055257918026]
2008-07-01T00:00:00.000Z,9,124.0,5.27157,-70.34153,[0.2851882910509277,0.9546650515102483,0.08533626469670616]
2008-07-01T00:00:00.000Z,9,105.0,5.77157,-70.34153,[0.28367843792896436,0.9561825340231115,0.07239824226681292]
2008-07-01T00:00:00.000Z,0,104.0,6.27157,-70.34153,[0.28121415033112146,0.9580900703141697,0.05460786407592707]
2008-07-01T00:00:00.000Z,0,109.0,6.77157,-70.34153,[0.2901926138878139,0.9561902220058236,0.038581163608839626]
2008-07-01T00:00:00.000Z,8,140.0,-3.72843,-69.84153,[0.2773067842699401,0.9603231050593257,0.029672904931608377]
2008-07-01T00:00:00.000Z,8,128.0,-3.22843,-69.84153,[0.2757798949029278,0.9609205713023891,0.024023014282559728]
2008-07-01T00:00:00.000Z,8,61.0,-2.72843,-69.84153,[0.27667308277434394,0.9607905101030928,0.018264746480025046]
2008-07-01T00:00:00.000Z,8,111.0,-2.22843,-69.84153,[0.27172111341221183,0.962300860147596,0.012028760751844952]
2008-07-01T00:00:00.000Z,8,145.0,-1.72843,-69.84153,[0.27529145683799017,0.9613524496665248,0.004010151142915605]
2008-07-01T00:00:00.000Z,8,68.0,-1.22843,-69.84153,[0.2734361809579827,0.9618901227375677,2.1615508376125116E-4]
2008-07-01T00:00:00.000Z,8,122.0,-0.72843,-69.84153,[0.27457436333419427,0.9615529087513681,0.004992261151530806]
2008-07-01T00:00:00.000Z,8,188.0,0.77157,-69.84153,[0.2785279845737732,0.9601023468248889,0.025012905281331006]
2008-07-01T00:00:00.000Z,0,195.0,1.77157,-69.84153,[0.2742406861616252,0.9603843792063239,0.04953675635409594]
2008-07-01T00:00:00.000Z,9,182.0,2.27157,-69.84153,[0.2787328493195745,0.9581441695360373,0.06532801155927527]
2008-07-01T00:00:00.000Z,9,180.0,2.77157,-69.84153,[0.2799309487728891,0.9563399728505705,0.08397928463186673]
2008-07-01T00:00:00.000Z,9,198.0,3.27157,-69.84153,[0.278018758041114,0.9556894807663293,0.09676355992759085]
2008-07-01T00:00:00.000Z,9,149.0,3.77157,-69.84153,[0.2787848659041761,0.9550559663982908,0.10073281287553239]
2008-07-01T00:00:00.000Z,9,188.0,4.27157,-69.84153,[0.2772241546481779,0.9556079683754839,0.09980069567334404]
2008-07-01T00:00:00.000Z,9,143.0,4.77157,-69.84153,[0.27730128334314746,0.9558738355240259,0.09700107636944609]
2008-07-01T00:00:00.000Z,9,100.0,5.27157,-69.84153,[0.27572707970088006,0.9569351589618779,0.09082774390146638]
2008-07-01T00:00:00.000Z,9,112.0,5.77157,-69.84153,[0.2751592452222403,0.9582016068915661,0.07833945569856723]
2008-07-01T00:00:00.000Z,0,98.0,6.27157,-69.84153,[0.2821494732995575,0.9575652008892318,0.05882653111264906]
2008-07-01T00:00:00.000Z,8,169.0,0.77157,-69.34153,[0.2759479054760954,0.9609480002461673,0.02077725405937659]
2008-07-01T00:00:00.000Z,0,182.0,1.77157,-69.34153,[0.2798301934708264,0.9592622585517434,0.03887135372337939]
2008-07-01T00:00:00.000Z,0,167.0,2.27157,-69.34153,[0.2812936990705665,0.9583610910194883,0.049171883054583525]
2008-07-01T00:00:00.000Z,9,128.0,2.77157,-69.34153,[0.2827696278189894,0.9563945713105586,0.07314889986051078]
2008-07-01T00:00:00.000Z,9,182.0,3.27157,-69.34153,[0.2794937211567397,0.9554785351172265,0.09457287541466425]
2008-07-01T00:00:00.000Z,9,123.0,3.77157,-69.34153,[0.27772470824582884,0.955286545094602,0.10147217939409856]
2008-07-01T00:00:00.000Z,9,172.0,4.27157,-69.34153,[0.28019421811330714,0.9546151849674301,0.1010002414129363]
2008-07-01T00:00:00.000Z,9,142.0,4.77157,-69.34153,[0.2786451855676328,0.955200033015893,0.09974847109814092]
2008-07-01T00:00:00.000Z,9,117.0,5.27157,-69.34153,[0.2787283177024899,0.9554850112680685,0.09674150170841285]
2008-07-01T00:00:00.000Z,9,83.0,5.77157,-69.34153,[0.28248806160311735,0.9554422469665282,0.08561896847816491]
2008-07-01T00:00:00.000Z,0,139.0,1.77157,-68.84153,[0.2790054698939076,0.9596919664833243,0.03387148116999968]
2008-07-01T00:00:00.000Z,0,178.0,2.27157,-68.84153,[0.27889590078577037,0.9593150828584476,0.04395052133005331]
2008-07-01T00:00:00.000Z,9,155.0,2.77157,-68.84153,[0.28112148407725335,0.9573326214522682,0.06696986705624143]
2008-07-01T00:00:00.000Z,9,154.0,3.27157,-68.84153,[0.2862527255191629,0.9538115625123254,0.09112014239808469]
2008-07-01T00:00:00.000Z,9,118.0,3.77157,-68.84153,[0.28593519077815893,0.9527535173638655,0.10247829929034018]
2008-07-01T00:00:00.000Z,9,168.0,4.27157,-68.84153,[0.28752790301780806,0.9522311921236152,0.1028759531329876]
2008-07-01T00:00:00.000Z,7,130.0,4.77157,-68.84153,[0.2893444391376329,0.951646159140884,0.1031958493958554]
2008-07-01T00:00:00.000Z,9,118.0,5.27157,-68.84153,[0.28800470126136585,0.9522914068527153,0.10096716538473169]
2008-07-01T00:00:00.000Z,9,76.0,5.77157,-68.84153,[0.29575513226308686,0.9508806516533963,0.09140507672583703]
2008-07-01T00:00:00.000Z,8,140.0,1.77157,-68.34153,[0.278160408112796,0.9600322256655646,0.031063049466292788]
2008-07-01T00:00:00.000Z,0,115.0,2.27157,-68.34153,[0.2749224664141681,0.9606114414706814,0.0405375872045989]
2008-07-01T00:00:00.000Z,0,126.0,2.77157,-68.34153,[0.2804288576322288,0.9582221583186197,0.056302318906856746]
2008-07-01T00:00:00.000Z,9,132.0,3.27157,-68.34153,[0.2865803908431041,0.9549033633817934,0.07766109828190988]
2008-07-01T00:00:00.000Z,9,110.0,3.77157,-68.34153,[0.29212477076576415,0.9513346308334131,0.09810982867227551]
2008-07-01T00:00:00.000Z,7,121.0,4.27157,-68.34153,[0.2987304008099627,0.9485804891390979,0.10466710685095335]
2008-07-01T00:00:00.000Z,7,109.0,4.77157,-68.34153,[0.3032604262436552,0.9469842306493321,0.1060847810763121]
2008-07-01T00:00:00.000Z,7,89.0,5.27157,-68.34153,[0.303586449120239,0.9471442401391726,0.10369694441859849]
2008-07-01T00:00:00.000Z,7,65.0,5.77157,-68.34153,[0.30914333957625756,0.945817726658959,0.09929362282300616]
2008-07-01T00:00:00.000Z,0,136.0,2.27157,-67.84153,[0.2796792334951717,0.9593648125706472,0.037398967269703196]
2008-07-01T00:00:00.000Z,0,120.0,2.77157,-67.84153,[0.2854954520087178,0.9571207682284598,0.04911396856395183]
2008-07-01T00:00:00.000Z,9,103.0,3.27157,-67.84153,[0.2927430061510972,0.9533479785222525,0.07368286230293655]
2008-07-01T00:00:00.000Z,7,95.0,3.77157,-67.84153,[0.2982457967222817,0.9494716375053911,0.09773972739026085]
2008-07-01T00:00:00.000Z,7,110.0,4.27157,-67.84153,[0.29893008162294127,0.9484849206382046,0.10496266775782974]
2008-07-01T00:00:00.000Z,7,101.0,4.77157,-67.84153,[0.3105673974268789,0.9444019743315499,0.10794814743276274]
2008-07-01T00:00:00.000Z,7,80.0,5.77157,-67.84153,[0.321275071432939,0.9413003937924486,0.1036141743292947]
2008-07-01T00:00:00.000Z,7,54.0,6.27157,-67.84153,[0.31501154849130303,0.945034645473909,0.0876198788581365]
2008-07-01T00:00:00.000Z,0,114.0,2.27157,-67.34153,[0.2872834977724293,0.9572461586081327,0.033881908706748336]
