2008-02-01T00:00:00.000Z,2,10.0,1.77157,-78.84153,[0.2855721469142415,0.9583033704750633,0.010158692973233886]
2008-02-01T00:00:00.000Z,2,235.0,1.27157,-78.34153,[0.294894204894716,0.9555036638911467,0.007082104920699873]
2008-02-01T00:00:00.000Z,2,57.0,1.77157,-78.34153,[0.28889416704742804,0.9573159653140262,0.009289930077603568]
2008-02-01T00:00:00.000Z,8,1772.0,1.27157,-77.84153,[0.26566025003149907,0.9640334837387586,0.008004610153787527]
2008-02-01T00:00:00.000Z,2,528.0,1.77157,-77.84153,[0.296349773387399,0.955033449392985,0.009376692048585671]
2008-02-01T00:00:00.000Z,2,116.0,2.27157,-77.84153,[0.28980347392731937,0.9570254255274268,0.010783385076365372]
2008-02-01T00:00:00.000Z,9,167.0,7.27157,-77.84153,[0.26112837067603245,0.9585587273566023,0.11391725170741915]
2008-02-01T00:00:00.000Z,11,2201.0,0.77157,-77.34153,[0.18032536543603653,0.9835929023783812,0.005269247691312756]
2008-02-01T00:00:00.000Z,1,2447.0,1.27157,-77.34153,[0.22655788241647987,0.97396532956363,0.00794120412593847]
2008-02-01T00:00:00.000Z,1,1706.0,1.77157,-77.34153,[0.2092075131795996,0.9778177246437808,0.010232976188132589]
2008-02-01T00:00:00.000Z,8,2096.0,2.27157,-77.34153,[0.2765397358855153,0.9609174856189964,0.012781248297229698]
2008-02-01T00:00:00.000Z,2,57.0,2.77157,-77.34153,[0.2917149231276439,0.9563673558223933,0.016244517287892328]
2008-02-01T00:00:00.000Z,8,74.0,3.27157,-77.34153,[0.2787175823887489,0.9601491519297453,0.020739221681682497]
2008-02-01T00:00:00.000Z,0,28.0,4.27157,-77.34153,[0.2653866932211736,0.9622879703019719,0.05976424744980759]
2008-02-01T00:00:00.000Z,9,14.0,5.27157,-77.34153,[0.2576230481248493,0.9619312200145582,0.09120686945710389]
2008-02-01T00:00:00.000Z,9,499.0,6.27157,-77.34153,[0.2746416809838246,0.9552754121176507,0.10963956434532127]
2008-02-01T00:00:00.000Z,7,695.0,6.77157,-77.34153,[0.2888741043424403,0.9502731154430856,0.11633038255952326]
2008-02-01T00:00:00.000Z,7,345.0,7.27157,-77.34153,[0.28993409182431734,0.9495903395021246,0.11923258582387623]
2008-02-01T00:00:00.000Z,8,279.0,0.27157,-76.84153,[0.27877341623059615,0.9603507940486214,0.003425605538426817]
2008-02-01T00:00:00.000Z,1,485.0,0.77157,-76.84153,[0.19700515718956882,0.9803903704845601,0.004867186236448171]
2008-02-01T00:00:00.000Z,11,3335.0,1.27157,-76.84153,[0.15853229991051823,0.9873298384133011,0.006877504187294541]
2008-02-01T00:00:00.000Z,11,2008.0,1.77157,-76.84153,[0.16105688386488878,0.9869017564486803,0.009252203966706377]
2008-02-01T00:00:00.000Z,1,1013.0,2.27157,-76.84153,[0.20535947577326383,0.9786124739362796,0.01204622623250989]
2008-02-01T00:00:00.000Z,8,2856.0,2.77157,-76.84153,[0.24831186330589697,0.9685339502405363,0.016828718697982588]
2008-02-01T00:00:00.000Z,8,1911.0,3.27157,-76.84153,[0.26066526700139436,0.9651659886267847,0.022544023092012488]
2008-02-01T00:00:00.000Z,8,794.0,3.77157,-76.84153,[0.27550920735687806,0.9608668223520872,0.028803235314582704]
2008-02-01T00:00:00.000Z,0,70.0,4.27157,-76.84153,[0.2828847822340083,0.9584802033340517,0.03594300762502694]
2008-02-01T00:00:00.000Z,9,24.0,4.77157,-76.84153,[0.27856606230716435,0.9575708391808775,0.0738852954322518]
2008-02-01T00:00:00.000Z,9,133.0,5.27157,-76.84153,[0.27909639387109053,0.9561231930661968,0.08907099757526599]
2008-02-01T00:00:00.000Z,9,76.0,5.77157,-76.84153,[0.2750329031300738,0.9554927949379456,0.10672591539788522]
2008-02-01T00:00:00.000Z,9,38.0,6.27157,-76.84153,[0.273073209757704,0.9552034543751265,0.11409374593925121]
2008-02-01T00:00:00.000Z,7,20.0,6.77157,-76.84153,[0.2991447232478045,0.9465304411161448,0.12079966305197601]
2008-02-01T00:00:00.000Z,7,15.0,7.27157,-76.84153,[0.3000673045610496,0.9460137159062096,0.12254657094668818]
2008-02-01T00:00:00.000Z,7,8.0,7.77157,-76.84153,[0.3187474768307229,0.9397147835453905,0.12383929747978828]
2008-02-01T00:00:00.000Z,8,294.0,0.77157,-76.34153,[0.26005320921655767,0.9655787319789675,0.00548094207765839]
2008-02-01T00:00:00.000Z,1,1412.0,1.27157,-76.34153,[0.1877875759255856,0.9821859274168506,0.0068286391245667485]
2008-02-01T00:00:00.000Z,11,2388.0,1.77157,-76.34153,[0.1385949898949565,0.9903026628391763,0.009595037761958528]
2008-02-01T00:00:00.000Z,11,3852.0,2.27157,-76.34153,[0.14565183879855934,0.9892672891198151,0.011652147103884746]
2008-02-01T00:00:00.000Z,1,2450.0,2.77157,-76.34153,[0.20894743073006558,0.9777816233611356,0.016854323141762193]
2008-02-01T00:00:00.000Z,1,990.0,3.27157,-76.34153,[0.22592343216887742,0.9738488997174244,0.024019228051638548]
2008-02-01T00:00:00.000Z,8,962.0,3.77157,-76.34153,[0.24976085282908195,0.9678233047126924,0.030619719938180717]
2008-02-01T00:00:00.000Z,1,1899.0,4.27157,-76.34153,[0.21071332120776537,0.9769435801450941,0.03436768073174783]
2008-02-01T00:00:00.000Z,6,1358.0,4.77157,-76.34153,[0.24482215879084523,0.9679015580103184,0.05682151499378222]
2008-02-01T00:00:00.000Z,6,407.0,5.27157,-76.34153,[0.22856255747152948,0.9696936225401028,0.08633328284691931]
2008-02-01T00:00:00.000Z,6,480.0,5.77157,-76.34153,[0.2192433126784441,0.969466523249995,0.10985003478992876]
2008-02-01T00:00:00.000Z,6,1095.0,6.27157,-76.34153,[0.21925730540268612,0.9685747975778455,0.117426979542985]
2008-02-01T00:00:00.000Z,6,1485.0,6.77157,-76.34153,[0.24551411085316244,0.9619689252519366,0.11974392770247423]
2008-02-01T00:00:00.000Z,7,827.0,7.27157,-76.34153,[0.2845463877328761,0.950773472264068,0.1227320563956261]
2008-02-01T00:00:00.000Z,7,201.0,7.77157,-76.34153,[0.30987499556738224,0.9425855378475506,0.12453911418810762]
2008-02-01T00:00:00.000Z,7,165.0,8.27157,-76.34153,[0.3108235411847725,0.9429478215717818,0.11932364408778721]
2008-02-01T00:00:00.000Z,10,99.0,8.77157,-76.34153,[0.3307179000737194,0.9362234671204556,0.1187909516073617]
2008-02-01T00:00:00.000Z,2,267.0,0.27157,-75.84153,[0.3025573097965272,0.953115319793803,0.005501041996300494]
2008-02-01T00:00:00.000Z,2,241.0,0.77157,-75.84153,[0.2944134736923575,0.9556566383965637,0.006410615959430366]
2008-02-01T00:00:00.000Z,1,250.0,1.27157,-75.84153,[0.23455752433776214,0.9720717302157007,0.00770188885885189]
2008-02-01T00:00:00.000Z,8,1712.0,1.77157,-75.84153,[0.2444937289151538,0.9695854249625463,0.011265887508835518]
2008-02-01T00:00:00.000Z,1,1262.0,2.27157,-75.84153,[0.21104261209923122,0.9773984660908531,0.012379594564480045]
2008-02-01T00:00:00.000Z,11,2705.0,2.77157,-75.84153,[0.17257757783620375,0.984842710851936,0.017372809502177844]
2008-02-01T00:00:00.000Z,11,1867.0,3.27157,-75.84153,[0.15090593157186952,0.9882636571360777,0.023713789247008062]
2008-02-01T00:00:00.000Z,11,3782.0,3.77157,-75.84153,[0.17448957777164056,0.9842124550125869,0.02965182367361212]
2008-02-01T00:00:00.000Z,1,2035.0,4.27157,-75.84153,[0.23478360842315454,0.9714770736284608,0.033300940378386205]
2008-02-01T00:00:00.000Z,1,1185.0,4.77157,-75.84153,[0.23898345723047912,0.9702014980103032,0.03994947344748307]
2008-02-01T00:00:00.000Z,9,1530.0,5.27157,-75.84153,[0.25913853901950573,0.9630485127984515,0.07338105744350426]
2008-02-01T00:00:00.000Z,6,1704.0,5.77157,-75.84153,[0.2471785051396956,0.9620947969283538,0.11522321085742734]
2008-02-01T00:00:00.000Z,6,488.0,6.27157,-75.84153,[0.1978590398614557,0.973000925436335,0.11883181158738017]
2008-02-01T00:00:00.000Z,6,896.0,6.77157,-75.84153,[0.2056224189467198,0.9711189242646713,0.1210266737604878]
2008-02-01T00:00:00.000Z,9,2421.0,7.27157,-75.84153,[0.26270728424453976,0.9572467138352545,0.1210934005487707]
2008-02-01T00:00:00.000Z,7,131.0,7.77157,-75.84153,[0.32549070083160403,0.9368367035005577,0.12803434947840955]
2008-02-01T00:00:00.000Z,7,43.0,8.27157,-75.84153,[0.3205765954363726,0.9391706925561879,0.12324389113442771]
2008-02-01T00:00:00.000Z,7,10.0,8.77157,-75.84153,[0.3268645395032558,0.9376479125896315,0.11821998490792938]
2008-02-01T00:00:00.000Z,10,155.0,9.27157,-75.84153,[0.33851205659880546,0.9339967693018136,0.11427870523864783]
2008-02-01T00:00:00.000Z,2,228.0,0.27157,-75.34153,[0.30822631202776896,0.9512710100621733,0.008944606701982315]
2008-02-01T00:00:00.000Z,2,189.0,0.77157,-75.34153,[0.3049609027792982,0.9522494592713264,0.01482616246713584]
2008-02-01T00:00:00.000Z,2,244.0,1.27157,-75.34153,[0.30002391496521325,0.9537345589544584,0.01939178962580037]
2008-02-01T00:00:00.000Z,1,1357.0,1.77157,-75.34153,[0.22741447391806827,0.9736182164617299,0.018714316082841034]
2008-02-01T00:00:00.000Z,8,2437.0,2.27157,-75.34153,[0.2642236766496301,0.9642929507633695,0.018026475135909343]
2008-02-01T00:00:00.000Z,2,485.0,2.77157,-75.34153,[0.31306350828992174,0.9494971424266351,0.021128565991583192]
2008-02-01T00:00:00.000Z,4,694.0,3.27157,-75.34153,[0.31880412495092736,0.9474500098943224,0.02650299352001685]
2008-02-01T00:00:00.000Z,8,442.0,3.77157,-75.34153,[0.25707541133270745,0.9658347229509197,0.032795134249452865]
2008-02-01T00:00:00.000Z,11,2270.0,4.27157,-75.34153,[0.1286943125397201,0.9910664816142932,0.03500004200846594]
2008-02-01T00:00:00.000Z,11,4229.0,4.77157,-75.34153,[0.1704513851540193,0.9847022588289629,0.03616333441781221]
2008-02-01T00:00:00.000Z,1,3209.0,5.27157,-75.34153,[0.1944907258352972,0.9795260192068603,0.05198206672325216]
2008-02-01T00:00:00.000Z,6,1992.0,5.77157,-75.34153,[0.21502727067476962,0.972401101829236,0.09055037287304188]
2008-02-01T00:00:00.000Z,6,2185.0,6.27157,-75.34153,[0.2172504092763222,0.9695377307597571,0.11313199504336138]
2008-02-01T00:00:00.000Z,9,2092.0,6.77157,-75.34153,[0.2507634770234016,0.9607027430852099,0.11902906376044131]
2008-02-01T00:00:00.000Z,7,869.0,7.27157,-75.34153,[0.31904711940647545,0.939284243327273,0.12630932600383227]
2008-02-01T00:00:00.000Z,10,83.0,7.77157,-75.34153,[0.3443616002514672,0.9297763206789614,0.13011949038073298]
2008-02-01T00:00:00.000Z,10,30.0,8.27157,-75.34153,[0.343265260370373,0.9304940450754041,0.12786630948796396]
2008-02-01T00:00:00.000Z,10,74.0,8.77157,-75.34153,[0.34523495097419427,0.9301474038837104,0.12505453080252288]
2008-02-01T00:00:00.000Z,10,180.0,9.27157,-75.34153,[0.33016088698597007,0.9368772032922915,0.11512990339547663]
2008-02-01T00:00:00.000Z,10,136.0,9.77157,-75.34153,[0.3337737691760208,0.9367592280889052,0.1052483710102489]
2008-02-01T00:00:00.000Z,7,79.0,10.27157,-75.34153,[0.31208013100938314,0.9456616800020177,0.09126871755934791]
2008-02-01T00:00:00.000Z,2,205.0,0.27157,-74.84153,[0.31435742170278647,0.9492120585009919,0.013261953728086305]
2008-02-01T00:00:00.000Z,2,239.0,0.77157,-74.84153,[0.31139856125741683,0.9500709045422363,0.019905084503905466]
2008-02-01T00:00:00.000Z,2,226.0,1.27157,-74.84153,[0.31247061528327924,0.9496655954687899,0.022301824306492874]
2008-02-01T00:00:00.000Z,2,258.0,1.77157,-74.84153,[0.30794512484463915,0.9511530872217483,0.021854170150264713]
2008-02-01T00:00:00.000Z,1,576.0,2.27157,-74.84153,[0.22576866252223007,0.973927581412386,0.022216597109900302]
2008-02-01T00:00:00.000Z,8,1998.0,2.77157,-74.84153,[0.2488994796801363,0.9682189759557301,0.024516598748493424]
2008-02-01T00:00:00.000Z,8,2106.0,3.27157,-74.84153,[0.24955946525124062,0.9679515181346663,0.028105726183634862]
2008-02-01T00:00:00.000Z,4,361.0,3.77157,-74.84153,[0.32994326374729455,0.9432495657716774,0.03765234892175008]
2008-02-01T00:00:00.000Z,0,289.0,4.27157,-74.84153,[0.308382187259977,0.9504237902438637,0.03993802097301342]
2008-02-01T00:00:00.000Z,4,277.0,4.77157,-74.84153,[0.3159623484821689,0.9478870454465068,0.04096270762930885]
2008-02-01T00:00:00.000Z,5,325.0,5.27157,-74.84153,[0.32355127405675393,0.9448189295649696,0.051300715316222954]
2008-02-01T00:00:00.000Z,9,379.0,5.77157,-74.84153,[0.2926232140281038,0.9527811848755061,0.08111515492859038]
2008-02-01T00:00:00.000Z,9,978.0,6.27157,-74.84153,[0.26539931088287344,0.9588255954874875,0.10107760988943477]
2008-02-01T00:00:00.000Z,7,1143.0,6.77157,-74.84153,[0.28132020192877305,0.9528587484684248,0.11366243642444782]
2008-02-01T00:00:00.000Z,7,322.0,7.27157,-74.84153,[0.31558335702650664,0.9408402703861396,0.12339663847778012]
2008-02-01T00:00:00.000Z,10,55.0,7.77157,-74.84153,[0.35217656154437654,0.9266489669004518,0.13150422670433634]
2008-02-01T00:00:00.000Z,10,27.0,8.27157,-74.84153,[0.3624562660546563,0.9226159499573069,0.13192901152548853]
2008-02-01T00:00:00.000Z,10,14.0,8.77157,-74.84153,[0.36871417977616233,0.9205051918717386,0.12930601443539025]
2008-02-01T00:00:00.000Z,10,48.0,9.27157,-74.84153,[0.3581801817317612,0.9257192020813828,0.12145335035481904]
2008-02-01T00:00:00.000Z,10,15.0,9.77157,-74.84153,[0.34530747851382176,0.9319588936233254,0.11052314634868919]
2008-02-01T00:00:00.000Z,10,5.0,10.27157,-74.84153,[0.33285258948837193,0.937818244835851,0.09851950732666775]
2008-02-01T00:00:00.000Z,4,171.0,-0.72843,-74.34153,[0.3293458806255063,0.9442083421735048,0.0013774922763804447]
2008-02-01T00:00:00.000Z,4,219.0,-0.22843,-74.34153,[0.3237009427931926,0.9461066165808758,0.009998484719480854]
2008-02-01T00:00:00.000Z,2,201.0,0.27157,-74.34153,[0.31691769507429146,0.948286799658094,0.017757256066419442]
2008-02-01T00:00:00.000Z,2,242.0,0.77157,-74.34153,[0.3157508618753529,0.9484811882014492,0.026169234855817184]
2008-02-01T00:00:00.000Z,4,251.0,1.27157,-74.34153,[0.3201853086691374,0.9469573221643214,0.027444455028783208]
2008-02-01T00:00:00.000Z,4,298.0,1.77157,-74.34153,[0.32818398190384884,0.9443148291562853,0.02376504696545112]
2008-02-01T00:00:00.000Z,4,313.0,2.27157,-74.34153,[0.33388172332633215,0.9421158704712006,0.030670530398581673]
2008-02-01T00:00:00.000Z,0,364.0,2.77157,-74.34153,[0.2952098956090365,0.9549398362309703,0.030676158717634662]
2008-02-01T00:00:00.000Z,11,899.0,3.27157,-74.34153,[0.1622198109053568,0.9859922881591218,0.03878067354456186]
2008-02-01T00:00:00.000Z,11,3444.0,3.77157,-74.34153,[0.15336288356506783,0.9873527793156021,0.04017854057035248]
2008-02-01T00:00:00.000Z,11,2263.0,4.27157,-74.34153,[0.1761327705191081,0.9835064769926037,0.041137049758825255]
2008-02-01T00:00:00.000Z,1,2655.0,4.77157,-74.34153,[0.20795559141149994,0.9772776426988522,0.04102293360631228]
2008-02-01T00:00:00.000Z,0,1104.0,5.27157,-74.34153,[0.2883571005342058,0.9564437161751846,0.04544887633934191]
2008-02-01T00:00:00.000Z,5,744.0,5.77157,-74.34153,[0.31684951118589333,0.945819436375801,0.07093645772818508]
2008-02-01T00:00:00.000Z,5,119.0,6.27157,-74.34153,[0.32558128212886106,0.9413545765899678,0.0885911387241937]
2008-02-01T00:00:00.000Z,9,97.0,6.77157,-74.34153,[0.27839895047070456,0.9557988259075202,0.09456547345948225]
2008-02-01T00:00:00.000Z,9,575.0,7.27157,-74.34153,[0.2705895873058847,0.9560832084807925,0.1126329157160745]
2008-02-01T00:00:00.000Z,7,1234.0,7.77157,-74.34153,[0.3250365273157602,0.9369424139670209,0.1284140522690674]
2008-02-01T00:00:00.000Z,10,715.0,8.27157,-74.34153,[0.3625261662060738,0.9223280553652761,0.13373756802796502]
2008-02-01T00:00:00.000Z,10,14.0,8.77157,-74.34153,[0.38116379664159034,0.9147931119398167,0.13367020040844738]
2008-02-01T00:00:00.000Z,10,37.0,9.27157,-74.34153,[0.3705591667132992,0.9198739877918166,0.1285214011311971]
2008-02-01T00:00:00.000Z,10,95.0,9.77157,-74.34153,[0.35232482247023705,0.9286275677965534,0.11626719141517823]
2008-02-01T00:00:00.000Z,7,119.0,10.27157,-74.34153,[0.3235563847517034,0.9407102297410636,0.10186034334775848]
2008-02-01T00:00:00.000Z,7,5.0,10.77157,-74.34153,[0.3080267888272839,0.9466189120057992,0.09503753362597904]
2008-02-01T00:00:00.000Z,4,156.0,-1.22843,-73.84153,[0.3284674390935509,0.9444988248652295,0.005577748965739544]
2008-02-01T00:00:00.000Z,4,195.0,-0.72843,-73.84153,[0.32667879948800926,0.9451241603508054,0.004613402893532955]
2008-02-01T00:00:00.000Z,2,174.0,-0.22843,-73.84153,[0.31545819652513735,0.9488391067357645,0.01380129609797476]
2008-02-01T00:00:00.000Z,2,241.0,0.27157,-73.84153,[0.31800738115123045,0.9478352294235116,0.021901675666835714]
2008-02-01T00:00:00.000Z,4,232.0,0.77157,-73.84153,[0.3201468026476402,0.9468434394907043,0.03152024504831979]
2008-02-01T00:00:00.000Z,4,267.0,1.27157,-73.84153,[0.3234347254898068,0.9455199063169446,0.03717640522871342]
2008-02-01T00:00:00.000Z,0,265.0,1.77157,-73.84153,[0.3107612124487907,0.9496862652435044,0.039031608283568116]
2008-02-01T00:00:00.000Z,0,554.0,2.27157,-73.84153,[0.30114481978567437,0.9527817197420706,0.03897168256049904]
2008-02-01T00:00:00.000Z,5,995.0,2.77157,-73.84153,[0.3439320009296591,0.9375134851596112,0.052718534505434234]
2008-02-01T00:00:00.000Z,5,363.0,3.27157,-73.84153,[0.3243430759690636,0.9437851800739145,0.06380519527260267]
2008-02-01T00:00:00.000Z,6,545.0,3.77157,-73.84153,[0.23764725721983293,0.9687696933660948,0.07077472960918521]
2008-02-01T00:00:00.000Z,11,1499.0,4.27157,-73.84153,[0.167912101816678,0.9829316114037843,0.07517295635177432]
2008-02-01T00:00:00.000Z,11,3610.0,4.77157,-73.84153,[0.15039936384319483,0.9856751696500289,0.07631835487580299]
2008-02-01T00:00:00.000Z,11,2585.0,5.27157,-73.84153,[0.17527046727620563,0.9817437284686812,0.07388853032232198]
2008-02-01T00:00:00.000Z,9,2622.0,5.77157,-73.84153,[0.26510046090205863,0.9611351511999747,0.07707766704641353]
2008-02-01T00:00:00.000Z,5,616.0,6.27157,-73.84153,[0.3238255059163841,0.9437888350871567,0.0663300571598244]
2008-02-01T00:00:00.000Z,5,101.0,6.77157,-73.84153,[0.3434697450744646,0.9354069653091802,0.08391867175755535]
2008-02-01T00:00:00.000Z,10,89.0,7.27157,-73.84153,[0.3485761911435535,0.9307725955003396,0.11025885195037224]
2008-02-01T00:00:00.000Z,10,59.0,7.77157,-73.84153,[0.35031212835295616,0.9278876804761098,0.12769442098027112]
2008-02-01T00:00:00.000Z,10,38.0,8.27157,-73.84153,[0.36720324081281863,0.91995440896215,0.1372795154699513]
2008-02-01T00:00:00.000Z,10,29.0,8.77157,-73.84153,[0.3880648769814391,0.9108745029147666,0.1404040284078679]
2008-02-01T00:00:00.000Z,3,52.0,9.27157,-73.84153,[0.3972110128865464,0.907125496557511,0.13909257613881834]
2008-02-01T00:00:00.000Z,7,46.0,9.77157,-73.84153,[0.32267082764388605,0.9385623677101923,0.12241004413791869]
2008-02-01T00:00:00.000Z,11,931.0,10.27157,-73.84153,[0.13981573693678348,0.9846345541903987,0.10462482687727101]
2008-02-01T00:00:00.000Z,9,2665.0,10.77157,-73.84153,[0.29180134379769385,0.9516840507260886,0.09565272265567558]
2008-02-01T00:00:00.000Z,2,139.0,-1.72843,-73.34153,[0.31910125127903244,0.947634018949854,0.012812398725597515]
2008-02-01T00:00:00.000Z,2,199.0,-1.22843,-73.34153,[0.3217236202793187,0.9468216049284893,0.00477080653646138]
2008-02-01T00:00:00.000Z,2,223.0,-0.72843,-73.34153,[0.32211776204495873,0.946681972422207,0.005778448403096588]
2008-02-01T00:00:00.000Z,2,171.0,-0.22843,-73.34153,[0.3191423315880452,0.9475693165683661,0.016141948045572944]
2008-02-01T00:00:00.000Z,2,209.0,0.27157,-73.34153,[0.3176019154937746,0.947881685775994,0.025482014150081913]
2008-02-01T00:00:00.000Z,2,237.0,0.77157,-73.34153,[0.3108859584068358,0.9497933217468685,0.035250061425656974]
2008-02-01T00:00:00.000Z,5,249.0,1.27157,-73.34153,[0.3162974922603558,0.9476569397019254,0.04361445889371312]
2008-02-01T00:00:00.000Z,5,294.0,1.77157,-73.34153,[0.33245195560744545,0.941736528241623,0.05106866542410949]
2008-02-01T00:00:00.000Z,5,229.0,2.27157,-73.34153,[0.3540471182082498,0.9336353635713848,0.05454948191653034]
2008-02-01T00:00:00.000Z,5,267.0,2.77157,-73.34153,[0.3658242273838119,0.9287345698895296,0.060205758455048]
2008-02-01T00:00:00.000Z,3,234.0,3.27157,-73.34153,[0.3837749530654001,0.920219504248058,0.07689505446456375]
2008-02-01T00:00:00.000Z,3,256.0,3.77157,-73.34153,[0.3867221617334761,0.9182893513162178,0.08479762310010404]
2008-02-01T00:00:00.000Z,9,300.0,4.27157,-73.34153,[0.2846230165738311,0.9548643136670464,0.08499341693080303]
2008-02-01T00:00:00.000Z,6,1229.0,4.77157,-73.34153,[0.1970436826585029,0.9763767095834791,0.0886696571963263]
2008-02-01T00:00:00.000Z,11,2684.0,5.27157,-73.34153,[0.16403566462718422,0.9816102470547373,0.09764027656380013]
2008-02-01T00:00:00.000Z,6,3515.0,5.77157,-73.34153,[0.24118253673647733,0.965979797395321,0.09334888857106143]
2008-02-01T00:00:00.000Z,6,1301.0,6.27157,-73.34153,[0.24489350801488494,0.9674505910687038,0.06376929961179677]
2008-02-01T00:00:00.000Z,0,1945.0,6.77157,-73.34153,[0.2979867305260035,0.9523412653137173,0.06519219900487261]
2008-02-01T00:00:00.000Z,6,351.0,7.27157,-73.34153,[0.23729223029280427,0.9675993856599786,0.08627761188801476]
2008-02-01T00:00:00.000Z,9,325.0,7.77157,-73.34153,[0.250046037904686,0.9601282329252747,0.125023018952343]
2008-02-01T00:00:00.000Z,7,1339.0,8.27157,-73.34153,[0.2794429775084531,0.9508480075398248,0.13341547466000922]
2008-02-01T00:00:00.000Z,7,1230.0,8.77157,-73.34153,[0.3092480627630465,0.9406295242375998,0.13993474840027856]
2008-02-01T00:00:00.000Z,10,809.0,9.27157,-73.34153,[0.3423419735732978,0.9290221400498906,0.14042733504222335]
2008-02-01T00:00:00.000Z,10,74.0,9.77157,-73.34153,[0.3313802357560381,0.9342527128543726,0.13175358771023202]
2008-02-01T00:00:00.000Z,9,99.0,10.27157,-73.34153,[0.2518924425105895,0.9613286453302693,0.11134376081989827]
2008-02-01T00:00:00.000Z,7,1426.0,10.77157,-73.34153,[0.31681292005496114,0.9428655429524142,0.10312197437645547]
2008-02-01T00:00:00.000Z,2,146.0,-2.22843,-72.84153,[0.31047283990169017,0.9503786931341813,0.019671179932702506]
2008-02-01T00:00:00.000Z,2,165.0,-1.72843,-72.84153,[0.3169282574070168,0.9483838005740276,0.011164518158656274]
2008-02-01T00:00:00.000Z,2,168.0,-1.22843,-72.84153,[0.31731209201080435,0.9483167464657497,0.0028956236533305337]
2008-02-01T00:00:00.000Z,2,178.0,-0.72843,-72.84153,[0.31440442856519074,0.9492595247064414,0.007497336373477626]
2008-02-01T00:00:00.000Z,2,191.0,-0.22843,-72.84153,[0.31947890513394744,0.9474202014317062,0.01811604519533495]
2008-02-01T00:00:00.000Z,2,247.0,0.27157,-72.84153,[0.3091841360589086,0.9505896575301348,0.0280084452665129]
2008-02-01T00:00:00.000Z,0,264.0,0.77157,-72.84153,[0.31084951664507,0.9496819878605287,0.03842785363250078]
2008-02-01T00:00:00.000Z,5,246.0,1.27157,-72.84153,[0.3162311437478993,0.9474581533384326,0.048175838305344026]
2008-02-01T00:00:00.000Z,5,259.0,1.77157,-72.84153,[0.33126862624129266,0.9417675121495752,0.05774989461294565]
2008-02-01T00:00:00.000Z,5,271.0,2.27157,-72.84153,[0.35540800219939883,0.932454205032371,0.06491769781870937]
2008-02-01T00:00:00.000Z,3,193.0,2.77157,-72.84153,[0.37246350630551817,0.9250192574181001,0.07490200181748333]
2008-02-01T00:00:00.000Z,3,182.0,3.27157,-72.84153,[0.38376915409532797,0.919650445632077,0.08345234696327497]
2008-02-01T00:00:00.000Z,3,203.0,3.77157,-72.84153,[0.38670482838970566,0.9177234152002073,0.0907915684045396]
2008-02-01T00:00:00.000Z,3,165.0,4.27157,-72.84153,[0.3746216386120844,0.9221455719682079,0.09646850254369793]
2008-02-01T00:00:00.000Z,9,293.0,4.77157,-72.84153,[0.2637584149116496,0.959356587570804,0.10033163233894123]
2008-02-01T00:00:00.000Z,6,1653.0,5.27157,-72.84153,[0.17935907232181295,0.9766661985023721,0.118124764036944]
2008-02-01T00:00:00.000Z,6,2686.0,5.77157,-72.84153,[0.17904650930920094,0.9767496564753969,0.11790867686215671]
2008-02-01T00:00:00.000Z,6,2685.0,6.27157,-72.84153,[0.19204492655986824,0.9787669015706388,0.07165262432337152]
2008-02-01T00:00:00.000Z,11,1547.0,6.77157,-72.84153,[0.15308631517756766,0.985319192233799,0.07556897194674476]
2008-02-01T00:00:00.000Z,6,3795.0,7.27157,-72.84153,[0.21506410294076442,0.9725676655210125,0.08865420243447067]
2008-02-01T00:00:00.000Z,7,1328.0,7.77157,-72.84153,[0.3025027850201322,0.9442495840102103,0.12994147971917422]
2008-02-01T00:00:00.000Z,10,973.0,8.27157,-72.84153,[0.35708496181656596,0.9230066161034701,0.14334963088087413]
2008-02-01T00:00:00.000Z,10,83.0,8.77157,-72.84153,[0.37770279250214284,0.913451434349154,0.1514829284822424]
2008-02-01T00:00:00.000Z,7,223.0,10.77157,-72.84153,[0.3223671655476093,0.9405536124212601,0.1069500478640304]
2008-02-01T00:00:00.000Z,10,51.0,11.27157,-72.84153,[0.35230712590645574,0.9308188271181634,0.09724196685536123]
2008-02-01T00:00:00.000Z,2,149.0,-2.22843,-72.34153,[0.3035825461349019,0.9526210930440024,0.01872673943590774]
2008-02-01T00:00:00.000Z,2,147.0,-1.72843,-72.34153,[0.3122873521888109,0.9499235047568392,0.011042860742798257]
2008-02-01T00:00:00.000Z,2,145.0,-1.22843,-72.34153,[0.3133662732400758,0.949630873659089,0.001668109439300784]
2008-02-01T00:00:00.000Z,2,205.0,-0.72843,-72.34153,[0.3119112252836665,0.9500744218410531,0.008365435160864618]
2008-02-01T00:00:00.000Z,2,176.0,-0.22843,-72.34153,[0.3132793319828765,0.949477360009641,0.018676267868209945]
2008-02-01T00:00:00.000Z,2,150.0,0.27157,-72.34153,[0.31536026064253425,0.9485066300863915,0.029716639945161882]
2008-02-01T00:00:00.000Z,4,218.0,0.77157,-72.34153,[0.31926454783675773,0.9467845211710747,0.04085607623658125]
2008-02-01T00:00:00.000Z,5,234.0,1.27157,-72.34153,[0.3255153043944523,0.9441191012513425,0.051758180583792224]
2008-02-01T00:00:00.000Z,5,237.0,1.77157,-72.34153,[0.33497279853618483,0.9402077413458824,0.06166544700325221]
2008-02-01T00:00:00.000Z,5,203.0,2.27157,-72.34153,[0.35857791488761614,0.9307206173185919,0.07197924320905824]
2008-02-01T00:00:00.000Z,3,188.0,2.77157,-72.34153,[0.3683388159111634,0.9262637870707199,0.07976160388664531]
2008-02-01T00:00:00.000Z,3,220.0,3.27157,-72.34153,[0.3811490229455212,0.9203016408575496,0.08814937403394602]
2008-02-01T00:00:00.000Z,3,180.0,3.77157,-72.34153,[0.38985863492423395,0.9157470813148372,0.097043947973946]
2008-02-01T00:00:00.000Z,3,190.0,4.27157,-72.34153,[0.39106107667660106,0.9143314141513412,0.10521073806672966]
2008-02-01T00:00:00.000Z,10,177.0,4.77157,-72.34153,[0.37933388765378445,0.9180979599736521,0.11489968481107382]
2008-02-01T00:00:00.000Z,7,257.0,5.27157,-72.34153,[0.2933001258620914,0.9482031466226518,0.12200749527870562]
2008-02-01T00:00:00.000Z,6,1342.0,5.77157,-72.34153,[0.20742412181098277,0.9693902835656134,0.1313686104802891]
2008-02-01T00:00:00.000Z,6,3317.0,6.27157,-72.34153,[0.19790282416098423,0.9768820256457094,0.08084540901895526]
2008-02-01T00:00:00.000Z,6,3467.0,6.77157,-72.34153,[0.23928622621812662,0.9684201720765019,0.07003193741148313]
2008-02-01T00:00:00.000Z,6,2203.0,7.27157,-72.34153,[0.2409249469981866,0.9672778812649966,0.07955294041969825]
2008-02-01T00:00:00.000Z,10,97.0,11.27157,-72.34153,[0.3323592173382734,0.9381309229019943,0.09719939374987241]
2008-02-01T00:00:00.000Z,10,19.0,11.77157,-72.34153,[0.3453952230083085,0.9339900786966245,0.09145858526849218]
2008-02-01T00:00:00.000Z,2,109.0,-2.22843,-71.84153,[0.30257392166848945,0.9529339601973116,0.019128236427318295]
2008-02-01T00:00:00.000Z,2,140.0,-1.72843,-71.84153,[0.30636503950825805,0.9518364204569544,0.012161055003381235]
2008-02-01T00:00:00.000Z,2,153.0,-1.22843,-71.84153,[0.3112515921718492,0.9503233023345814,0.0028403187118343654]
2008-02-01T00:00:00.000Z,2,136.0,-0.72843,-71.84153,[0.3137228408588109,0.949486931235568,0.007248898974389192]
2008-02-01T00:00:00.000Z,2,192.0,-0.22843,-71.84153,[0.3051111209625004,0.9521366498518495,0.018520363762704304]
2008-02-01T00:00:00.000Z,2,216.0,0.27157,-71.84153,[0.3092656122211479,0.9504842753978135,0.03056833850525632]
2008-02-01T00:00:00.000Z,5,215.0,0.77157,-71.84153,[0.3163009799189336,0.9476863975263434,0.04294394073514752]
2008-02-01T00:00:00.000Z,0,232.0,1.27157,-71.84153,[0.3091968759948483,0.9495022176219751,0.05331820145108014]
2008-02-01T00:00:00.000Z,5,233.0,1.77157,-71.84153,[0.3332448462384487,0.9406307357975834,0.06451117212087704]
2008-02-01T00:00:00.000Z,5,159.0,2.27157,-71.84153,[0.3535684715317211,0.932373154557724,0.07529698930768135]
2008-02-01T00:00:00.000Z,10,186.0,2.77157,-71.84153,[0.367044774233588,0.926351096875246,0.08456819157250067]
2008-02-01T00:00:00.000Z,3,222.0,3.27157,-71.84153,[0.38259739354700184,0.919065477977037,0.09454037043444032]
2008-02-01T00:00:00.000Z,3,206.0,3.77157,-71.84153,[0.38860402529036536,0.9155958149826953,0.1033015736293453]
2008-02-01T00:00:00.000Z,3,189.0,4.27157,-71.84153,[0.39480546267471744,0.9118460685974792,0.11254063188699241]
2008-02-01T00:00:00.000Z,3,149.0,4.77157,-71.84153,[0.3959508370928298,0.9098444767239493,0.12412075886172395]
2008-02-01T00:00:00.000Z,3,172.0,5.27157,-71.84153,[0.3928663247073251,0.9096474758456344,0.13489818604645787]
2008-02-01T00:00:00.000Z,10,213.0,5.77157,-71.84153,[0.3721327545677484,0.9184849635211468,0.1338005409681792]
2008-02-01T00:00:00.000Z,10,412.0,6.27157,-71.84153,[0.3464024438417848,0.932831777904649,0.09914747113109353]
2008-02-01T00:00:00.000Z,5,325.0,6.77157,-71.84153,[0.368372075779646,0.9270925475941277,0.06929229380836464]
2008-02-01T00:00:00.000Z,7,174.0,11.77157,-71.84153,[0.312376667520887,0.9457050483377442,0.08979297933051379]
2008-02-01T00:00:00.000Z,2,107.0,-2.22843,-71.34153,[0.2978998982447222,0.9544254432225137,0.018103147662563886]
2008-02-01T00:00:00.000Z,2,121.0,-1.72843,-71.34153,[0.30433566448621685,0.9525009346515183,0.01103507180388954]
2008-02-01T00:00:00.000Z,2,140.0,-1.22843,-71.34153,[0.3053669053241152,0.9522319146939013,0.00233104507881004]
2008-02-01T00:00:00.000Z,2,186.0,-0.72843,-71.34153,[0.31196233927916484,0.9500671241683658,0.007208220718192824]
2008-02-01T00:00:00.000Z,2,201.0,-0.22843,-71.34153,[0.304170558563281,0.952441401524405,0.018320697735857854]
2008-02-01T00:00:00.000Z,2,185.0,0.27157,-71.34153,[0.30967105891441254,0.9503698014959556,0.030017922569098222]
2008-02-01T00:00:00.000Z,0,228.0,0.77157,-71.34153,[0.30520987249480447,0.9513963994173982,0.04113179922293263]
2008-02-01T00:00:00.000Z,5,342.0,1.27157,-71.34153,[0.3154060540456728,0.9474359461294728,0.053704274067236185]
2008-02-01T00:00:00.000Z,5,222.0,1.77157,-71.34153,[0.3339037920854586,0.9402027829774756,0.06728286938263377]
2008-02-01T00:00:00.000Z,5,164.0,2.27157,-71.34153,[0.3467915760095445,0.9346613108063934,0.07838263130624651]
2008-02-01T00:00:00.000Z,10,189.0,2.77157,-71.34153,[0.3691862526794826,0.92497937489514,0.09008144565379374]
2008-02-01T00:00:00.000Z,3,209.0,3.27157,-71.34153,[0.3816157426490579,0.9189086655123525,0.09988137668612526]
2008-02-01T00:00:00.000Z,3,171.0,3.77157,-71.34153,[0.38920744949891745,0.914707760374712,0.1087532728924773]
2008-02-01T00:00:00.000Z,3,165.0,4.27157,-71.34153,[0.3969590129935069,0.9101703083636836,0.11837884851770651]
2008-02-01T00:00:00.000Z,3,131.0,4.77157,-71.34153,[0.4023820008406389,0.9060729451553394,0.13084549459959782]
2008-02-01T00:00:00.000Z,3,146.0,5.27157,-71.34153,[0.40337238913400014,0.9040118791939294,0.14160945575980857]
2008-02-01T00:00:00.000Z,3,151.0,5.77157,-71.34153,[0.40003615844643853,0.9054199173378465,0.142076898978486]
2008-02-01T00:00:00.000Z,3,157.0,6.27157,-71.34153,[0.39655547943469177,0.9110826606366932,0.11257058771049315]
2008-02-01T00:00:00.000Z,3,154.0,6.77157,-71.34153,[0.3857369411795814,0.9196192293339295,0.07421243324868032]
2008-02-01T00:00:00.000Z,2,97.0,-2.22843,-70.84153,[0.29269551343286193,0.9560633373135181,0.016499438208956697]
2008-02-01T00:00:00.000Z,2,137.0,-1.72843,-70.84153,[0.2979382998384057,0.9545484760207383,0.008365190726232161]
2008-02-01T00:00:00.000Z,2,114.0,-1.22843,-70.84153,[0.29585813437248487,0.9552318834584492,1.1467369549321119E-4]
2008-02-01T00:00:00.000Z,2,155.0,-0.72843,-70.84153,[0.30090392616177675,0.9536339813742464,0.006249543081821517]
2008-02-01T00:00:00.000Z,2,183.0,-0.22843,-70.84153,[0.3001606361504249,0.9537922917057904,0.013559380088648538]
2008-02-01T00:00:00.000Z,2,193.0,0.27157,-70.84153,[0.30763182914379056,0.9511834717204559,0.024751986252948666]
2008-02-01T00:00:00.000Z,0,250.0,0.77157,-70.84153,[0.3096104818539393,0.9501838925862274,0.035943285824422834]
2008-02-01T00:00:00.000Z,5,316.0,1.27157,-70.84153,[0.3179992049000914,0.9467428799877246,0.05054131849742897]
2008-02-01T00:00:00.000Z,5,186.0,1.77157,-70.84153,[0.3322519205084262,0.9407582468328473,0.06769477331707262]
2008-02-01T00:00:00.000Z,5,191.0,2.27157,-70.84153,[0.3481262082012923,0.9339031489385222,0.08144354833934292]
2008-02-01T00:00:00.000Z,10,160.0,2.77157,-70.84153,[0.3640156215796571,0.9265852185663999,0.09451169229377278]
2008-02-01T00:00:00.000Z,3,240.0,3.27157,-70.84153,[0.3832269929951721,0.9175470656658601,0.10603987046318024]
2008-02-01T00:00:00.000Z,3,186.0,3.77157,-70.84153,[0.39487400222517105,0.9114654388279935,0.11534849885789047]
2008-02-01T00:00:00.000Z,3,176.0,4.27157,-70.84153,[0.40187212698697033,0.9070828009134473,0.12529798816415183]
2008-02-01T00:00:00.000Z,3,146.0,4.77157,-70.84153,[0.40915175923856395,0.9021579426320279,0.13676945732850937]
2008-02-01T00:00:00.000Z,3,123.0,5.27157,-70.84153,[0.40767345895527807,0.901475113464488,0.14541310349355518]
2008-02-01T00:00:00.000Z,3,120.0,5.77157,-70.84153,[0.407397131361481,0.9008640792077819,0.14990493037772804]
2008-02-01T00:00:00.000Z,3,126.0,6.27157,-70.84153,[0.4043290540818049,0.9058113791090612,0.1265849971436322]
2008-02-01T00:00:00.000Z,3,122.0,6.77157,-70.84153,[0.4016877163877865,0.9116316967666076,0.08703233855068708]
2008-02-01T00:00:00.000Z,0,97.0,-3.72843,-70.34153,[0.2809633335478791,0.959226380940806,0.030730364606799274]
2008-02-01T00:00:00.000Z,2,132.0,-2.22843,-70.34153,[0.29177028641448877,0.9564207458142895,0.01137791464396269]
2008-02-01T00:00:00.000Z,2,129.0,-1.72843,-70.34153,[0.2927340980535478,0.9561893704760673,0.0029386434553638004]
2008-02-01T00:00:00.000Z,2,144.0,-1.22843,-70.34153,[0.2948885948243384,0.9555304855548328,0.0014858727646187592]
2008-02-01T00:00:00.000Z,2,134.0,-0.72843,-70.34153,[0.29488613893225113,0.9555225277029531,0.004343284216831606]
2008-02-01T00:00:00.000Z,2,170.0,-0.22843,-70.34153,[0.29722104161957646,0.9547795622682921,0.007459215330221032]
2008-02-01T00:00:00.000Z,2,177.0,0.27157,-70.34153,[0.3026060027821717,0.9530349972679891,0.012405686704096695]
2008-02-01T00:00:00.000Z,2,190.0,0.77157,-70.34153,[0.3101353400316047,0.9504527911234729,0.02134391503639561]
2008-02-01T00:00:00.000Z,0,195.0,1.27157,-70.34153,[0.31559378065109284,0.9479767729405932,0.04172054145728463]
2008-02-01T00:00:00.000Z,5,216.0,1.77157,-70.34153,[0.3240190778113959,0.9440405462550068,0.06163671179419786]
2008-02-01T00:00:00.000Z,5,168.0,2.27157,-70.34153,[0.34047072254516525,0.936924988337251,0.07906486779104392]
2008-02-01T00:00:00.000Z,10,193.0,2.77157,-70.34153,[0.3610504252458294,0.9274809836930908,0.09706500562768312]
2008-02-01T00:00:00.000Z,3,177.0,3.27157,-70.34153,[0.38051135557658894,0.9181021319605953,0.11090348762178873]
2008-02-01T00:00:00.000Z,3,174.0,3.77157,-70.34153,[0.3865539513611307,0.9144287021446103,0.11998412970564129]
2008-02-01T00:00:00.000Z,3,118.0,4.27157,-70.34153,[0.4023140733944701,0.9059199879627253,0.13210738722102106]
2008-02-01T00:00:00.000Z,3,116.0,4.77157,-70.34153,[0.40629797096628867,0.9030439001335532,0.1394047101795994]
2008-02-01T00:00:00.000Z,3,124.0,5.27157,-70.34153,[0.41108977239251604,0.8997978934185841,0.14618122325985622]
2008-02-01T00:00:00.000Z,3,105.0,5.77157,-70.34153,[0.4095004228252688,0.8991827466233173,0.15420697740657846]
2008-02-01T00:00:00.000Z,3,104.0,6.27157,-70.34153,[0.4068294307471651,0.902473737220824,0.14153080196415463]
2008-02-01T00:00:00.000Z,3,109.0,6.77157,-70.34153,[0.40390950764937744,0.9091532027302242,0.1014769116391192]
2008-02-01T00:00:00.000Z,0,140.0,-3.72843,-69.84153,[0.28329228520390426,0.9585820348178621,0.029427260633583856]
2008-02-01T00:00:00.000Z,8,128.0,-3.22843,-69.84153,[0.2826297179363725,0.9589615332315831,0.022654366496067214]
2008-02-01T00:00:00.000Z,2,61.0,-2.72843,-69.84153,[0.28609512501527284,0.9580860000511463,0.014859204167459908]
2008-02-01T00:00:00.000Z,2,111.0,-2.22843,-69.84153,[0.28723752883431447,0.9578309813657879,0.007376527977846208]
2008-02-01T00:00:00.000Z,2,145.0,-1.72843,-69.84153,[0.29107182071108834,0.9567011781511741,2.2563707031867313E-4]
2008-02-01T00:00:00.000Z,2,68.0,-1.22843,-69.84153,[0.29107108716969804,0.9566987671314106,0.0022563650168193647]
2008-02-01T00:00:00.000Z,2,122.0,-0.72843,-69.84153,[0.29368408550267194,0.9558906721187354,0.004762444629773059]
2008-02-01T00:00:00.000Z,2,188.0,0.77157,-69.84153,[0.3105476784275359,0.9503930837914399,0.017695358280210533]
2008-02-01T00:00:00.000Z,4,195.0,1.77157,-69.84153,[0.32282630982733745,0.9455062707302543,0.04243896432561627]
2008-02-01T00:00:00.000Z,5,182.0,2.27157,-69.84153,[0.33788950229603054,0.9391340578522024,0.0621120408632409]
2008-02-01T00:00:00.000Z,10,180.0,2.77157,-69.84153,[0.35312725533578454,0.9314371082769969,0.08789797986075507]
2008-02-01T00:00:00.000Z,10,198.0,3.27157,-69.84153,[0.36639022197109866,0.9238832575602163,0.1104442467668276]
2008-02-01T00:00:00.000Z,10,149.0,3.77157,-69.84153,[0.3792509946983826,0.9169747264671608,0.12379836041225775]
2008-02-01T00:00:00.000Z,3,188.0,4.27157,-69.84153,[0.3882906668592216,0.9119994310572463,0.13223991750330072]
2008-02-01T00:00:00.000Z,3,143.0,4.77157,-69.84153,[0.39766726390775176,0.9067377684137744,0.14031167644972092]
2008-02-01T00:00:00.000Z,3,100.0,5.27157,-69.84153,[0.4015265620843619,0.9037894701333516,0.1481249932212275]
2008-02-01T00:00:00.000Z,3,112.0,5.77157,-69.84153,[0.4009051951066367,0.9027475138039515,0.15595496419573776]
2008-02-01T00:00:00.000Z,3,98.0,6.27157,-69.84153,[0.3994343487457482,0.9061372858472451,0.1391668791036423]
2008-02-01T00:00:00.000Z,2,169.0,0.77157,-69.34153,[0.3047336216591831,0.9522925676849473,0.016621833908682715]
2008-02-01T00:00:00.000Z,4,182.0,1.77157,-69.34153,[0.3214187329043956,0.9463332210419381,0.03381468453975612]
2008-02-01T00:00:00.000Z,5,167.0,2.27157,-69.34153,[0.3327029349185808,0.9418428672327471,0.0473367778726069]
2008-02-01T00:00:00.000Z,5,128.0,2.77157,-69.34153,[0.3467534770280406,0.9347267641625443,0.07776826169578158]
2008-02-01T00:00:00.000Z,10,182.0,3.27157,-69.34153,[0.3571863418484664,0.9276566144409811,0.10895468269334516]
2008-02-01T00:00:00.000Z,10,123.0,3.77157,-69.34153,[0.37230463405552316,0.9194997011905092,0.12613310022094593]
2008-02-01T00:00:00.000Z,10,172.0,4.27157,-69.34153,[0.3827648013462486,0.9143074406716043,0.1324122758014054]
2008-02-01T00:00:00.000Z,3,142.0,4.77157,-69.34153,[0.3966582268866307,0.907043637705792,0.1411881381016049]
2008-02-01T00:00:00.000Z,3,117.0,5.27157,-69.34153,[0.40436552012918814,0.9020461602881888,0.15100083059369682]
2008-02-01T00:00:00.000Z,3,83.0,5.77157,-69.34153,[0.4052414709590186,0.9011663480067685,0.15387840470681613]
2008-02-01T00:00:00.000Z,4,139.0,1.77157,-68.84153,[0.3192532052690448,0.9470782818018505,0.03346817988322329]
2008-02-01T00:00:00.000Z,5,178.0,2.27157,-68.84153,[0.3267256856745864,0.9440081619306313,0.04581393378462834]
2008-02-01T00:00:00.000Z,5,155.0,2.77157,-68.84153,[0.3385351989142887,0.9380502602643199,0.07386222521766297]
2008-02-01T00:00:00.000Z,10,154.0,3.27157,-68.84153,[0.3559322648737355,0.9284638795460787,0.106146348029961]
2008-02-01T00:00:00.000Z,10,118.0,3.77157,-68.84153,[0.3642348635001744,0.9228141241329507,0.1254872762942297]
2008-02-01T00:00:00.000Z,10,168.0,4.27157,-68.84153,[0.3822355821019705,0.9144455419036726,0.13298612960631057]
2008-02-01T00:00:00.000Z,3,130.0,4.77157,-68.84153,[0.40243202626008656,0.9040938672144411,0.14374541211961311]
2008-02-01T00:00:00.000Z,3,118.0,5.27157,-68.84153,[0.40568488042162676,0.9012100111788388,0.15244767478819607]
2008-02-01T00:00:00.000Z,3,76.0,5.77157,-68.84153,[0.41449766378800773,0.8973660762420785,0.15141272048338564]
2008-02-01T00:00:00.000Z,4,140.0,1.77157,-68.34153,[0.31708266358087694,0.9477117528588294,0.03606962641477634]
2008-02-01T00:00:00.000Z,5,115.0,2.27157,-68.34153,[0.3201789837473986,0.9462538739003046,0.045705847494052446]
2008-02-01T00:00:00.000Z,5,126.0,2.77157,-68.34153,[0.3344886750776442,0.940217257581887,0.0641001933694249]
2008-02-01T00:00:00.000Z,10,132.0,3.27157,-68.34153,[0.34450975647944493,0.9343897711708687,0.09071264091473155]
2008-02-01T00:00:00.000Z,10,110.0,3.77157,-68.34153,[0.3608328739005684,0.9249518739423022,0.11943059910793463]
2008-02-01T00:00:00.000Z,10,121.0,4.27157,-68.34153,[0.38273255713875654,0.9140863478056213,0.13402215660632058]
2008-02-01T00:00:00.000Z,3,109.0,4.77157,-68.34153,[0.40170240721108713,0.9041708419937691,0.14529371813363726]
2008-02-01T00:00:00.000Z,3,89.0,5.27157,-68.34153,[0.41225699553858935,0.8976790551318089,0.15561646316234806]
2008-02-01T00:00:00.000Z,3,65.0,5.77157,-68.34153,[0.42895432795401844,0.8884443877284924,0.16329346111605517]
2008-02-01T00:00:00.000Z,5,136.0,2.27157,-67.84153,[0.3226863175327776,0.9454351886384702,0.045009383035937246]
2008-02-01T00:00:00.000Z,5,120.0,2.77157,-67.84153,[0.3323573488587352,0.9414777264034717,0.05619860626156795]
2008-02-01T00:00:00.000Z,5,103.0,3.27157,-67.84153,[0.34484341023314086,0.9347719584534069,0.08534874403270236]
2008-02-01T00:00:00.000Z,10,95.0,3.77157,-67.84153,[0.3624500221844646,0.924565495186336,0.11751011245559484]
2008-02-01T00:00:00.000Z,10,110.0,4.27157,-67.84153,[0.3783975453509098,0.9157746149638338,0.13480412553126161]
2008-02-01T00:00:00.000Z,3,101.0,4.77157,-67.84153,[0.4028096365686625,0.9032284342171032,0.1480634739196073]
2008-02-01T00:00:00.000Z,3,80.0,5.77157,-67.84153,[0.44117157216376446,0.8808476474727365,0.17168303893017003]
2008-02-01T00:00:00.000Z,3,54.0,6.27157,-67.84153,[0.4248269159388476,0.8921365234715799,0.1536701499378797]
2008-02-01T00:00:00.000Z,4,114.0,2.27157,-67.34153,[0.3306902694207021,0.9427678953666563,0.042809358514098166]
