2006-04-01T00:00:00.000Z,8,10.0,1.77157,-78.84153,[0.2807105809262895,0.9596384975852221,0.017190803017966563]
2006-04-01T00:00:00.000Z,2,235.0,1.27157,-78.34153,[0.28793723987267295,0.9575587279486566,0.013169222598827678]
2006-04-01T00:00:00.000Z,2,57.0,1.77157,-78.34153,[0.28600537117410485,0.9581179934332511,0.01452027269037763]
2006-04-01T00:00:00.000Z,8,1772.0,1.27157,-77.84153,[0.25437241088014956,0.9670537344667756,0.010087181810764553]
2006-04-01T00:00:00.000Z,2,528.0,1.77157,-77.84153,[0.2871234900123414,0.9578173566434866,0.012083575448395837]
2006-04-01T00:00:00.000Z,2,116.0,2.27157,-77.84153,[0.2900418988224416,0.9569185374028281,0.013513315740591027]
2006-04-01T00:00:00.000Z,8,167.0,7.27157,-77.84153,[0.266368172224984,0.9638462778100827,0.0069533860219373345]
2006-04-01T00:00:00.000Z,11,2201.0,0.77157,-77.34153,[0.16943740748936537,0.9855251739413088,0.005576421005979114]
2006-04-01T00:00:00.000Z,1,2447.0,1.27157,-77.34153,[0.21450276207189278,0.9766953176572987,0.0074041562542582285]
2006-04-01T00:00:00.000Z,1,1706.0,1.77157,-77.34153,[0.2008292989632628,0.9795769529218722,0.00982781675777669]
2006-04-01T00:00:00.000Z,8,2096.0,2.27157,-77.34153,[0.26722214409466577,0.9635520465488155,0.012640383579581698]
2006-04-01T00:00:00.000Z,2,57.0,2.77157,-77.34153,[0.2869142331180545,0.9578521321018126,0.014125008399658068]
2006-04-01T00:00:00.000Z,8,74.0,3.27157,-77.34153,[0.28324495802872035,0.9589247243186068,0.015351444290106217]
2006-04-01T00:00:00.000Z,8,28.0,4.27157,-77.34153,[0.2713278502985841,0.9620747058297123,0.028168387511914077]
2006-04-01T00:00:00.000Z,8,14.0,5.27157,-77.34153,[0.2601696948568896,0.9651785542534023,0.02724129746148609]
2006-04-01T00:00:00.000Z,8,499.0,6.27157,-77.34153,[0.27637456931505566,0.9609331179261936,0.014988005489778019]
2006-04-01T00:00:00.000Z,2,695.0,6.77157,-77.34153,[0.2924622440743245,0.9562529553441396,0.006791258102100418]
2006-04-01T00:00:00.000Z,2,345.0,7.27157,-77.34153,[0.29587501993989307,0.9552219744875948,0.00299199458366184]
2006-04-01T00:00:00.000Z,8,279.0,0.27157,-76.84153,[0.2581343301532535,0.9660976828942442,0.004683449871978862]
2006-04-01T00:00:00.000Z,1,485.0,0.77157,-76.84153,[0.18250315946732862,0.9831962116968224,0.004219726230458466]
2006-04-01T00:00:00.000Z,11,3335.0,1.27157,-76.84153,[0.14952272908221037,0.9887453704802505,0.005054289433764858]
2006-04-01T00:00:00.000Z,11,2008.0,1.77157,-76.84153,[0.15466212107741187,0.9879437530046922,0.0068388012721304564]
2006-04-01T00:00:00.000Z,1,1013.0,2.27157,-76.84153,[0.19569633053995897,0.9806204104106141,0.009303596042063622]
2006-04-01T00:00:00.000Z,1,2856.0,2.77157,-76.84153,[0.23706534668658713,0.971416606655271,0.012239187666144732]
2006-04-01T00:00:00.000Z,8,1911.0,3.27157,-76.84153,[0.24768614197956884,0.9687280219645359,0.014751085789005433]
2006-04-01T00:00:00.000Z,8,794.0,3.77157,-76.84153,[0.2697943258736094,0.9627741064441303,0.01664456929784768]
2006-04-01T00:00:00.000Z,8,70.0,4.27157,-76.84153,[0.27806827589419125,0.9604050452037837,0.017325792574945764]
2006-04-01T00:00:00.000Z,8,24.0,4.77157,-76.84153,[0.2803917625097792,0.9595155371057082,0.02665320936404745]
2006-04-01T00:00:00.000Z,8,133.0,5.27157,-76.84153,[0.27953220290253417,0.9597626586349367,0.02678407419446335]
2006-04-01T00:00:00.000Z,8,76.0,5.77157,-76.84153,[0.27463515954428697,0.9612230584050044,0.025015218020506762]
2006-04-01T00:00:00.000Z,8,38.0,6.27157,-76.84153,[0.2759574194336673,0.9609811312043002,0.01904647287071586]
2006-04-01T00:00:00.000Z,2,20.0,6.77157,-76.84153,[0.297814714608044,0.9545628352548873,0.010779114670515025]
2006-04-01T00:00:00.000Z,2,15.0,7.27157,-76.84153,[0.3020446228784198,0.9532932521330053,0.0010105582178088395]
2006-04-01T00:00:00.000Z,2,8.0,7.77157,-76.84153,[0.3196594138184865,0.9474797013900464,0.01000372985690947]
2006-04-01T00:00:00.000Z,8,294.0,0.77157,-76.34153,[0.24253227180977385,0.9701290872390954,0.0052584430613623525]
2006-04-01T00:00:00.000Z,11,1412.0,1.27157,-76.34153,[0.1763271792353334,0.9843205476137141,0.0046674841562294135]
2006-04-01T00:00:00.000Z,11,2388.0,1.77157,-76.34153,[0.13119144242557942,0.9913417867158703,0.005501576617846879]
2006-04-01T00:00:00.000Z,11,3852.0,2.27157,-76.34153,[0.1406716168201033,0.9900297880748179,0.007246719654368958]
2006-04-01T00:00:00.000Z,1,2450.0,2.77157,-76.34153,[0.20024394078033428,0.9796880973661516,0.010658145235082309]
2006-04-01T00:00:00.000Z,1,990.0,3.27157,-76.34153,[0.20810883009511602,0.9780036730376696,0.01412552162821772]
2006-04-01T00:00:00.000Z,1,962.0,3.77157,-76.34153,[0.22846470590130005,0.9734112350960604,0.016566398105639292]
2006-04-01T00:00:00.000Z,1,1899.0,4.27157,-76.34153,[0.20112350683640465,0.9794295775626998,0.01634128493045788]
2006-04-01T00:00:00.000Z,1,1358.0,4.77157,-76.34153,[0.23364934618610886,0.9721098944532144,0.020256755242740627]
2006-04-01T00:00:00.000Z,1,407.0,5.27157,-76.34153,[0.21775768461917266,0.9756812762305648,0.025052704492594134]
2006-04-01T00:00:00.000Z,1,480.0,5.77157,-76.34153,[0.20828897892505746,0.97768296230129,0.027417630899318784]
2006-04-01T00:00:00.000Z,1,1095.0,6.27157,-76.34153,[0.21437739266572967,0.9764890235923985,0.022616814926234477]
2006-04-01T00:00:00.000Z,8,1485.0,6.77157,-76.34153,[0.24735749115166086,0.968816840344005,0.014429186983846884]
2006-04-01T00:00:00.000Z,2,827.0,7.27157,-76.34153,[0.28469155852422035,0.9586098572182731,0.004225890321843896]
2006-04-01T00:00:00.000Z,2,201.0,7.77157,-76.34153,[0.3066301477800546,0.9518073360458945,0.0063833785411461196]
2006-04-01T00:00:00.000Z,2,165.0,8.27157,-76.34153,[0.31515068895472487,0.9488900743800444,0.016960837078290648]
2006-04-01T00:00:00.000Z,4,99.0,8.77157,-76.34153,[0.3371948158458334,0.9410365959952869,0.027382132208757393]
2006-04-01T00:00:00.000Z,8,267.0,0.27157,-75.84153,[0.27860503794863134,0.9603679543405763,0.008522036454899313]
2006-04-01T00:00:00.000Z,8,241.0,0.77157,-75.84153,[0.2728471122097333,0.9620306546040396,0.00717446589874199]
2006-04-01T00:00:00.000Z,1,250.0,1.27157,-75.84153,[0.21547988733532852,0.9764917821196107,0.005676055568833044]
2006-04-01T00:00:00.000Z,1,1712.0,1.77157,-75.84153,[0.22763854501290023,0.973726599241784,0.006099405990776275]
2006-04-01T00:00:00.000Z,1,1262.0,2.27157,-75.84153,[0.19776491301593394,0.9802260906007161,0.006771298652175999]
2006-04-01T00:00:00.000Z,11,2705.0,2.77157,-75.84153,[0.15938664754836104,0.9871689138479135,0.009666028948094154]
2006-04-01T00:00:00.000Z,11,1867.0,3.27157,-75.84153,[0.1381846801050491,0.990323540752852,0.01281712974887412]
2006-04-01T00:00:00.000Z,11,3782.0,3.77157,-75.84153,[0.15895816603674348,0.9871605852600311,0.01569332212464665]
2006-04-01T00:00:00.000Z,1,2035.0,4.27157,-75.84153,[0.21155343118253156,0.9772265095233691,0.01653767939193394]
2006-04-01T00:00:00.000Z,1,1185.0,4.77157,-75.84153,[0.21804402999285136,0.9758010055125627,0.01640727354401654]
2006-04-01T00:00:00.000Z,1,1530.0,5.27157,-75.84153,[0.23611906251835857,0.9714612857898182,0.02259996741247146]
2006-04-01T00:00:00.000Z,1,1704.0,5.77157,-75.84153,[0.223670161879288,0.9741573547839041,0.03145006844698618]
2006-04-01T00:00:00.000Z,1,488.0,6.27157,-75.84153,[0.19103783799663807,0.9812398042554591,0.02594207004613437]
2006-04-01T00:00:00.000Z,1,896.0,6.77157,-75.84153,[0.20684735595589754,0.9782156208747654,0.01756047865667255]
2006-04-01T00:00:00.000Z,8,2421.0,7.27157,-75.84153,[0.2635749702767274,0.9646187708882721,0.006233930832271145]
2006-04-01T00:00:00.000Z,2,131.0,7.77157,-75.84153,[0.32004983296982187,0.9473938896244364,0.0035947626166900276]
2006-04-01T00:00:00.000Z,4,43.0,8.27157,-75.84153,[0.32351955533886084,0.9461201384550139,0.013848498951555554]
2006-04-01T00:00:00.000Z,4,10.0,8.77157,-75.84153,[0.3305160782214815,0.9434944786109666,0.0240268780267389]
2006-04-01T00:00:00.000Z,4,155.0,9.27157,-75.84153,[0.3478250461003458,0.9369230995308612,0.03453755739447096]
2006-04-01T00:00:00.000Z,8,228.0,0.27157,-75.34153,[0.2782763745596302,0.9604324678381012,0.011477546966272687]
2006-04-01T00:00:00.000Z,8,189.0,0.77157,-75.34153,[0.27243361609289196,0.9620982426587564,0.01212007819625858]
2006-04-01T00:00:00.000Z,8,244.0,1.27157,-75.34153,[0.26656692574436336,0.9637419623065445,0.011979323383653578]
2006-04-01T00:00:00.000Z,1,1357.0,1.77157,-75.34153,[0.20536655580727559,0.9786345057346704,0.009953991225352642]
2006-04-01T00:00:00.000Z,1,2437.0,2.27157,-75.34153,[0.24095662711624657,0.9704889036847905,0.00954943314838581]
2006-04-01T00:00:00.000Z,8,485.0,2.77157,-75.34153,[0.28171104554107085,0.959433929691106,0.011199168613722898]
2006-04-01T00:00:00.000Z,8,694.0,3.27157,-75.34153,[0.27962636457659557,0.96001278202815,0.013585086538134198]
2006-04-01T00:00:00.000Z,1,442.0,3.77157,-75.34153,[0.22336798543187134,0.9746008798324576,0.016120425363715243]
2006-04-01T00:00:00.000Z,11,2270.0,4.27157,-75.34153,[0.11834275865565382,0.992822435447432,0.017280137325825555]
2006-04-01T00:00:00.000Z,11,4229.0,4.77157,-75.34153,[0.15520036010034327,0.9877320930889396,0.017267324832356074]
2006-04-01T00:00:00.000Z,11,3209.0,5.27157,-75.34153,[0.1768071351926263,0.9840159012208666,0.02125895316006578]
2006-04-01T00:00:00.000Z,1,1992.0,5.77157,-75.34153,[0.19746912108558146,0.9797921417798249,0.031832453945489905]
2006-04-01T00:00:00.000Z,1,2185.0,6.27157,-75.34153,[0.20132871934708188,0.9790933509300194,0.029033720579526547]
2006-04-01T00:00:00.000Z,8,2092.0,6.77157,-75.34153,[0.24625006084315554,0.9690099796815081,0.019508121703159076]
2006-04-01T00:00:00.000Z,2,869.0,7.27157,-75.34153,[0.3107511417741388,0.9504659464520362,0.00694352368066757]
2006-04-01T00:00:00.000Z,4,83.0,7.77157,-75.34153,[0.33238901592513387,0.9431391511939311,0.0024664909308932197]
2006-04-01T00:00:00.000Z,4,30.0,8.27157,-75.34153,[0.3389472147103409,0.9407271818802795,0.012130742421212202]
2006-04-01T00:00:00.000Z,4,74.0,8.77157,-75.34153,[0.342820636427353,0.9391354054242276,0.022331625964457855]
2006-04-01T00:00:00.000Z,4,180.0,9.27157,-75.34153,[0.33403499262990227,0.9420267418051921,0.03172130865262381]
2006-04-01T00:00:00.000Z,4,136.0,9.77157,-75.34153,[0.33750107725274664,0.940438944800358,0.04083642927613304]
2006-04-01T00:00:00.000Z,5,79.0,10.27157,-75.34153,[0.32323517733940377,0.9451115511336914,0.04778259143278142]
2006-04-01T00:00:00.000Z,8,205.0,0.27157,-74.84153,[0.2732883411872292,0.9618468570691153,0.01281039099315137]
2006-04-01T00:00:00.000Z,8,239.0,0.77157,-74.84153,[0.2699166661133049,0.9627736200734419,0.01455849734548141]
2006-04-01T00:00:00.000Z,8,226.0,1.27157,-74.84153,[0.2734184141804335,0.9617894804699955,0.014260646700391236]
2006-04-01T00:00:00.000Z,8,258.0,1.77157,-74.84153,[0.26896597228918645,0.9630717072290225,0.012255304382531479]
2006-04-01T00:00:00.000Z,1,576.0,2.27157,-74.84153,[0.19471578415190582,0.980790616468859,0.01164173735934675]
2006-04-01T00:00:00.000Z,1,1998.0,2.77157,-74.84153,[0.210306904601978,0.9775572198835661,0.012364777808256998]
2006-04-01T00:00:00.000Z,1,2106.0,3.27157,-74.84153,[0.2114194477023796,0.9772967607026665,0.013887355878489643]
2006-04-01T00:00:00.000Z,8,361.0,3.77157,-74.84153,[0.2815090968490461,0.9593830020615491,0.018354393114557804]
2006-04-01T00:00:00.000Z,8,289.0,4.27157,-74.84153,[0.267589958273154,0.9633238497833546,0.020069246870486553]
2006-04-01T00:00:00.000Z,8,277.0,4.77157,-74.84153,[0.2805820570582589,0.9595906351392454,0.021436469159250977]
2006-04-01T00:00:00.000Z,2,325.0,5.27157,-74.84153,[0.29217853942401917,0.9560171366594343,0.025747534125488275]
2006-04-01T00:00:00.000Z,8,379.0,5.77157,-74.84153,[0.26786352214040715,0.9628026197416242,0.03549998486198167]
2006-04-01T00:00:00.000Z,8,978.0,6.27157,-74.84153,[0.24760321253509668,0.9683803608893823,0.030530735104963194]
2006-04-01T00:00:00.000Z,8,1143.0,6.77157,-74.84153,[0.2678670062845775,0.9632497545993407,0.019929305267572566]
2006-04-01T00:00:00.000Z,2,322.0,7.27157,-74.84153,[0.30042873812113347,0.9537774808752714,0.007147746929276038]
2006-04-01T00:00:00.000Z,4,55.0,7.77157,-74.84153,[0.34270420082245623,0.9394408861706492,0.002156879585595878]
2006-04-01T00:00:00.000Z,4,27.0,8.27157,-74.84153,[0.3533772239956355,0.9354102988119763,0.011493930469062193]
2006-04-01T00:00:00.000Z,4,14.0,8.77157,-74.84153,[0.36805303405962747,0.9295537378980352,0.021605843637630007]
2006-04-01T00:00:00.000Z,4,48.0,9.27157,-74.84153,[0.35938601534304937,0.9326626695753878,0.031337465697733026]
2006-04-01T00:00:00.000Z,4,15.0,9.77157,-74.84153,[0.34694726927609076,0.9370019561083157,0.040680788967936]
2006-04-01T00:00:00.000Z,5,5.0,10.27157,-74.84153,[0.3418228186383007,0.9385029331518009,0.04867653565768028]
2006-04-01T00:00:00.000Z,2,171.0,-0.72843,-74.34153,[0.2875377665561638,0.9577303555254733,0.008637065991611004]
2006-04-01T00:00:00.000Z,8,219.0,-0.22843,-74.34153,[0.2739997806372299,0.9616645997462311,0.011194543566890716]
2006-04-01T00:00:00.000Z,8,201.0,0.27157,-74.34153,[0.2724455251073889,0.962073260535467,0.01372870028861452]
2006-04-01T00:00:00.000Z,8,242.0,0.77157,-74.34153,[0.26978750047301336,0.9627710801193811,0.016927843166934173]
2006-04-01T00:00:00.000Z,8,251.0,1.27157,-74.34153,[0.27159694752785074,0.9622594976865649,0.01708090177811874]
2006-04-01T00:00:00.000Z,8,298.0,1.77157,-74.34153,[0.27740205142951985,0.9606530185691543,0.013924071842182124]
2006-04-01T00:00:00.000Z,8,313.0,2.27157,-74.34153,[0.27627182427662245,0.9609454757447737,0.016052157378918377]
2006-04-01T00:00:00.000Z,1,364.0,2.77157,-74.34153,[0.23775996365442315,0.9712069943919518,0.015072283410235754]
2006-04-01T00:00:00.000Z,11,899.0,3.27157,-74.34153,[0.1294470138706807,0.9914236411180816,0.0179620275060867]
2006-04-01T00:00:00.000Z,11,3444.0,3.77157,-74.34153,[0.1274284351384679,0.9916809670050124,0.018189381467345823]
2006-04-01T00:00:00.000Z,11,2263.0,4.27157,-74.34153,[0.14865358293776626,0.9886959777941365,0.01955443104416254]
2006-04-01T00:00:00.000Z,11,2655.0,4.77157,-74.34153,[0.1841838057300232,0.9826509635376511,0.021757977050524714]
2006-04-01T00:00:00.000Z,8,1104.0,5.27157,-74.34153,[0.256578225178896,0.9661941533933323,0.02522840289415923]
2006-04-01T00:00:00.000Z,0,744.0,5.77157,-74.34153,[0.28716158265944325,0.9572052755314775,0.03600397115919535]
2006-04-01T00:00:00.000Z,2,119.0,6.27157,-74.34153,[0.2998826482916715,0.9534730355940324,0.030976888944414416]
2006-04-01T00:00:00.000Z,8,97.0,6.77157,-74.34153,[0.26146066175863264,0.9650661824261724,0.016899286674643327]
2006-04-01T00:00:00.000Z,8,575.0,7.27157,-74.34153,[0.25966005872020226,0.9656779043313307,0.006545150240467908]
2006-04-01T00:00:00.000Z,2,1234.0,7.77157,-74.34153,[0.3155206554612376,0.948916598140886,0.002001436993597403]
2006-04-01T00:00:00.000Z,4,715.0,8.27157,-74.34153,[0.3536682766252074,0.9353108779042941,0.010597725362288445]
2006-04-01T00:00:00.000Z,4,14.0,8.77157,-74.34153,[0.3739438245892533,0.9272280548488628,0.020350684331387935]
2006-04-01T00:00:00.000Z,4,37.0,9.27157,-74.34153,[0.36185157116237526,0.9317362755714124,0.030511526209510385]
2006-04-01T00:00:00.000Z,4,95.0,9.77157,-74.34153,[0.3528682380411399,0.9347912972668795,0.040610800728945226]
2006-04-01T00:00:00.000Z,5,119.0,10.27157,-74.34153,[0.33450399885653004,0.9411671652414914,0.048077456466476175]
2006-04-01T00:00:00.000Z,0,5.0,10.77157,-74.34153,[0.3105995291551917,0.9489182465528692,0.05551660875451065]
2006-04-01T00:00:00.000Z,2,156.0,-1.22843,-73.84153,[0.2873431044747073,0.9578103482490242,0.005768630506499806]
2006-04-01T00:00:00.000Z,8,195.0,-0.72843,-73.84153,[0.2789570777282863,0.9602560944877548,0.009548915353006724]
2006-04-01T00:00:00.000Z,8,174.0,-0.22843,-73.84153,[0.266649620563461,0.9637179199892015,0.01207271904125906]
2006-04-01T00:00:00.000Z,8,241.0,0.27157,-73.84153,[0.26664025394593804,0.96368406741091,0.014696706910406034]
2006-04-01T00:00:00.000Z,8,232.0,0.77157,-73.84153,[0.2673269048890387,0.9634251984040257,0.01866046630205839]
2006-04-01T00:00:00.000Z,8,267.0,1.27157,-73.84153,[0.26992430905988024,0.9626597428580884,0.02066607991239708]
2006-04-01T00:00:00.000Z,8,265.0,1.77157,-73.84153,[0.2547000195135252,0.9668204822350142,0.019648287219614802]
2006-04-01T00:00:00.000Z,1,554.0,2.27157,-73.84153,[0.23433547488191572,0.9719827958145548,0.01833929803423688]
2006-04-01T00:00:00.000Z,8,995.0,2.77157,-73.84153,[0.2662875891154985,0.9635546899319846,0.02555933084281291]
2006-04-01T00:00:00.000Z,8,363.0,3.27157,-73.84153,[0.2504435440572852,0.9676712255489996,0.029840081845123337]
2006-04-01T00:00:00.000Z,11,545.0,3.77157,-73.84153,[0.1862616636499581,0.9820128822433903,0.0309401319062986]
2006-04-01T00:00:00.000Z,11,1499.0,4.27157,-73.84153,[0.14059560653275263,0.9894948368858123,0.03365773610935594]
2006-04-01T00:00:00.000Z,11,3610.0,4.77157,-73.84153,[0.13011373128528445,0.9907840685576169,0.037647661593201154]
2006-04-01T00:00:00.000Z,11,2585.0,5.27157,-73.84153,[0.15323611756587366,0.9874088900105633,0.03927309768079014]
2006-04-01T00:00:00.000Z,1,2622.0,5.77157,-73.84153,[0.2341140563799663,0.9714144330336157,0.03930149996242873]
2006-04-01T00:00:00.000Z,2,616.0,6.27157,-73.84153,[0.2927685654625045,0.9559337251086323,0.02184674522580053]
2006-04-01T00:00:00.000Z,2,101.0,6.77157,-73.84153,[0.3168858385971177,0.9483777615568415,0.012766623713265174]
2006-04-01T00:00:00.000Z,4,89.0,7.27157,-73.84153,[0.32702689512112026,0.9450029851898565,0.004771566797140901]
2006-04-01T00:00:00.000Z,4,59.0,7.77157,-73.84153,[0.3347501840226168,0.942303898796761,0.0023825635873495855]
2006-04-01T00:00:00.000Z,4,38.0,8.27157,-73.84153,[0.35381754331866033,0.9352659536675075,0.009525856935502394]
2006-04-01T00:00:00.000Z,4,29.0,8.77157,-73.84153,[0.3737582090571838,0.9273313640525317,0.01900900857060591]
2006-04-01T00:00:00.000Z,4,52.0,9.27157,-73.84153,[0.377499857624003,0.9255255130022969,0.029939643880524374]
2006-04-01T00:00:00.000Z,4,46.0,9.77157,-73.84153,[0.31970180450982005,0.946713870719002,0.03903335985294314]
2006-04-01T00:00:00.000Z,11,931.0,10.27157,-73.84153,[0.1568960456195275,0.9865433171530896,0.045999067920270566]
2006-04-01T00:00:00.000Z,0,2665.0,10.77157,-73.84153,[0.3007084197829559,0.9522433293126937,0.052981959676044625]
2006-04-01T00:00:00.000Z,2,139.0,-1.72843,-73.34153,[0.2864513049043739,0.9580928114794022,0.0019530770788934585]
2006-04-01T00:00:00.000Z,8,199.0,-1.22843,-73.34153,[0.2815204845343077,0.9595335598822015,0.0064470339969688786]
2006-04-01T00:00:00.000Z,8,223.0,-0.72843,-73.34153,[0.2787958390240465,0.9602967788606045,0.010147741267158778]
2006-04-01T00:00:00.000Z,8,171.0,-0.22843,-73.34153,[0.2706618621019497,0.9625873228061558,0.012953855657019384]
2006-04-01T00:00:00.000Z,8,209.0,0.27157,-73.34153,[0.26912708533449076,0.9629703522124747,0.016084548459444174]
2006-04-01T00:00:00.000Z,8,237.0,0.77157,-73.34153,[0.25999794193837444,0.9654106848070317,0.019577534273447314]
2006-04-01T00:00:00.000Z,8,249.0,1.27157,-73.34153,[0.2609480776697887,0.9650936840803297,0.02236697808598189]
2006-04-01T00:00:00.000Z,8,294.0,1.77157,-73.34153,[0.268969457543935,0.9628478635814015,0.024071196589535035]
2006-04-01T00:00:00.000Z,8,229.0,2.27157,-73.34153,[0.276454162497263,0.9607046949617531,0.024891466738259316]
2006-04-01T00:00:00.000Z,8,267.0,2.77157,-73.34153,[0.27957131369218896,0.959754394897323,0.02667174601890998]
2006-04-01T00:00:00.000Z,0,234.0,3.27157,-73.34153,[0.28478841022813656,0.9580238474341145,0.03295252869306407]
2006-04-01T00:00:00.000Z,0,256.0,3.77157,-73.34153,[0.2920972066283512,0.9557510132590495,0.034917367229136236]
2006-04-01T00:00:00.000Z,1,300.0,4.27157,-73.34153,[0.2265376906037296,0.9733533309193741,0.03555232656364752]
2006-04-01T00:00:00.000Z,11,1229.0,4.77157,-73.34153,[0.16904104749158821,0.9848004250638979,0.03991549895607825]
2006-04-01T00:00:00.000Z,11,2684.0,5.27157,-73.34153,[0.14096921815125774,0.9890221336961258,0.044304611418966716]
2006-04-01T00:00:00.000Z,1,3515.0,5.77157,-73.34153,[0.2056257523978521,0.9778160778919138,0.03992202107724256]
2006-04-01T00:00:00.000Z,1,1301.0,6.27157,-73.34153,[0.213688289236426,0.9767065745402299,0.019534131490804598]
2006-04-01T00:00:00.000Z,8,1945.0,6.77157,-73.34153,[0.2688271968071023,0.9631123125279244,0.012108332418171138]
2006-04-01T00:00:00.000Z,1,351.0,7.27157,-73.34153,[0.2262739644142532,0.9740555420499282,0.003986731753965414]
2006-04-01T00:00:00.000Z,1,325.0,7.77157,-73.34153,[0.23854263438725598,0.9711285447329521,0.002600227768202316]
2006-04-01T00:00:00.000Z,8,1339.0,8.27157,-73.34153,[0.26733670316717045,0.9635744648938448,0.007438934348999525]
2006-04-01T00:00:00.000Z,2,1230.0,8.77157,-73.34153,[0.290172905300415,0.9568511505360792,0.015347988379526082]
2006-04-01T00:00:00.000Z,4,809.0,9.27157,-73.34153,[0.32136364222612207,0.9465847360512625,0.02650937437818595]
2006-04-01T00:00:00.000Z,4,74.0,9.77157,-73.34153,[0.31601446935911404,0.9480434080773422,0.03672263003619744]
2006-04-01T00:00:00.000Z,8,99.0,10.27157,-73.34153,[0.2555899312076616,0.9658237031810255,0.043108716507836015]
2006-04-01T00:00:00.000Z,5,1426.0,10.77157,-73.34153,[0.3183613884255758,0.946512897126808,0.052529629090220006]
2006-04-01T00:00:00.000Z,8,146.0,-2.22843,-72.84153,[0.2830976868399113,0.9590876006629694,0.002583400944546719]
2006-04-01T00:00:00.000Z,2,165.0,-1.72843,-72.84153,[0.2837944005043775,0.9588810804920634,0.0027949448534522027]
2006-04-01T00:00:00.000Z,8,168.0,-1.22843,-72.84153,[0.28378770242480406,0.9588584491019895,0.007417178586102833]
2006-04-01T00:00:00.000Z,8,178.0,-0.72843,-72.84153,[0.27554318645980486,0.9612218081501654,0.011339661904307356]
2006-04-01T00:00:00.000Z,8,191.0,-0.22843,-72.84153,[0.2746923491174279,0.9614232219109977,0.014474173780418318]
2006-04-01T00:00:00.000Z,8,247.0,0.27157,-72.84153,[0.2624629269851443,0.9647846723169335,0.017428368274112347]
2006-04-01T00:00:00.000Z,8,264.0,0.77157,-72.84153,[0.2584421219103541,0.9658115950275383,0.02038706778416339]
2006-04-01T00:00:00.000Z,8,246.0,1.27157,-72.84153,[0.25912877106404403,0.9655631588457831,0.023239326293838868]
2006-04-01T00:00:00.000Z,8,259.0,1.77157,-72.84153,[0.2632925237723855,0.9643734007976786,0.025709740556597645]
2006-04-01T00:00:00.000Z,8,271.0,2.27157,-72.84153,[0.27641456759374927,0.9606194478353112,0.02837716093167768]
2006-04-01T00:00:00.000Z,0,193.0,2.77157,-72.84153,[0.27879660901934783,0.9598264936467624,0.03171045400296399]
2006-04-01T00:00:00.000Z,0,182.0,3.27157,-72.84153,[0.28637302369760076,0.957491483813352,0.03464894981379368]
2006-04-01T00:00:00.000Z,0,203.0,3.77157,-72.84153,[0.29634460484656033,0.9543873775856905,0.03639517390320874]
2006-04-01T00:00:00.000Z,0,165.0,4.27157,-72.84153,[0.2994221179531204,0.9533324904944177,0.03877573788051904]
2006-04-01T00:00:00.000Z,1,293.0,4.77157,-72.84153,[0.22172629661682555,0.9742519093769607,0.040873787002596626]
2006-04-01T00:00:00.000Z,11,1653.0,5.27157,-72.84153,[0.1506649698924308,0.9875617948417926,0.044964076952272315]
2006-04-01T00:00:00.000Z,11,2686.0,5.77157,-72.84153,[0.14734715045525326,0.9883040579315767,0.0392925734547342]
2006-04-01T00:00:00.000Z,11,2685.0,6.27157,-72.84153,[0.16400139967948701,0.9862704863483633,0.01934085472082226]
2006-04-01T00:00:00.000Z,11,1547.0,6.77157,-72.84153,[0.13504943516342097,0.9907609004466901,0.012429328546013965]
2006-04-01T00:00:00.000Z,1,3795.0,7.27157,-72.84153,[0.2011301040799786,0.979557966357085,0.003587726180886105]
2006-04-01T00:00:00.000Z,2,1328.0,7.77157,-72.84153,[0.28389386567284564,0.9588543816500529,0.001596190409405558]
2006-04-01T00:00:00.000Z,4,973.0,8.27157,-72.84153,[0.33533671254910913,0.9420790377728568,0.006031235837214193]
2006-04-01T00:00:00.000Z,4,83.0,8.77157,-72.84153,[0.3491833848038721,0.9369547051320982,0.013669100472749444]
2006-04-01T00:00:00.000Z,5,223.0,10.77157,-72.84153,[0.32503974227605525,0.9443389482035395,0.05072589917338439]
2006-04-01T00:00:00.000Z,5,51.0,11.27157,-72.84153,[0.35536411412394364,0.9328307995753521,0.05952348911576057]
2006-04-01T00:00:00.000Z,8,149.0,-2.22843,-72.34153,[0.2832112764916538,0.9590563681194642,0.001501877981395134]
2006-04-01T00:00:00.000Z,8,147.0,-1.72843,-72.34153,[0.2823381565359093,0.9593080545936011,0.0036361732281139842]
2006-04-01T00:00:00.000Z,8,145.0,-1.22843,-72.34153,[0.28146383506363476,0.9595358013533003,0.008315976945061936]
2006-04-01T00:00:00.000Z,8,205.0,-0.72843,-72.34153,[0.2780616694498867,0.9604801940921659,0.012629518574250579]
2006-04-01T00:00:00.000Z,8,176.0,-0.22843,-72.34153,[0.2730218943636694,0.9618771355273891,0.015856271557274645]
2006-04-01T00:00:00.000Z,8,150.0,0.27157,-72.34153,[0.2706689902182312,0.9624947489999649,0.018497456088272943]
2006-04-01T00:00:00.000Z,8,218.0,0.77157,-72.34153,[0.26419070590503246,0.964244677583348,0.020867981828296335]
2006-04-01T00:00:00.000Z,8,234.0,1.27157,-72.34153,[0.26243826727018993,0.9646656621142528,0.02337340817875129]
2006-04-01T00:00:00.000Z,8,237.0,1.77157,-72.34153,[0.2656407929916789,0.9637200862023698,0.02604927156081192]
2006-04-01T00:00:00.000Z,8,203.0,2.27157,-72.34153,[0.2747432239161202,0.9610789581856677,0.02904129895387126]
2006-04-01T00:00:00.000Z,0,188.0,2.77157,-72.34153,[0.27964762307178703,0.9595542486318189,0.032447663135047045]
2006-04-01T00:00:00.000Z,0,220.0,3.27157,-72.34153,[0.2942867544419598,0.9550438068682467,0.03586966856028415]
2006-04-01T00:00:00.000Z,0,180.0,3.77157,-72.34153,[0.3060114919220138,0.9512716790085074,0.03793625611467662]
2006-04-01T00:00:00.000Z,0,190.0,4.27157,-72.34153,[0.3152703423857284,0.9481550445726925,0.04008269780517439]
2006-04-01T00:00:00.000Z,4,177.0,4.77157,-72.34153,[0.31809599932924887,0.9471129002585154,0.042333076602463944]
2006-04-01T00:00:00.000Z,8,257.0,5.27157,-72.34153,[0.24395968923534778,0.9689342374347304,0.04062158976418762]
2006-04-01T00:00:00.000Z,11,1342.0,5.77157,-72.34153,[0.174075765316022,0.9840609590313898,0.03635459860681548]
2006-04-01T00:00:00.000Z,11,3317.0,6.27157,-72.34153,[0.1689644965742089,0.985429301698533,0.019495903450870256]
2006-04-01T00:00:00.000Z,1,3467.0,6.77157,-72.34153,[0.215378934893538,0.976458901719408,0.011829102123686543]
2006-04-01T00:00:00.000Z,1,2203.0,7.27157,-72.34153,[0.22733026660897274,0.9738041709067051,0.005136789678183518]
2006-04-01T00:00:00.000Z,5,97.0,11.27157,-72.34153,[0.339719285254313,0.9388605701573741,0.05596103135280138]
2006-04-01T00:00:00.000Z,5,19.0,11.77157,-72.34153,[0.3526311748677206,0.9335846931749724,0.06380341041671347]
2006-04-01T00:00:00.000Z,8,109.0,-2.22843,-71.84153,[0.2823399649299619,0.9593141990233933,6.41681738477186E-4]
2006-04-01T00:00:00.000Z,2,140.0,-1.72843,-71.84153,[0.2839042711320282,0.958846500615718,0.0034282779910282655]
2006-04-01T00:00:00.000Z,8,153.0,-1.22843,-71.84153,[0.2797483624801851,0.9600455166933625,0.007311604928459383]
2006-04-01T00:00:00.000Z,8,136.0,-0.72843,-71.84153,[0.28071132214101463,0.9597149353198461,0.012181812092911954]
2006-04-01T00:00:00.000Z,8,192.0,-0.22843,-71.84153,[0.2673939530666638,0.9634505857577069,0.01623091699548621]
2006-04-01T00:00:00.000Z,8,216.0,0.27157,-71.84153,[0.2664745512756405,0.9636463424037698,0.01941752544179086]
2006-04-01T00:00:00.000Z,8,215.0,0.77157,-71.84153,[0.2641860827836966,0.964227804089912,0.021689985784964973]
2006-04-01T00:00:00.000Z,8,232.0,1.27157,-71.84153,[0.2553731846741756,0.9665518941851267,0.02370595698369837]
2006-04-01T00:00:00.000Z,8,233.0,1.77157,-71.84153,[0.26808089516313804,0.9630290618552729,0.026601873443111393]
2006-04-01T00:00:00.000Z,8,159.0,2.27157,-71.84153,[0.2772431476062712,0.9603365303015706,0.02983262767018052]
2006-04-01T00:00:00.000Z,0,186.0,2.77157,-71.84153,[0.2872881522119807,0.9572658052950149,0.03328206140719927]
2006-04-01T00:00:00.000Z,0,222.0,3.27157,-71.84153,[0.3004439655326635,0.9530937783002472,0.0366834205107297]
2006-04-01T00:00:00.000Z,0,206.0,3.77157,-71.84153,[0.30939881109591566,0.9501314236266365,0.039021193339708764]
2006-04-01T00:00:00.000Z,4,189.0,4.27157,-71.84153,[0.32526438739098024,0.9447017133782146,0.04173429088215151]
2006-04-01T00:00:00.000Z,4,149.0,4.77157,-71.84153,[0.3293540610800902,0.9432603440492289,0.042259032101820394]
2006-04-01T00:00:00.000Z,4,172.0,5.27157,-71.84153,[0.32910235416284966,0.9434267486001691,0.0404674005859504]
2006-04-01T00:00:00.000Z,2,213.0,5.77157,-71.84153,[0.3142382881087882,0.9487579083284566,0.03335760289154828]
2006-04-01T00:00:00.000Z,2,412.0,6.27157,-71.84153,[0.29786486011746477,0.9543590118163572,0.021803707760598423]
2006-04-01T00:00:00.000Z,4,325.0,6.77157,-71.84153,[0.3242100627072264,0.945916250370522,0.011414137039130816]
2006-04-01T00:00:00.000Z,5,174.0,11.77157,-71.84153,[0.33339247623565776,0.9409076551539676,0.05951673094281002]
2006-04-01T00:00:00.000Z,8,107.0,-2.22843,-71.34153,[0.2782121849846044,0.9605196348517901,1.0578410075460244E-4]
2006-04-01T00:00:00.000Z,8,121.0,-1.72843,-71.34153,[0.2797543309404206,0.9600659993637162,0.003284994037557969]
2006-04-01T00:00:00.000Z,8,140.0,-1.22843,-71.34153,[0.2788999453434961,0.9603032208986287,0.005704771609298785]
2006-04-01T00:00:00.000Z,8,186.0,-0.72843,-71.34153,[0.27986364416459025,0.9599851039457077,0.010244065465647266]
2006-04-01T00:00:00.000Z,8,201.0,-0.22843,-71.34153,[0.2705665666028689,0.962592592721745,0.01446490490684568]
2006-04-01T00:00:00.000Z,8,185.0,0.27157,-71.34153,[0.27151452211801946,0.9622641109546666,0.018100968141201296]
2006-04-01T00:00:00.000Z,8,228.0,0.77157,-71.34153,[0.26176102238961485,0.9649229844950508,0.0201196707405351]
2006-04-01T00:00:00.000Z,8,342.0,1.27157,-71.34153,[0.2624426016473461,0.9646815943365338,0.0226561777203373]
2006-04-01T00:00:00.000Z,8,222.0,1.77157,-71.34153,[0.2722845028543689,0.9618632629568127,0.02608089107800468]
2006-04-01T00:00:00.000Z,8,164.0,2.27157,-71.34153,[0.2804888762673086,0.9593994517779534,0.02964257442370421]
2006-04-01T00:00:00.000Z,0,189.0,2.77157,-71.34153,[0.29392449505614127,0.955254608932459,0.03312134235334129]
2006-04-01T00:00:00.000Z,0,209.0,3.27157,-71.34153,[0.3047808896895856,0.9517321462425722,0.036256462714002756]
2006-04-01T00:00:00.000Z,4,171.0,3.77157,-71.34153,[0.3159831882566391,0.9479495647699173,0.03932235231638175]
2006-04-01T00:00:00.000Z,4,165.0,4.27157,-71.34153,[0.3281847399109431,0.9436813949820159,0.04195475246480555]
2006-04-01T00:00:00.000Z,4,131.0,4.77157,-71.34153,[0.33681524149000247,0.9406331107793523,0.04201004648402576]
2006-04-01T00:00:00.000Z,4,146.0,5.27157,-71.34153,[0.33538355721404434,0.941277209845256,0.03892407707812632]
2006-04-01T00:00:00.000Z,4,151.0,5.77157,-71.34153,[0.3362545386554948,0.9412672669662939,0.030802879270996057]
2006-04-01T00:00:00.000Z,4,157.0,6.27157,-71.34153,[0.33752413833648026,0.9411256995951495,0.018970334782415315]
2006-04-01T00:00:00.000Z,4,154.0,6.77157,-71.34153,[0.33639914139180355,0.9416720490785159,0.009453552513565283]
2006-04-01T00:00:00.000Z,8,97.0,-2.22843,-70.84153,[0.2773665626689836,0.9607640250625248,5.2731285678514E-4]
2006-04-01T00:00:00.000Z,8,137.0,-1.72843,-70.84153,[0.279754695342998,0.9600672499271068,0.0028611275660079343]
2006-04-01T00:00:00.000Z,8,114.0,-1.22843,-70.84153,[0.27319851119978916,0.961951845948683,0.0033495602905721277]
2006-04-01T00:00:00.000Z,8,155.0,-0.72843,-70.84153,[0.2747158709314568,0.9615055482600988,0.006186349765250362]
2006-04-01T00:00:00.000Z,8,183.0,-0.22843,-70.84153,[0.272365930156946,0.9621509103628514,0.009078864338564866]
2006-04-01T00:00:00.000Z,8,193.0,0.27157,-70.84153,[0.2707224531531174,0.962568722322195,0.013069359807391871]
2006-04-01T00:00:00.000Z,8,250.0,0.77157,-70.84153,[0.2707119273647234,0.9625312972967941,0.015765598835033697]
2006-04-01T00:00:00.000Z,8,316.0,1.27157,-70.84153,[0.27383972156462627,0.9615745948070846,0.01964956780692738]
2006-04-01T00:00:00.000Z,8,186.0,1.77157,-70.84153,[0.2788192991210493,0.9600255412917948,0.02471352878572937]
2006-04-01T00:00:00.000Z,0,191.0,2.27157,-70.84153,[0.28477055628622927,0.9581565709630647,0.02901233862916095]
2006-04-01T00:00:00.000Z,0,160.0,2.77157,-70.84153,[0.2964851613244195,0.9544838279068671,0.032514171966804374]
2006-04-01T00:00:00.000Z,2,240.0,3.27157,-70.84153,[0.31259134421902507,0.9492242650460505,0.035495720405823356]
2006-04-01T00:00:00.000Z,4,186.0,3.77157,-70.84153,[0.3156488651635191,0.9481113514505702,0.03808751989242463]
2006-04-01T00:00:00.000Z,4,176.0,4.27157,-70.84153,[0.3263506937799309,0.9443847915243423,0.040405323991800975]
2006-04-01T00:00:00.000Z,4,146.0,4.77157,-70.84153,[0.33375737711845654,0.9418026350688081,0.04017225157316695]
2006-04-01T00:00:00.000Z,4,123.0,5.27157,-70.84153,[0.33944344951495015,0.9399029811478945,0.036885371228880866]
2006-04-01T00:00:00.000Z,4,120.0,5.77157,-70.84153,[0.3452797334653874,0.9380718206694038,0.02834016450307302]
2006-04-01T00:00:00.000Z,4,126.0,6.27157,-70.84153,[0.34739050938477534,0.9375808371567592,0.016186654559147237]
2006-04-01T00:00:00.000Z,4,122.0,6.77157,-70.84153,[0.3493367913892439,0.9369711797618648,0.006986735827784879]
2006-04-01T00:00:00.000Z,8,97.0,-3.72843,-70.34153,[0.2689329524237717,0.9629868411789669,0.018204692164070696]
2006-04-01T00:00:00.000Z,8,132.0,-2.22843,-70.34153,[0.2789043281301001,0.9603183116297765,0.0010564557883715913]
2006-04-01T00:00:00.000Z,8,129.0,-1.72843,-70.34153,[0.2789032635421963,0.9603146460600624,0.002958064916356628]
2006-04-01T00:00:00.000Z,8,144.0,-1.22843,-70.34153,[0.2731991083702186,0.9619539486292371,0.002616849697032745]
2006-04-01T00:00:00.000Z,8,134.0,-0.72843,-70.34153,[0.27389055355704317,0.9617530888262585,0.0038679200311490833]
2006-04-01T00:00:00.000Z,8,170.0,-0.22843,-70.34153,[0.2738897050027724,0.9617501091700404,0.004599674435161063]
2006-04-01T00:00:00.000Z,8,177.0,0.27157,-70.34153,[0.27402996483944003,0.9617097245125595,0.0046887256341349055]
2006-04-01T00:00:00.000Z,8,190.0,0.77157,-70.34153,[0.2772099204948899,0.9607843835334252,0.006930248012372248]
2006-04-01T00:00:00.000Z,8,195.0,1.27157,-70.34153,[0.2780324146894462,0.9604756143817231,0.013585674808688847]
2006-04-01T00:00:00.000Z,8,216.0,1.77157,-70.34153,[0.28124327710887026,0.9594110283261085,0.020801389552203235]
2006-04-01T00:00:00.000Z,8,168.0,2.27157,-70.34153,[0.2847892269911783,0.9582193915680624,0.026658841173234363]
2006-04-01T00:00:00.000Z,0,193.0,2.77157,-70.34153,[0.30267498710227037,0.9525359888218509,0.03260432765476663]
2006-04-01T00:00:00.000Z,0,177.0,3.27157,-70.34153,[0.3105813581420771,0.9498802121279585,0.035592170239639495]
2006-04-01T00:00:00.000Z,4,174.0,3.77157,-70.34153,[0.3163524231341996,0.947898469317858,0.03754512274559731]
2006-04-01T00:00:00.000Z,4,118.0,4.27157,-70.34153,[0.3230522039056343,0.9455761588770757,0.03902564944991422]
2006-04-01T00:00:00.000Z,4,116.0,4.77157,-70.34153,[0.32962371698181653,0.9433231464170532,0.03859594067932543]
2006-04-01T00:00:00.000Z,4,124.0,5.27157,-70.34153,[0.34270970063750883,0.9387797871034617,0.03525014063700091]
2006-04-01T00:00:00.000Z,4,105.0,5.77157,-70.34153,[0.3451884341778256,0.9381728514618759,0.026012414146971856]
2006-04-01T00:00:00.000Z,4,104.0,6.27157,-70.34153,[0.34658976363955063,0.9379041990962751,0.014534409442948898]
2006-04-01T00:00:00.000Z,4,109.0,6.77157,-70.34153,[0.3554119155121517,0.9346953934643419,0.005185725457650611]
2006-04-01T00:00:00.000Z,8,140.0,-3.72843,-69.84153,[0.26909558778011416,0.9629704175732821,0.016599383000995546]
2006-04-01T00:00:00.000Z,8,128.0,-3.22843,-69.84153,[0.2722368700726499,0.9621806934628772,0.009767277017873699]
2006-04-01T00:00:00.000Z,8,61.0,-2.72843,-69.84153,[0.2765250476893235,0.9610033976731623,0.0025234224884196823]
2006-04-01T00:00:00.000Z,8,111.0,-2.22843,-69.84153,[0.27555417607478677,0.9612844157723478,0.0014724268950561128]
2006-04-01T00:00:00.000Z,8,145.0,-1.72843,-69.84153,[0.27471967657614044,0.9615188680164917,0.0032504999900230362]
2006-04-01T00:00:00.000Z,8,68.0,-1.22843,-69.84153,[0.2738906628071079,0.96175347245244,0.003763383153074765]
2006-04-01T00:00:00.000Z,8,122.0,-0.72843,-69.84153,[0.2756873258598149,0.961236797769773,0.004507435365768837]
2006-04-01T00:00:00.000Z,8,188.0,0.77157,-69.84153,[0.28141827995764424,0.9595728568480576,0.004866631909041968]
2006-04-01T00:00:00.000Z,8,195.0,1.77157,-69.84153,[0.2839930814727256,0.9587435607613067,0.01259818932848933]
2006-04-01T00:00:00.000Z,2,182.0,2.27157,-69.84153,[0.2948645868952546,0.9553177390923745,0.02056435679822993]
2006-04-01T00:00:00.000Z,2,180.0,2.77157,-69.84153,[0.30015550557175347,0.95343513534557,0.029463794113109627]
2006-04-01T00:00:00.000Z,0,198.0,3.27157,-69.84153,[0.30624766801015346,0.9512748075919785,0.0358971625506407]
2006-04-01T00:00:00.000Z,0,149.0,3.77157,-69.84153,[0.31324788259947445,0.94888957137797,0.03852720307884047]
2006-04-01T00:00:00.000Z,4,188.0,4.27157,-69.84153,[0.31808020601350834,0.9472753580548277,0.03865719292061981]
2006-04-01T00:00:00.000Z,4,143.0,4.77157,-69.84153,[0.3284728549534756,0.9437643984713991,0.03760776165409359]
2006-04-01T00:00:00.000Z,4,100.0,5.27157,-69.84153,[0.3344675872725809,0.9418220869047406,0.03320526588446201]
2006-04-01T00:00:00.000Z,4,112.0,5.77157,-69.84153,[0.33957950765247247,0.9402797197452939,0.023660232843656023]
2006-04-01T00:00:00.000Z,4,98.0,6.27157,-69.84153,[0.3552307165730443,0.9346850769404216,0.013226675617081438]
2006-04-01T00:00:00.000Z,2,169.0,0.77157,-69.34153,[0.2847023346468272,0.9586044900655344,0.0046917238668391]
2006-04-01T00:00:00.000Z,2,182.0,1.77157,-69.34153,[0.2899043197177992,0.9570075684364524,0.009591629908878858]
2006-04-01T00:00:00.000Z,2,167.0,2.27157,-69.34153,[0.29742950913621374,0.9546175054261565,0.015527569962258217]
2006-04-01T00:00:00.000Z,2,128.0,2.77157,-69.34153,[0.2999240525184767,0.9536046798023361,0.026147225091354375]
2006-04-01T00:00:00.000Z,0,182.0,3.27157,-69.34153,[0.30794305111480474,0.9507041832598883,0.03650524896851867]
2006-04-01T00:00:00.000Z,0,123.0,3.77157,-69.34153,[0.3122287722943499,0.9491754677748236,0.03973820738291726]
2006-04-01T00:00:00.000Z,4,172.0,4.27157,-69.34153,[0.3177130710077013,0.9473835414468773,0.03902345328681548]
2006-04-01T00:00:00.000Z,4,142.0,4.77157,-69.34153,[0.3280190319715483,0.9439396603497793,0.03716762412627256]
2006-04-01T00:00:00.000Z,4,117.0,5.27157,-69.34153,[0.33700300403271444,0.9409510399336365,0.03225082511710923]
2006-04-01T00:00:00.000Z,4,83.0,5.77157,-69.34153,[0.35376891608745537,0.9350499972912247,0.023001229879891092]
2006-04-01T00:00:00.000Z,2,139.0,1.77157,-68.84153,[0.2942235654358259,0.9556817292119234,0.010243338944802827]
2006-04-01T00:00:00.000Z,2,178.0,2.27157,-68.84153,[0.2976752446880644,0.9545379617488117,0.015707586712322214]
2006-04-01T00:00:00.000Z,2,155.0,2.77157,-68.84153,[0.30346837951060074,0.9524919940843674,0.025805887746704375]
2006-04-01T00:00:00.000Z,0,154.0,3.27157,-68.84153,[0.3103043232105257,0.949956917265436,0.03595945406158078]
2006-04-01T00:00:00.000Z,0,118.0,3.77157,-68.84153,[0.3149492162810957,0.9482463813930829,0.040444917342572356]
2006-04-01T00:00:00.000Z,4,168.0,4.27157,-68.84153,[0.32569271919127835,0.9446247905369817,0.04010308926696879]
2006-04-01T00:00:00.000Z,4,130.0,4.77157,-68.84153,[0.3370002397269304,0.9407427186723498,0.03786787146048193]
2006-04-01T00:00:00.000Z,4,118.0,5.27157,-68.84153,[0.3502557264909385,0.936070761995149,0.03305230095055335]
2006-04-01T00:00:00.000Z,4,76.0,5.77157,-68.84153,[0.37017963537723125,0.9286513344238502,0.02395279993617379]
2006-04-01T00:00:00.000Z,2,140.0,1.77157,-68.34153,[0.2966916456673409,0.9549075558700714,0.01120835105854399]
2006-04-01T00:00:00.000Z,2,115.0,2.27157,-68.34153,[0.29598627516912074,0.9550783897650439,0.01474429772217925]
2006-04-01T00:00:00.000Z,2,126.0,2.77157,-68.34153,[0.30608120658523813,0.9517561606227113,0.02178315156354797]
2006-04-01T00:00:00.000Z,2,132.0,3.27157,-68.34153,[0.31336168155831945,0.9491352015430689,0.030770533351575056]
2006-04-01T00:00:00.000Z,4,110.0,3.77157,-68.34153,[0.32287496279356676,0.9456444639825815,0.038836917232820484]
2006-04-01T00:00:00.000Z,4,121.0,4.27157,-68.34153,[0.3415487810412798,0.9389616315037274,0.04117626419522049]
2006-04-01T00:00:00.000Z,4,109.0,4.77157,-68.34153,[0.3539352950927184,0.9344381666288726,0.03943500519718178]
2006-04-01T00:00:00.000Z,4,89.0,5.27157,-68.34153,[0.36984582753050166,0.9284405601455352,0.03481652100545757]
2006-04-01T00:00:00.000Z,4,65.0,5.77157,-68.34153,[0.39250703897819,0.919397843843828,0.025413167608418403]
2006-04-01T00:00:00.000Z,2,136.0,2.27157,-67.84153,[0.30707198790151335,0.9515857207497446,0.013835111542815436]
2006-04-01T00:00:00.000Z,2,120.0,2.77157,-67.84153,[0.31412594439096747,0.9492066580509669,0.018210199674838695]
2006-04-01T00:00:00.000Z,4,103.0,3.27157,-67.84153,[0.3258190539481716,0.9449912062909603,0.02887151047441094]
2006-04-01T00:00:00.000Z,4,95.0,3.77157,-67.84153,[0.33578837107203197,0.9411533217371036,0.038426486126200844]
2006-04-01T00:00:00.000Z,4,110.0,4.27157,-67.84153,[0.3474979057897371,0.9367863124611443,0.04094643155634315]
2006-04-01T00:00:00.000Z,4,101.0,4.77157,-67.84153,[0.3684609928750885,0.9287758130747918,0.040149542671906194]
2006-04-01T00:00:00.000Z,3,80.0,5.77157,-67.84153,[0.41564295272537577,0.9091320771986481,0.026829127048828602]
2006-04-01T00:00:00.000Z,3,54.0,6.27157,-67.84153,[0.4101964054777421,0.9118555229876834,0.016075264538992592]
2006-04-01T00:00:00.000Z,2,114.0,2.27157,-67.34153,[0.3189669213251806,0.9476887229264392,0.012090803876947281]
