2006-10-01T00:00:00.000Z,0,10.0,1.77157,-78.84153,[0.2803619964883803,0.959827540919043,0.011324425740511046]
2006-10-01T00:00:00.000Z,0,235.0,1.27157,-78.34153,[0.2948858384508441,0.9555215540500218,0.004571873464354172]
2006-10-01T00:00:00.000Z,0,57.0,1.77157,-78.34153,[0.28713722620680104,0.9578631793153519,0.0070952828097433475]
2006-10-01T00:00:00.000Z,0,1772.0,1.27157,-77.84153,[0.265601968087239,0.9640786330996377,0.0028255528519919044]
2006-10-01T00:00:00.000Z,0,528.0,1.77157,-77.84153,[0.29511588329782124,0.955451806079153,0.00429670634686483]
2006-10-01T00:00:00.000Z,0,116.0,2.27157,-77.84153,[0.2875456031220499,0.957756457547208,0.004482650086693553]
2006-10-01T00:00:00.000Z,0,167.0,7.27157,-77.84153,[0.24738823178290506,0.9652196584316625,0.08455810873235362]
2006-10-01T00:00:00.000Z,0,2201.0,0.77157,-77.34153,[0.18442386018948004,0.9828442305219852,0.0022490714657253667]
2006-10-01T00:00:00.000Z,0,2447.0,1.27157,-77.34153,[0.22973221211521122,0.9732497656112397,0.002829214434916394]
2006-10-01T00:00:00.000Z,0,1706.0,1.77157,-77.34153,[0.20797376862298697,0.9781266305549856,0.0038995081616810057]
2006-10-01T00:00:00.000Z,0,2096.0,2.27157,-77.34153,[0.2729442666798639,0.9620166776421433,0.005033808196964703]
2006-10-01T00:00:00.000Z,0,57.0,2.77157,-77.34153,[0.2869361423355663,0.9579252751818136,0.006842323394155811]
2006-10-01T00:00:00.000Z,0,74.0,3.27157,-77.34153,[0.2780944288008441,0.9604953733198385,0.010588980173570604]
2006-10-01T00:00:00.000Z,0,28.0,4.27157,-77.34153,[0.2627138538737165,0.9639577561366367,0.04203421661979464]
2006-10-01T00:00:00.000Z,0,14.0,5.27157,-77.34153,[0.24965955811801227,0.9660739422827432,0.06611537705101511]
2006-10-01T00:00:00.000Z,0,499.0,6.27157,-77.34153,[0.2619266488771247,0.9620963289494385,0.07592815307916649]
2006-10-01T00:00:00.000Z,0,695.0,6.77157,-77.34153,[0.2747801924419971,0.9580739029251382,0.08118030780510711]
2006-10-01T00:00:00.000Z,0,345.0,7.27157,-77.34153,[0.2771536305858097,0.9568650059768639,0.0871505903020778]
2006-10-01T00:00:00.000Z,0,279.0,0.27157,-76.84153,[0.2839254178865895,0.9588300997481547,0.005585418056785366]
2006-10-01T00:00:00.000Z,0,485.0,0.77157,-76.84153,[0.19781514043417886,0.9802348020397579,0.002983803794258564]
2006-10-01T00:00:00.000Z,0,3335.0,1.27157,-76.84153,[0.15761320291194642,0.9874949651830112,0.0034310357096478134]
2006-10-01T00:00:00.000Z,0,2008.0,1.77157,-76.84153,[0.15992945329027686,0.987114241500252,0.0052956772612674455]
2006-10-01T00:00:00.000Z,0,1013.0,2.27157,-76.84153,[0.20256428786830588,0.9792412632777996,0.007365974104302032]
2006-10-01T00:00:00.000Z,0,2856.0,2.77157,-76.84153,[0.24330886913730543,0.9698871893592589,0.010937738153878867]
2006-10-01T00:00:00.000Z,0,1911.0,3.27157,-76.84153,[0.24713903702152962,0.9688725079693594,0.014434669418956598]
2006-10-01T00:00:00.000Z,0,794.0,3.77157,-76.84153,[0.2648875571688672,0.9641049145538931,0.018338369342460036]
2006-10-01T00:00:00.000Z,0,70.0,4.27157,-76.84153,[0.2756104935376177,0.9609408012231113,0.02513229787814291]
2006-10-01T00:00:00.000Z,0,24.0,4.77157,-76.84153,[0.27053688614612137,0.9613352710001487,0.051422660038461236]
2006-10-01T00:00:00.000Z,0,133.0,5.27157,-76.84153,[0.27351837334511964,0.9599142912454198,0.06125563570352679]
2006-10-01T00:00:00.000Z,0,76.0,5.77157,-76.84153,[0.26517827102299657,0.9616581657332016,0.06995753609089171]
2006-10-01T00:00:00.000Z,0,38.0,6.27157,-76.84153,[0.2603025280749535,0.9627061752613362,0.07375238295457016]
2006-10-01T00:00:00.000Z,0,20.0,6.77157,-76.84153,[0.28307778432286246,0.9556535726388362,0.0811986276084]
2006-10-01T00:00:00.000Z,0,15.0,7.27157,-76.84153,[0.28447836815561167,0.9546539995034758,0.08779407316862324]
2006-10-01T00:00:00.000Z,0,8.0,7.77157,-76.84153,[0.2948723609139628,0.9510973968388545,0.09200017660515639]
2006-10-01T00:00:00.000Z,0,294.0,0.77157,-76.34153,[0.2621481578376939,0.964976408592201,0.009943550814533218]
2006-10-01T00:00:00.000Z,0,1412.0,1.27157,-76.34153,[0.18808909121881473,0.9821242888073336,0.007373947326192167]
2006-10-01T00:00:00.000Z,0,2388.0,1.77157,-76.34153,[0.13677652806837431,0.9905612618701796,0.008975959654487064]
2006-10-01T00:00:00.000Z,0,3852.0,2.27157,-76.34153,[0.14455918555350608,0.9894273144551085,0.01167181572246827]
2006-10-01T00:00:00.000Z,0,2450.0,2.77157,-76.34153,[0.205056387938253,0.9786288990492287,0.015406352956207368]
2006-10-01T00:00:00.000Z,0,990.0,3.27157,-76.34153,[0.20759152361903316,0.9780342916896719,0.01883304544172672]
2006-10-01T00:00:00.000Z,0,962.0,3.77157,-76.34153,[0.22748351055319477,0.9735431754954259,0.021562418061914196]
2006-10-01T00:00:00.000Z,0,1899.0,4.27157,-76.34153,[0.19489315064258825,0.9805561641705222,0.022940547940221323]
2006-10-01T00:00:00.000Z,0,1358.0,4.77157,-76.34153,[0.22231738501970152,0.9743033785886458,0.036164993968642686]
2006-10-01T00:00:00.000Z,0,407.0,5.27157,-76.34153,[0.20593430647818292,0.9771784738768681,0.05208926575624628]
2006-10-01T00:00:00.000Z,0,480.0,5.77157,-76.34153,[0.1978691707582362,0.9782409513506677,0.06238936098397447]
2006-10-01T00:00:00.000Z,0,1095.0,6.27157,-76.34153,[0.1958586299159553,0.9782989433365483,0.06760602453951757]
2006-10-01T00:00:00.000Z,0,1485.0,6.77157,-76.34153,[0.22502051394343134,0.9714055222468666,0.0757435122827443]
2006-10-01T00:00:00.000Z,0,827.0,7.27157,-76.34153,[0.2672088590234612,0.9598561367274134,0.0852972593118029]
2006-10-01T00:00:00.000Z,0,201.0,7.77157,-76.34153,[0.28540315500456204,0.9541836824033118,0.08988069508352625]
2006-10-01T00:00:00.000Z,0,165.0,8.27157,-76.34153,[0.2882109474714139,0.9533131339439075,0.09015829638849357]
2006-10-01T00:00:00.000Z,0,99.0,8.77157,-76.34153,[0.29413669553902694,0.9514313328627008,0.09089567197884732]
2006-10-01T00:00:00.000Z,0,267.0,0.27157,-75.84153,[0.3005538406721064,0.9534811497184064,0.023261255101825855]
2006-10-01T00:00:00.000Z,0,241.0,0.77157,-75.84153,[0.28792245748176565,0.9574833095864206,0.018065722822385295]
2006-10-01T00:00:00.000Z,0,250.0,1.27157,-75.84153,[0.23570491757996903,0.9717268771928913,0.013786514047130265]
2006-10-01T00:00:00.000Z,0,1712.0,1.77157,-75.84153,[0.25097296323128726,0.9678725850539919,0.015337236641911998]
2006-10-01T00:00:00.000Z,0,1262.0,2.27157,-75.84153,[0.21342624886899442,0.9767920913845513,0.018067830592084187]
2006-10-01T00:00:00.000Z,0,2705.0,2.77157,-75.84153,[0.16746060948413966,0.9856858659509485,0.01950174186397576]
2006-10-01T00:00:00.000Z,0,1867.0,3.27157,-75.84153,[0.1392848194529661,0.9900244720829532,0.021243440089229362]
2006-10-01T00:00:00.000Z,0,3782.0,3.77157,-75.84153,[0.15912488673817216,0.9869771455911944,0.02356659714983056]
2006-10-01T00:00:00.000Z,0,2035.0,4.27157,-75.84153,[0.2076090465370748,0.9779756100832763,0.021498601773382368]
2006-10-01T00:00:00.000Z,0,1185.0,4.77157,-75.84153,[0.21011664058088023,0.9774082534483731,0.022893305615528742]
2006-10-01T00:00:00.000Z,0,1530.0,5.27157,-75.84153,[0.22555760150393853,0.9734591222801559,0.03874410475593968]
2006-10-01T00:00:00.000Z,0,1704.0,5.77157,-75.84153,[0.21336957136246046,0.9752498085001349,0.057976176461112985]
2006-10-01T00:00:00.000Z,0,488.0,6.27157,-75.84153,[0.17287085373375866,0.9828942826576563,0.06351769082903246]
2006-10-01T00:00:00.000Z,0,896.0,6.77157,-75.84153,[0.18311355667909557,0.9804810548108187,0.07159836951632362]
2006-10-01T00:00:00.000Z,0,2421.0,7.27157,-75.84153,[0.2375433627166319,0.9681389152736678,0.07924765966260745]
2006-10-01T00:00:00.000Z,0,131.0,7.77157,-75.84153,[0.28829448077630765,0.9535894364139407,0.08691075372853524]
2006-10-01T00:00:00.000Z,0,43.0,8.27157,-75.84153,[0.2866229201149626,0.9540149749811896,0.08776519342206339]
2006-10-01T00:00:00.000Z,0,10.0,8.77157,-75.84153,[0.2909374179743051,0.9526362386378872,0.0885416040983174]
2006-10-01T00:00:00.000Z,0,155.0,9.27157,-75.84153,[0.2999624684204951,0.9495214827699126,0.09182304339059041]
2006-10-01T00:00:00.000Z,0,228.0,0.27157,-75.34153,[0.29757145547734726,0.9540458877899683,0.03532241322650954]
2006-10-01T00:00:00.000Z,0,189.0,0.77157,-75.34153,[0.2916090860065065,0.9558923321217144,0.03512819877761777]
2006-10-01T00:00:00.000Z,0,244.0,1.27157,-75.34153,[0.28397390158127866,0.9582704965710878,0.03280973364883299]
2006-10-01T00:00:00.000Z,0,1357.0,1.77157,-75.34153,[0.22164072991624648,0.9747781355520492,0.02613375770654249]
2006-10-01T00:00:00.000Z,0,2437.0,2.27157,-75.34153,[0.26584079694065466,0.9636728889098731,0.025753327203625918]
2006-10-01T00:00:00.000Z,0,485.0,2.77157,-75.34153,[0.2972812788210546,0.9544293688465437,0.026237780883801586]
2006-10-01T00:00:00.000Z,0,694.0,3.27157,-75.34153,[0.2902288660700825,0.9565943425669922,0.026352781039163494]
2006-10-01T00:00:00.000Z,0,442.0,3.77157,-75.34153,[0.22641995564699058,0.97371210973072,0.024874304986570794]
2006-10-01T00:00:00.000Z,0,2270.0,4.27157,-75.34153,[0.11383698062337853,0.9933032114570904,0.01974517540016123]
2006-10-01T00:00:00.000Z,0,4229.0,4.77157,-75.34153,[0.14727027371573734,0.9889540234950839,0.016775157006031008]
2006-10-01T00:00:00.000Z,0,3209.0,5.27157,-75.34153,[0.1667768049026999,0.9857700432641725,0.021045644428197844]
2006-10-01T00:00:00.000Z,0,1992.0,5.77157,-75.34153,[0.1815728430264155,0.9826881889066993,0.03681339509711391]
2006-10-01T00:00:00.000Z,0,2185.0,6.27157,-75.34153,[0.18530978988827998,0.9811665717242614,0.05452009081449922]
2006-10-01T00:00:00.000Z,0,2092.0,6.77157,-75.34153,[0.22003969306308135,0.9732152063230559,0.06659351063186647]
2006-10-01T00:00:00.000Z,0,869.0,7.27157,-75.34153,[0.27604287864190613,0.9579099893170623,0.07879582170188738]
2006-10-01T00:00:00.000Z,0,83.0,7.77157,-75.34153,[0.28634151081500303,0.9544717027166767,0.08362002091191756]
2006-10-01T00:00:00.000Z,0,30.0,8.27157,-75.34153,[0.2895205459966531,0.9532228806821215,0.08685616379899594]
2006-10-01T00:00:00.000Z,0,74.0,8.77157,-75.34153,[0.2883596729013924,0.9534812541921954,0.08787603170535135]
2006-10-01T00:00:00.000Z,0,180.0,9.27157,-75.34153,[0.28874795619721993,0.9532928847981746,0.08864137625907303]
2006-10-01T00:00:00.000Z,0,136.0,9.77157,-75.34153,[0.3009676358754022,0.9492886006105876,0.0909375329903097]
2006-10-01T00:00:00.000Z,0,79.0,10.27157,-75.34153,[0.30701799566331817,0.9471831781102369,0.09264975684733466]
2006-10-01T00:00:00.000Z,0,205.0,0.27157,-74.84153,[0.29390960095625457,0.9549246805015473,0.041665345729430724]
2006-10-01T00:00:00.000Z,0,239.0,0.77157,-74.84153,[0.2896397437396832,0.9561466443916183,0.043501876569396435]
2006-10-01T00:00:00.000Z,0,226.0,1.27157,-74.84153,[0.2860981306343757,0.95737117644188,0.03985335827513872]
2006-10-01T00:00:00.000Z,0,258.0,1.77157,-74.84153,[0.2806767723266745,0.9592607761044176,0.0322383762592084]
2006-10-01T00:00:00.000Z,0,576.0,2.27157,-74.84153,[0.2078903644033929,0.9777343700847072,0.028584925105466525]
2006-10-01T00:00:00.000Z,0,1998.0,2.77157,-74.84153,[0.22291703189626447,0.9744343522990174,0.02803016143646098]
2006-10-01T00:00:00.000Z,0,2106.0,3.27157,-74.84153,[0.2201158712821457,0.9751026761629353,0.026903050934484474]
2006-10-01T00:00:00.000Z,0,361.0,3.77157,-74.84153,[0.2911336485159904,0.9562532091572647,0.028653074498214075]
2006-10-01T00:00:00.000Z,0,289.0,4.27157,-74.84153,[0.2705069700831979,0.9624235588497249,0.023809084556909568]
2006-10-01T00:00:00.000Z,0,277.0,4.77157,-74.84153,[0.27409580390802835,0.9615280801093635,0.018309599701056296]
2006-10-01T00:00:00.000Z,0,325.0,5.27157,-74.84153,[0.27807278448962025,0.9604206171987654,0.01636351385650458]
2006-10-01T00:00:00.000Z,0,379.0,5.77157,-74.84153,[0.2520120688073615,0.9674011673572909,0.024997971341375373]
2006-10-01T00:00:00.000Z,0,978.0,6.27157,-74.84153,[0.22764573948556732,0.9728450405366125,0.041832336743074336]
2006-10-01T00:00:00.000Z,0,1143.0,6.77157,-74.84153,[0.241893089900348,0.9685516838520007,0.058269792911217436]
2006-10-01T00:00:00.000Z,0,322.0,7.27157,-74.84153,[0.2634141322993903,0.9618606952144405,0.073736001427746]
2006-10-01T00:00:00.000Z,0,55.0,7.77157,-74.84153,[0.2887192745638265,0.9537116831259973,0.08411424352816173]
2006-10-01T00:00:00.000Z,0,27.0,8.27157,-74.84153,[0.29771375305388953,0.9505574829649188,0.08835718885277936]
2006-10-01T00:00:00.000Z,0,14.0,8.77157,-74.84153,[0.3045703753324441,0.948272303340021,0.08953505005340288]
2006-10-01T00:00:00.000Z,0,48.0,9.27157,-74.84153,[0.30517110055447516,0.9480938462066079,0.08937929386346373]
2006-10-01T00:00:00.000Z,0,15.0,9.77157,-74.84153,[0.30350637549477866,0.9485934029800968,0.08974650888286466]
2006-10-01T00:00:00.000Z,0,5.0,10.27157,-74.84153,[0.31753232645050466,0.9436837912406226,0.09291998605604242]
2006-10-01T00:00:00.000Z,0,171.0,-0.72843,-74.34153,[0.3139880455157268,0.948941648669752,0.030352177733186922]
2006-10-01T00:00:00.000Z,0,219.0,-0.22843,-74.34153,[0.29729866603641136,0.954068722945746,0.036964510948253426]
2006-10-01T00:00:00.000Z,0,201.0,0.27157,-74.34153,[0.28849941223254677,0.9564865128632897,0.04360779577207342]
2006-10-01T00:00:00.000Z,0,242.0,0.77157,-74.34153,[0.28307244121567754,0.9578381441135134,0.04915366421109439]
2006-10-01T00:00:00.000Z,0,251.0,1.27157,-74.34153,[0.28309643403207224,0.9579193291085235,0.047402193605370235]
2006-10-01T00:00:00.000Z,0,298.0,1.77157,-74.34153,[0.28684486861975633,0.95726136388221,0.037023000484642965]
2006-10-01T00:00:00.000Z,0,313.0,2.27157,-74.34153,[0.287038222694099,0.9571707662279603,0.03785740338682015]
2006-10-01T00:00:00.000Z,0,364.0,2.77157,-74.34153,[0.2496440088310573,0.9677829417239225,0.032772649617469195]
2006-10-01T00:00:00.000Z,0,899.0,3.27157,-74.34153,[0.13038260784708794,0.9909078196378682,0.03319741784414316]
2006-10-01T00:00:00.000Z,0,3444.0,3.77157,-74.34153,[0.12287882504099765,0.9920217338675662,0.028172218424033602]
2006-10-01T00:00:00.000Z,0,2263.0,4.27157,-74.34153,[0.14245805265466338,0.989505933304013,0.02416011568670304]
2006-10-01T00:00:00.000Z,0,2655.0,4.77157,-74.34153,[0.17989758897597716,0.9835060496214136,0.018780517530459152]
2006-10-01T00:00:00.000Z,0,1104.0,5.27157,-74.34153,[0.24640942519582457,0.9690723612743352,0.013459338351032435]
2006-10-01T00:00:00.000Z,0,744.0,5.77157,-74.34153,[0.27400039990516095,0.9616059662070858,0.015419033911012861]
2006-10-01T00:00:00.000Z,0,119.0,6.27157,-74.34153,[0.28187683212658365,0.9590053107775283,0.02922781912456458]
2006-10-01T00:00:00.000Z,0,97.0,6.77157,-74.34153,[0.24344165706065582,0.9688186270828538,0.04611537080905106]
2006-10-01T00:00:00.000Z,0,575.0,7.27157,-74.34153,[0.2361740040106725,0.9691953940520959,0.0698722260828255]
2006-10-01T00:00:00.000Z,0,1234.0,7.77157,-74.34153,[0.27537923382583535,0.9575209237226564,0.08555675432604198]
2006-10-01T00:00:00.000Z,0,715.0,8.27157,-74.34153,[0.30247653918372813,0.948775331540327,0.09128698430760716]
2006-10-01T00:00:00.000Z,0,14.0,8.77157,-74.34153,[0.3155493818500768,0.9444181145830921,0.09221178049117086]
2006-10-01T00:00:00.000Z,0,37.0,9.27157,-74.34153,[0.30924346991684787,0.9466409816519334,0.09077074512667188]
2006-10-01T00:00:00.000Z,0,95.0,9.77157,-74.34153,[0.30597595691847584,0.9477522420074089,0.09024633819581039]
2006-10-01T00:00:00.000Z,0,119.0,10.27157,-74.34153,[0.3049436540149882,0.9479770113944197,0.0913726093733316]
2006-10-01T00:00:00.000Z,0,5.0,10.77157,-74.34153,[0.276787003676545,0.9567676741260099,0.08935643425778224]
2006-10-01T00:00:00.000Z,0,156.0,-1.22843,-73.84153,[0.31408019625943384,0.9491943938615363,0.019586550984444395]
2006-10-01T00:00:00.000Z,0,195.0,-0.72843,-73.84153,[0.30243273206630034,0.9527768025246603,0.027400860311270068]
2006-10-01T00:00:00.000Z,0,174.0,-0.22843,-73.84153,[0.28859866181208865,0.9568155633923863,0.03485383838807532]
2006-10-01T00:00:00.000Z,0,241.0,0.27157,-73.84153,[0.2822712763989774,0.9584094500988536,0.04212187651690167]
2006-10-01T00:00:00.000Z,0,232.0,0.77157,-73.84153,[0.2803917929377345,0.9585486874848131,0.0506444091120094]
2006-10-01T00:00:00.000Z,0,267.0,1.27157,-73.84153,[0.2803423732909964,0.9583797412506158,0.05400393780062993]
2006-10-01T00:00:00.000Z,0,265.0,1.77157,-73.84153,[0.2619875994272702,0.9638161686247135,0.04920254916073123]
2006-10-01T00:00:00.000Z,0,554.0,2.27157,-73.84153,[0.2415818338314532,0.9694647617392084,0.04214609481994617]
2006-10-01T00:00:00.000Z,0,995.0,2.77157,-73.84153,[0.2702165136558438,0.9614932975866571,0.05013655795542163]
2006-10-01T00:00:00.000Z,0,363.0,3.27157,-73.84153,[0.25168909506588794,0.9662301700410783,0.05524362340852964]
2006-10-01T00:00:00.000Z,0,545.0,3.77157,-73.84153,[0.18281341643616136,0.9817383468284466,0.05262198340510501]
2006-10-01T00:00:00.000Z,0,1499.0,4.27157,-73.84153,[0.13201754913214128,0.9901316184910596,0.04701855788321647]
2006-10-01T00:00:00.000Z,0,3610.0,4.77157,-73.84153,[0.12636687964802096,0.9912549493701317,0.03801364330395385]
2006-10-01T00:00:00.000Z,0,2585.0,5.27157,-73.84153,[0.1510463875232672,0.9882185222927482,0.024680782275043663]
2006-10-01T00:00:00.000Z,0,2622.0,5.77157,-73.84153,[0.22616523629746954,0.973936783335049,0.017217083303726285]
2006-10-01T00:00:00.000Z,0,616.0,6.27157,-73.84153,[0.2829459754738586,0.9588131546246226,0.024877891428456245]
2006-10-01T00:00:00.000Z,0,101.0,6.77157,-73.84153,[0.30861767719130995,0.950101563353247,0.04541088678672132]
2006-10-01T00:00:00.000Z,0,89.0,7.27157,-73.84153,[0.31338276465789794,0.9468160123706705,0.07301151644689324]
2006-10-01T00:00:00.000Z,0,59.0,7.77157,-73.84153,[0.30670411275388354,0.9476936433654171,0.08837050155246787]
2006-10-01T00:00:00.000Z,0,38.0,8.27157,-73.84153,[0.31817872104925915,0.9432130769894408,0.09545361631477774]
2006-10-01T00:00:00.000Z,0,29.0,8.77157,-73.84153,[0.32339720676110434,0.9415216551449173,0.09461088495670607]
2006-10-01T00:00:00.000Z,0,52.0,9.27157,-73.84153,[0.3200283915658129,0.9429407965778416,0.09189386672104055]
2006-10-01T00:00:00.000Z,0,46.0,9.77157,-73.84153,[0.2695529471605206,0.9591321734306073,0.08606208553920236]
2006-10-01T00:00:00.000Z,0,931.0,10.27157,-73.84153,[0.1460743996705708,0.9857394740359381,0.08354614945187322]
2006-10-01T00:00:00.000Z,0,2665.0,10.77157,-73.84153,[0.2819909029086673,0.9554515298552493,0.08714071823216855]
2006-10-01T00:00:00.000Z,0,139.0,-1.72843,-73.34153,[0.3103438660916387,0.9505717676214268,0.009999969018508359]
2006-10-01T00:00:00.000Z,0,199.0,-1.22843,-73.34153,[0.3012524992364378,0.953402104325056,0.016472983104314578]
2006-10-01T00:00:00.000Z,0,223.0,-0.72843,-73.34153,[0.2959608554738908,0.9548925714346288,0.024235285146352568]
2006-10-01T00:00:00.000Z,0,171.0,-0.22843,-73.34153,[0.28409741301703956,0.9582824277536296,0.03135998366765014]
2006-10-01T00:00:00.000Z,0,209.0,0.27157,-73.34153,[0.27879669712518257,0.9595793296401632,0.0384696217738624]
2006-10-01T00:00:00.000Z,0,237.0,0.77157,-73.34153,[0.267417209782065,0.9624897193346547,0.045842950248354004]
2006-10-01T00:00:00.000Z,0,249.0,1.27157,-73.34153,[0.2654481448536317,0.9627762079215056,0.05098289766236419]
2006-10-01T00:00:00.000Z,0,294.0,1.77157,-73.34153,[0.2712350392196413,0.9609772678602135,0.05435295903112343]
2006-10-01T00:00:00.000Z,0,229.0,2.27157,-73.34153,[0.2810042258461597,0.9582136436899698,0.05350923381055225]
2006-10-01T00:00:00.000Z,0,267.0,2.77157,-73.34153,[0.28027349117097206,0.958319744811516,0.055407913254569084]
2006-10-01T00:00:00.000Z,0,234.0,3.27157,-73.34153,[0.28505988716551856,0.9563650412919498,0.0640840738704162]
2006-10-01T00:00:00.000Z,0,256.0,3.77157,-73.34153,[0.28634058385000793,0.9559370260838727,0.06475702434761718]
2006-10-01T00:00:00.000Z,0,300.0,4.27157,-73.34153,[0.22254424785260554,0.9732317824750311,0.05739299023567196]
2006-10-01T00:00:00.000Z,0,1229.0,4.77157,-73.34153,[0.16180129940621224,0.9856131440953583,0.04885764727167977]
2006-10-01T00:00:00.000Z,0,2684.0,5.27157,-73.34153,[0.13977565828654961,0.9893495813094839,0.04062230068952848]
2006-10-01T00:00:00.000Z,0,3515.0,5.77157,-73.34153,[0.20484368599936748,0.9783419794865623,0.029766348121783085]
2006-10-01T00:00:00.000Z,0,1301.0,6.27157,-73.34153,[0.21562148446573176,0.9761386414975738,0.025704630167836]
2006-10-01T00:00:00.000Z,0,1945.0,6.77157,-73.34153,[0.27976195005274035,0.9595048407431337,0.03291977966484053]
2006-10-01T00:00:00.000Z,0,351.0,7.27157,-73.34153,[0.23032029848133195,0.9713971847985805,0.05779333415596385]
2006-10-01T00:00:00.000Z,0,325.0,7.77157,-73.34153,[0.2361727626741608,0.967759087981096,0.08754869388432844]
2006-10-01T00:00:00.000Z,0,1339.0,8.27157,-73.34153,[0.26038342468814246,0.9610718679476502,0.09241935288287287]
2006-10-01T00:00:00.000Z,0,1230.0,8.77157,-73.34153,[0.2681448976575673,0.9590908787586017,0.09079096949733399]
2006-10-01T00:00:00.000Z,0,809.0,9.27157,-73.34153,[0.28283352712575016,0.9551243316825928,0.08799265288356672]
2006-10-01T00:00:00.000Z,0,74.0,9.77157,-73.34153,[0.2722724868713932,0.9584876976854736,0.08467010262464057]
2006-10-01T00:00:00.000Z,0,99.0,10.27157,-73.34153,[0.2314390993652455,0.9694845222258442,0.08084370383357424]
2006-10-01T00:00:00.000Z,0,1426.0,10.77157,-73.34153,[0.29737637240360854,0.9509259665073564,0.08548157320803347]
2006-10-01T00:00:00.000Z,0,146.0,-2.22843,-72.84153,[0.3032970721464291,0.9528960251764675,2.2634109861673811E-4]
2006-10-01T00:00:00.000Z,0,165.0,-1.72843,-72.84153,[0.30134166110714433,0.9534989873838,0.005734486834501627]
2006-10-01T00:00:00.000Z,0,168.0,-1.22843,-72.84153,[0.2977437195076856,0.9545641344516061,0.012489624189086437]
2006-10-01T00:00:00.000Z,0,178.0,-0.72843,-72.84153,[0.2855914321766776,0.9581483545164109,0.019729789780144523]
2006-10-01T00:00:00.000Z,0,191.0,-0.22843,-72.84153,[0.2821786456691254,0.9589749375805143,0.027244834754260382]
2006-10-01T00:00:00.000Z,0,247.0,0.27157,-72.84153,[0.26978340214381497,0.9622982769381747,0.03462574373971798]
2006-10-01T00:00:00.000Z,0,264.0,0.77157,-72.84153,[0.26474896762577677,0.9633920766382433,0.04223376388315963]
2006-10-01T00:00:00.000Z,0,246.0,1.27157,-72.84153,[0.26306550216499713,0.963529597215446,0.04906380397521772]
2006-10-01T00:00:00.000Z,0,259.0,1.77157,-72.84153,[0.26697081270731166,0.9621418701098802,0.054859884650443655]
2006-10-01T00:00:00.000Z,0,271.0,2.27157,-72.84153,[0.2799995704536479,0.9581734350124832,0.05919382554077118]
2006-10-01T00:00:00.000Z,0,193.0,2.77157,-72.84153,[0.2825041521499573,0.9570768044319845,0.06477186454236664]
2006-10-01T00:00:00.000Z,0,182.0,3.27157,-72.84153,[0.2877574949051595,0.9551798214912709,0.06947757006265258]
2006-10-01T00:00:00.000Z,0,203.0,3.77157,-72.84153,[0.28786295547249174,0.9551314921041295,0.06970474630598267]
2006-10-01T00:00:00.000Z,0,165.0,4.27157,-72.84153,[0.28824511105122025,0.9552308912743926,0.06669857802231724]
2006-10-01T00:00:00.000Z,0,293.0,4.77157,-72.84153,[0.21596393988686083,0.9745783886264939,0.05963674279109254]
2006-10-01T00:00:00.000Z,0,1653.0,5.27157,-72.84153,[0.14906401988292753,0.987262470147697,0.05561234587939989]
2006-10-01T00:00:00.000Z,0,2686.0,5.77157,-72.84153,[0.14767276045637664,0.9880010878152817,0.045239432965207445]
2006-10-01T00:00:00.000Z,0,2685.0,6.27157,-72.84153,[0.17246457587160968,0.9845328768299838,0.030838036745254715]
2006-10-01T00:00:00.000Z,0,1547.0,6.77157,-72.84153,[0.1481722637890395,0.9882232799814454,0.03820640190262837]
2006-10-01T00:00:00.000Z,0,3795.0,7.27157,-72.84153,[0.2167880865625686,0.9744172849140452,0.05927799241945235]
2006-10-01T00:00:00.000Z,0,1328.0,7.77157,-72.84153,[0.293476733414688,0.9517853275841057,0.08930899809011682]
2006-10-01T00:00:00.000Z,0,973.0,8.27157,-72.84153,[0.33324869180837335,0.9380772783644957,0.09463788471995799]
2006-10-01T00:00:00.000Z,0,83.0,8.77157,-72.84153,[0.3332710509334464,0.9381402181080287,0.0939326236082881]
2006-10-01T00:00:00.000Z,0,223.0,10.77157,-72.84153,[0.313024225857733,0.9460287714811485,0.08393686648925877]
2006-10-01T00:00:00.000Z,0,51.0,11.27157,-72.84153,[0.34646412866127235,0.9339994517407026,0.08722173868395668]
2006-10-01T00:00:00.000Z,0,149.0,-2.22843,-72.34153,[0.2942391015183872,0.9557239989168667,0.0038715671252419364]
2006-10-01T00:00:00.000Z,0,147.0,-1.72843,-72.34153,[0.2933108138318212,0.9560168255345451,7.718705627153191E-4]
2006-10-01T00:00:00.000Z,0,145.0,-1.22843,-72.34153,[0.29237767749061355,0.956272854950503,0.007584232987538471]
2006-10-01T00:00:00.000Z,0,205.0,-0.72843,-72.34153,[0.2857218729606654,0.9582003496247411,0.014666331882011344]
2006-10-01T00:00:00.000Z,0,176.0,-0.22843,-72.34153,[0.27960203590738747,0.9598598627318741,0.022175333882310036]
2006-10-01T00:00:00.000Z,0,150.0,0.27157,-72.34153,[0.2771237409175372,0.9603403483334656,0.030803369663526255]
2006-10-01T00:00:00.000Z,0,218.0,0.77157,-72.34153,[0.272974903887808,0.961208927975602,0.03952339342004942]
2006-10-01T00:00:00.000Z,0,234.0,1.27157,-72.34153,[0.2710653199419738,0.961336309096535,0.04853960380356275]
2006-10-01T00:00:00.000Z,0,237.0,1.77157,-72.34153,[0.27345555940846816,0.9602497143843516,0.05605838967873597]
2006-10-01T00:00:00.000Z,0,203.0,2.27157,-72.34153,[0.2792198440258466,0.9582317374523371,0.06187257907390919]
2006-10-01T00:00:00.000Z,0,188.0,2.77157,-72.34153,[0.285795430537531,0.9558991104721206,0.06765990306286244]
2006-10-01T00:00:00.000Z,0,220.0,3.27157,-72.34153,[0.28831772221584184,0.9548469051330731,0.07169573776774166]
2006-10-01T00:00:00.000Z,0,180.0,3.77157,-72.34153,[0.2980897739017681,0.9516375423430031,0.07435371341474292]
2006-10-01T00:00:00.000Z,0,190.0,4.27157,-72.34153,[0.306392755730851,0.9490142658779542,0.07413098134911227]
2006-10-01T00:00:00.000Z,0,177.0,4.77157,-72.34153,[0.30734316228727876,0.9489074059972258,0.07151863700373179]
2006-10-01T00:00:00.000Z,0,257.0,5.27157,-72.34153,[0.24499516693695744,0.9673283351830102,0.06521702331138726]
2006-10-01T00:00:00.000Z,0,1342.0,5.77157,-72.34153,[0.17847165718555522,0.9821930126990287,0.058692021490551714]
2006-10-01T00:00:00.000Z,0,3317.0,6.27157,-72.34153,[0.18038452762086823,0.9829116096892208,0.03669045833921061]
2006-10-01T00:00:00.000Z,0,3467.0,6.77157,-72.34153,[0.237612708482993,0.9706479141530264,0.037186388877588405]
2006-10-01T00:00:00.000Z,0,2203.0,7.27157,-72.34153,[0.2592463337052046,0.9644439295179859,0.051373585394792844]
2006-10-01T00:00:00.000Z,0,97.0,11.27157,-72.34153,[0.3548371214553405,0.9311415497500486,0.08405969049648929]
2006-10-01T00:00:00.000Z,0,19.0,11.77157,-72.34153,[0.35055876079289766,0.9327804788929898,0.08383992740641329]
2006-10-01T00:00:00.000Z,0,109.0,-2.22843,-71.84153,[0.2899382058503921,0.9570140779573092,0.0077389521110443]
2006-10-01T00:00:00.000Z,0,140.0,-1.72843,-71.84153,[0.2899454400188319,0.9570379561523848,0.0031610593084759864]
2006-10-01T00:00:00.000Z,0,153.0,-1.22843,-71.84153,[0.2906390275856264,0.9568228660965004,0.00435414273536519]
2006-10-01T00:00:00.000Z,0,136.0,-0.72843,-71.84153,[0.2882202603211535,0.9574957711792628,0.011442452282412837]
2006-10-01T00:00:00.000Z,0,192.0,-0.22843,-71.84153,[0.27806296446172174,0.9603867003331773,0.01839493457208313]
2006-10-01T00:00:00.000Z,0,216.0,0.27157,-71.84153,[0.27786007807641505,0.9602673962640857,0.026082651007173063]
2006-10-01T00:00:00.000Z,0,215.0,0.77157,-71.84153,[0.2721883422037633,0.961592019754608,0.035416012093694306]
2006-10-01T00:00:00.000Z,0,232.0,1.27157,-71.84153,[0.2622259434038646,0.9639135468995815,0.04591545175016286]
2006-10-01T00:00:00.000Z,0,233.0,1.77157,-71.84153,[0.2759535275164441,0.9595177998758799,0.05634928901576243]
2006-10-01T00:00:00.000Z,0,159.0,2.27157,-71.84153,[0.28332894898037303,0.9569034314620145,0.06372228437445371]
2006-10-01T00:00:00.000Z,0,186.0,2.77157,-71.84153,[0.2901496322535051,0.9544395797812667,0.06970135902631193]
2006-10-01T00:00:00.000Z,0,222.0,3.27157,-71.84153,[0.29366105000750126,0.9530132188922683,0.0743571941717107]
2006-10-01T00:00:00.000Z,0,206.0,3.77157,-71.84153,[0.300668016358206,0.9506082772828994,0.07708856660011147]
2006-10-01T00:00:00.000Z,0,189.0,4.27157,-71.84153,[0.30700007675564867,0.9485957427843077,0.07692249114214568]
2006-10-01T00:00:00.000Z,0,149.0,4.77157,-71.84153,[0.31815951237828133,0.9450515886199319,0.0751799144064235]
2006-10-01T00:00:00.000Z,0,172.0,5.27157,-71.84153,[0.32151073403092706,0.9442136798677785,0.0713538692254511]
2006-10-01T00:00:00.000Z,0,213.0,5.77157,-71.84153,[0.3134503464426627,0.947556794418624,0.06232978153400074]
2006-10-01T00:00:00.000Z,0,412.0,6.27157,-71.84153,[0.3089808781487536,0.9499647390926385,0.04580187134910935]
2006-10-01T00:00:00.000Z,0,325.0,6.77157,-71.84153,[0.3469013978543416,0.9372645040210029,0.03456399382257804]
2006-10-01T00:00:00.000Z,0,174.0,11.77157,-71.84153,[0.35429544525482437,0.931711205514417,0.07993101394676314]
2006-10-01T00:00:00.000Z,0,107.0,-2.22843,-71.34153,[0.2863421338148058,0.9580620266735982,0.01119533154764654]
2006-10-01T00:00:00.000Z,0,121.0,-1.72843,-71.34153,[0.2882342328786816,0.9575421893759948,0.005829456395299179]
2006-10-01T00:00:00.000Z,0,140.0,-1.22843,-71.34153,[0.28734771915952534,0.9578257305317512,0.0010762086859907318]
2006-10-01T00:00:00.000Z,0,186.0,-0.72843,-71.34153,[0.28733877355440357,0.9577959118480119,0.00796369634570257]
2006-10-01T00:00:00.000Z,0,201.0,-0.22843,-71.34153,[0.281326886714455,0.9595065299728751,0.014226796932708181]
2006-10-01T00:00:00.000Z,0,185.0,0.27157,-71.34153,[0.2795724403285933,0.9599008122308735,0.020728755081397602]
2006-10-01T00:00:00.000Z,0,228.0,0.77157,-71.34153,[0.27126841981521027,0.9620566051585946,0.029334840747458787]
2006-10-01T00:00:00.000Z,0,342.0,1.27157,-71.34153,[0.27213044591378155,0.9613874826683789,0.04097717139242271]
2006-10-01T00:00:00.000Z,0,222.0,1.77157,-71.34153,[0.2810664551621596,0.9581810971437261,0.053764606006397965]
2006-10-01T00:00:00.000Z,0,164.0,2.27157,-71.34153,[0.284206943999424,0.9566512982924007,0.06359800671383335]
2006-10-01T00:00:00.000Z,0,189.0,2.77157,-71.34153,[0.29173046187330304,0.9538602742149571,0.071020524426085]
2006-10-01T00:00:00.000Z,0,209.0,3.27157,-71.34153,[0.3004489138316162,0.9506741751089944,0.07713016892393729]
2006-10-01T00:00:00.000Z,0,171.0,3.77157,-71.34153,[0.3052525165667248,0.9489123174171595,0.07991442287645717]
2006-10-01T00:00:00.000Z,0,165.0,4.27157,-71.34153,[0.3096722089523829,0.9475045199289327,0.07961348954037008]
2006-10-01T00:00:00.000Z,0,131.0,4.77157,-71.34153,[0.3135613262017541,0.9465122560439566,0.07611730334934774]
2006-10-01T00:00:00.000Z,0,146.0,5.27157,-71.34153,[0.32181978783517473,0.9441624657811376,0.0706347107858821]
2006-10-01T00:00:00.000Z,0,151.0,5.77157,-71.34153,[0.3267075681411715,0.9431594394148419,0.06092976909494112]
2006-10-01T00:00:00.000Z,0,157.0,6.27157,-71.34153,[0.3336409882960401,0.9416896010239683,0.043639274193793647]
2006-10-01T00:00:00.000Z,0,154.0,6.77157,-71.34153,[0.34013170125865155,0.9399338411126177,0.028892907956380078]
2006-10-01T00:00:00.000Z,0,97.0,-2.22843,-70.84153,[0.28311960693675303,0.9589878415414078,0.013623800634550523]
2006-10-01T00:00:00.000Z,0,137.0,-1.72843,-70.84153,[0.2846977624116859,0.9585890951614443,0.0073573579050210955]
2006-10-01T00:00:00.000Z,0,114.0,-1.22843,-70.84153,[0.28061134926849257,0.9598183651115485,0.002444720088323989]
2006-10-01T00:00:00.000Z,0,155.0,-0.72843,-70.84153,[0.2863587789716867,0.9581177191157939,0.003014302936544071]
2006-10-01T00:00:00.000Z,0,183.0,-0.22843,-70.84153,[0.2823309410666469,0.9592835383969026,0.00802076537121156]
2006-10-01T00:00:00.000Z,0,193.0,0.27157,-70.84153,[0.2830054512304387,0.9590146988865431,0.014096875306572795]
2006-10-01T00:00:00.000Z,0,250.0,0.77157,-70.84153,[0.2805449428230535,0.9595912248833989,0.021891006902101905]
2006-10-01T00:00:00.000Z,0,316.0,1.27157,-70.84153,[0.28374132123685836,0.9582961604037291,0.034048958548423]
2006-10-01T00:00:00.000Z,0,186.0,1.77157,-70.84153,[0.2860216641119631,0.9569897784197262,0.04860217751075463]
2006-10-01T00:00:00.000Z,0,191.0,2.27157,-70.84153,[0.2858149169176387,0.95629803028834,0.06167585049275362]
2006-10-01T00:00:00.000Z,0,160.0,2.77157,-70.84153,[0.2951741703458222,0.9527076766758814,0.07225158796524603]
2006-10-01T00:00:00.000Z,0,240.0,3.27157,-70.84153,[0.30638935624308994,0.9485633575201199,0.07970645614442007]
2006-10-01T00:00:00.000Z,0,186.0,3.77157,-70.84153,[0.3049014252941985,0.9488350324453789,0.08214135412776541]
2006-10-01T00:00:00.000Z,0,176.0,4.27157,-70.84153,[0.3079056859083374,0.9478439957999193,0.08237625999861116]
2006-10-01T00:00:00.000Z,0,146.0,4.77157,-70.84153,[0.3121459686005056,0.9468427714215336,0.07780527291412602]
2006-10-01T00:00:00.000Z,0,123.0,5.27157,-70.84153,[0.317552222170098,0.9456774967922698,0.06967537768494092]
2006-10-01T00:00:00.000Z,0,120.0,5.77157,-70.84153,[0.32059721134058705,0.945470321444422,0.057474336433057965]
2006-10-01T00:00:00.000Z,0,126.0,6.27157,-70.84153,[0.3250796155230282,0.9448357170597367,0.04010874392963982]
2006-10-01T00:00:00.000Z,0,122.0,6.77157,-70.84153,[0.3316631773430751,0.9430565078189217,0.02537636410276197]
2006-10-01T00:00:00.000Z,0,97.0,-3.72843,-70.34153,[0.2721652332812409,0.9619275038871339,0.024931166407441915]
2006-10-01T00:00:00.000Z,0,132.0,-2.22843,-70.34153,[0.28322620091628553,0.9589381484206823,0.014850812033063661]
2006-10-01T00:00:00.000Z,0,129.0,-1.72843,-70.34153,[0.28382775764677376,0.9588488292037076,0.007122269573907806]
2006-10-01T00:00:00.000Z,0,144.0,-1.22843,-70.34153,[0.282164134253374,0.9593580564614714,0.003939650176367863]
2006-10-01T00:00:00.000Z,0,134.0,-0.72843,-70.34153,[0.2830335734973588,0.9591099962287856,1.0680512207447502E-4]
2006-10-01T00:00:00.000Z,0,170.0,-0.22843,-70.34153,[0.28635816169514555,0.9581156537920283,0.003660217104374041]
2006-10-01T00:00:00.000Z,0,177.0,0.27157,-70.34153,[0.28645555190240996,0.9580704413814685,0.006651776860655212]
2006-10-01T00:00:00.000Z,0,190.0,0.77157,-70.34153,[0.2873243235744606,0.9577477452482018,0.012805840638711912]
2006-10-01T00:00:00.000Z,0,195.0,1.27157,-70.34153,[0.28814562889354983,0.9572478383092835,0.025469051842276314]
2006-10-01T00:00:00.000Z,0,216.0,1.77157,-70.34153,[0.28890883694451003,0.9565371230672167,0.039603233828348565]
2006-10-01T00:00:00.000Z,0,168.0,2.27157,-70.34153,[0.28927966819596285,0.9555980050518323,0.05612242251891714]
2006-10-01T00:00:00.000Z,0,193.0,2.77157,-70.34153,[0.3010364187475101,0.9508751824644598,0.07220430707966109]
2006-10-01T00:00:00.000Z,0,177.0,3.27157,-70.34153,[0.30538783974922856,0.9487232521621256,0.08162388216826807]
2006-10-01T00:00:00.000Z,0,174.0,3.77157,-70.34153,[0.30486210536074376,0.9485858073864036,0.085112059898111]
2006-10-01T00:00:00.000Z,0,118.0,4.27157,-70.34153,[0.30552483318846724,0.9483763409381791,0.08506992567217918]
2006-10-01T00:00:00.000Z,0,116.0,4.77157,-70.34153,[0.30397544426683376,0.9493561449676859,0.07950999493695912]
2006-10-01T00:00:00.000Z,0,124.0,5.27157,-70.34153,[0.313734884613268,0.9469297429750827,0.06996058923310466]
2006-10-01T00:00:00.000Z,0,105.0,5.77157,-70.34153,[0.31574863521499513,0.9472459056449852,0.05502720780377269]
2006-10-01T00:00:00.000Z,0,104.0,6.27157,-70.34153,[0.31394848888714816,0.9486704338111651,0.038219816038435425]
2006-10-01T00:00:00.000Z,0,109.0,6.77157,-70.34153,[0.32341468247442046,0.945901006806907,0.025965909990777844]
2006-10-01T00:00:00.000Z,0,140.0,-3.72843,-69.84153,[0.2764211724729584,0.9606939616890364,0.025660229595602928]
2006-10-01T00:00:00.000Z,0,128.0,-3.22843,-69.84153,[0.2764387310953356,0.9607549861841664,0.02305394700832799]
2006-10-01T00:00:00.000Z,0,61.0,-2.72843,-69.84153,[0.2806296256496797,0.9596061731017137,0.020075003183179334]
2006-10-01T00:00:00.000Z,0,111.0,-2.22843,-69.84153,[0.2781505780990399,0.9604067130589492,0.0158493348275302]
2006-10-01T00:00:00.000Z,0,145.0,-1.72843,-69.84153,[0.28227028056842457,0.9592944873453225,0.008807681686909487]
2006-10-01T00:00:00.000Z,0,68.0,-1.22843,-69.84153,[0.283141547771721,0.9590621599335362,0.005535097926364471]
2006-10-01T00:00:00.000Z,0,122.0,-0.72843,-69.84153,[0.2873471517144427,0.9578238390481423,0.002260033777529324]
2006-10-01T00:00:00.000Z,0,188.0,0.77157,-69.84153,[0.29422118090901533,0.9556739839155796,0.011006051582152055]
2006-10-01T00:00:00.000Z,0,195.0,1.77157,-69.84153,[0.2924252698651902,0.9558378223951739,0.029351640893185135]
2006-10-01T00:00:00.000Z,0,182.0,2.27157,-69.84153,[0.29546487361400375,0.9542421103385603,0.04607063399685021]
2006-10-01T00:00:00.000Z,0,180.0,2.77157,-69.84153,[0.30051715641138,0.9514528420699778,0.06653516378111733]
2006-10-01T00:00:00.000Z,0,198.0,3.27157,-69.84153,[0.3001409492712953,0.9504463393591018,0.08103805630324974]
2006-10-01T00:00:00.000Z,0,149.0,3.77157,-69.84153,[0.3009134373843186,0.9497230793282025,0.08647066434872798]
2006-10-01T00:00:00.000Z,0,188.0,4.27157,-69.84153,[0.3002292355224101,0.9499790735932976,0.08603584062731752]
2006-10-01T00:00:00.000Z,0,143.0,4.77157,-69.84153,[0.29865506316683416,0.9507745456622062,0.08266145755816122]
2006-10-01T00:00:00.000Z,0,100.0,5.27157,-69.84153,[0.2995912940819735,0.9511188295390535,0.07495350963463501]
2006-10-01T00:00:00.000Z,0,112.0,5.77157,-69.84153,[0.3013037020081699,0.9517194425055108,0.05870418991155488]
2006-10-01T00:00:00.000Z,0,98.0,6.27157,-69.84153,[0.3095940075793247,0.9500946536945218,0.03836273572178588]
2006-10-01T00:00:00.000Z,0,169.0,0.77157,-69.34153,[0.29676430913485297,0.9549021312383461,0.00963662701249707]
2006-10-01T00:00:00.000Z,0,182.0,1.77157,-69.34153,[0.29762741592810604,0.9543845920351445,0.023832158397195206]
2006-10-01T00:00:00.000Z,0,167.0,2.27157,-69.34153,[0.3000831604440898,0.9532053331753442,0.036738122216133054]
2006-10-01T00:00:00.000Z,0,128.0,2.77157,-69.34153,[0.2987734389421243,0.9525470525682488,0.05821120876805965]
2006-10-01T00:00:00.000Z,0,182.0,3.27157,-69.34153,[0.30182965771550846,0.9500394761303641,0.0795226478261524]
2006-10-01T00:00:00.000Z,0,123.0,3.77157,-69.34153,[0.2983477697484181,0.9504982850349232,0.08684249208662133]
2006-10-01T00:00:00.000Z,0,172.0,4.27157,-69.34153,[0.3019126913780097,0.9493476851108528,0.08710740243832206]
2006-10-01T00:00:00.000Z,0,142.0,4.77157,-69.34153,[0.2974465368951306,0.9509443186981872,0.08503211407894255]
2006-10-01T00:00:00.000Z,0,117.0,5.27157,-69.34153,[0.30019010831844634,0.9504173909122765,0.08119533188096721]
2006-10-01T00:00:00.000Z,0,83.0,5.77157,-69.34153,[0.30744741625641137,0.9491740232788847,0.06741483345549676]
2006-10-01T00:00:00.000Z,0,139.0,1.77157,-68.84153,[0.29826965995079974,0.9542427866322633,0.021352145398691933]
2006-10-01T00:00:00.000Z,0,178.0,2.27157,-68.84153,[0.2965586857402039,0.9544796218823599,0.03196243612977753]
2006-10-01T00:00:00.000Z,0,155.0,2.77157,-68.84153,[0.30241339110781407,0.9517127308392973,0.05281116205007783]
2006-10-01T00:00:00.000Z,0,154.0,3.27157,-68.84153,[0.30724366073533943,0.9486428357010844,0.07535318978618544]
2006-10-01T00:00:00.000Z,0,118.0,3.77157,-68.84153,[0.30591999439297507,0.9480158068002084,0.08762982989571667]
2006-10-01T00:00:00.000Z,0,168.0,4.27157,-68.84153,[0.3085765242914008,0.9470494054616083,0.08875782935072656]
2006-10-01T00:00:00.000Z,0,130.0,4.77157,-68.84153,[0.3023578783971575,0.9491600798035311,0.0876062570740482]
2006-10-01T00:00:00.000Z,0,118.0,5.27157,-68.84153,[0.30336988224251593,0.9490032213740244,0.08578811322022795]
2006-10-01T00:00:00.000Z,0,76.0,5.77157,-68.84153,[0.3142765063269139,0.9462088362530741,0.07693578990010115]
2006-10-01T00:00:00.000Z,0,140.0,1.77157,-68.34153,[0.29922632645801184,0.9539909448698237,0.01910190202112031]
2006-10-01T00:00:00.000Z,0,115.0,2.27157,-68.34153,[0.29652014876941124,0.9545964640680674,0.028659940029757223]
2006-10-01T00:00:00.000Z,0,126.0,2.77157,-68.34153,[0.30349866220047766,0.9517807310919392,0.04474373659646748]
2006-10-01T00:00:00.000Z,0,132.0,3.27157,-68.34153,[0.3064385629914526,0.949622799599886,0.06566540635531128]
2006-10-01T00:00:00.000Z,0,110.0,3.77157,-68.34153,[0.3123629181928247,0.9461427522072514,0.08510757771050874]
2006-10-01T00:00:00.000Z,0,121.0,4.27157,-68.34153,[0.3166268446627204,0.9442062177755677,0.09067557307724503]
2006-10-01T00:00:00.000Z,0,109.0,4.77157,-68.34153,[0.31660393963900524,0.9441379131887182,0.09146336034015708]
2006-10-01T00:00:00.000Z,0,89.0,5.27157,-68.34153,[0.32180574729430456,0.9424311170761777,0.09091012361064105]
2006-10-01T00:00:00.000Z,0,65.0,5.77157,-68.34153,[0.329237523961115,0.9401818025790994,0.08752617274318374]
2006-10-01T00:00:00.000Z,0,136.0,2.27157,-67.84153,[0.3037027259433315,0.9524206809914035,0.025680745208443472]
2006-10-01T00:00:00.000Z,0,120.0,2.77157,-67.84153,[0.30786547956838684,0.9506615358100735,0.03822944966068979]
2006-10-01T00:00:00.000Z,0,103.0,3.27157,-67.84153,[0.312868065246486,0.9476728353118198,0.06348047700653339]
2006-10-01T00:00:00.000Z,0,95.0,3.77157,-67.84153,[0.3174691045382236,0.9444134872414062,0.0854197446743134]
2006-10-01T00:00:00.000Z,0,110.0,4.27157,-67.84153,[0.3176182311366037,0.9436816037018947,0.09264820604995516]
2006-10-01T00:00:00.000Z,0,101.0,4.77157,-67.84153,[0.32738472934706575,0.9400618656965747,0.09540926398114488]
2006-10-01T00:00:00.000Z,0,80.0,5.77157,-67.84153,[0.33863095768509127,0.936284893529305,0.09327203571326198]
2006-10-01T00:00:00.000Z,0,54.0,6.27157,-67.84153,[0.33480826187433865,0.9388679231581105,0.08019009069367901]
2006-10-01T00:00:00.000Z,0,114.0,2.27157,-67.34153,[0.3124121171679028,0.9496875590719943,0.022185788030764108]
