2005-06-01T00:00:00.000Z,8,10.0,1.77157,-78.84153,[0.2780540445624573,0.9605503357612162,0.005385236436189884]
2005-06-01T00:00:00.000Z,2,235.0,1.27157,-78.34153,[0.2874506654649254,0.9577901620036843,0.003181272186963602]
2005-06-01T00:00:00.000Z,8,57.0,1.77157,-78.34153,[0.2830651704883538,0.9590914011840694,0.004218226070022527]
2005-06-01T00:00:00.000Z,8,1772.0,1.27157,-77.84153,[0.2645707927779855,0.9643662663162935,0.0]
2005-06-01T00:00:00.000Z,2,528.0,1.77157,-77.84153,[0.28963014978107393,0.9571371356046425,0.0016970516588734798]
2005-06-01T00:00:00.000Z,2,116.0,2.27157,-77.84153,[0.28442338206606765,0.9586934847246218,0.003184663351318904]
2005-06-01T00:00:00.000Z,6,167.0,7.27157,-77.84153,[0.251851771389557,0.9662884290048309,0.05345425351941618]
2005-06-01T00:00:00.000Z,11,2201.0,0.77157,-77.34153,[0.18233416774843358,0.9832196893776292,0.005770068599633973]
2005-06-01T00:00:00.000Z,1,2447.0,1.27157,-77.34153,[0.2331937556557463,0.9724179610844621,0.004897068868770672]
2005-06-01T00:00:00.000Z,1,1706.0,1.77157,-77.34153,[0.214537513834536,0.9767102603519666,0.0032745199480008124]
2005-06-01T00:00:00.000Z,8,2096.0,2.27157,-77.34153,[0.27397031592827364,0.9617381214743546,2.2736125803176233E-4]
2005-06-01T00:00:00.000Z,2,57.0,2.77157,-77.34153,[0.286126417202381,0.9581907924916947,0.0014417222572213]
2005-06-01T00:00:00.000Z,8,74.0,3.27157,-77.34153,[0.27826630505451133,0.9605022267132554,0.001826458372944669]
2005-06-01T00:00:00.000Z,8,28.0,4.27157,-77.34153,[0.2673781974242778,0.9635898884098012,0.001851079828321923]
2005-06-01T00:00:00.000Z,8,14.0,5.27157,-77.34153,[0.25604713714097865,0.9665020394056705,0.017710770355601292]
2005-06-01T00:00:00.000Z,8,499.0,6.27157,-77.34153,[0.2679686913758048,0.9628177399432987,0.034275065175975034]
2005-06-01T00:00:00.000Z,0,695.0,6.77157,-77.34153,[0.27711018897725714,0.9598759777881416,0.04298895707327791]
2005-06-01T00:00:00.000Z,0,345.0,7.27157,-77.34153,[0.27698331681706906,0.9594365080621668,0.052553108399892565]
2005-06-01T00:00:00.000Z,8,279.0,0.27157,-76.84153,[0.2580743724759767,0.9660958030513735,0.007517818676474104]
2005-06-01T00:00:00.000Z,1,485.0,0.77157,-76.84153,[0.1948036594028653,0.9808137735051241,0.00747502413987739]
2005-06-01T00:00:00.000Z,11,3335.0,1.27157,-76.84153,[0.15997647317469577,0.9870888770353569,0.007942094412928159]
2005-06-01T00:00:00.000Z,11,2008.0,1.77157,-76.84153,[0.16277799787314123,0.9866339871086316,0.007529866568281364]
2005-06-01T00:00:00.000Z,1,1013.0,2.27157,-76.84153,[0.20488539091080835,0.9787731446228292,0.005010784016840422]
2005-06-01T00:00:00.000Z,8,2856.0,2.77157,-76.84153,[0.24253451045015118,0.9701380418006047,0.00303168138062689]
2005-06-01T00:00:00.000Z,8,1911.0,3.27157,-76.84153,[0.24771270963508993,0.9688319310172405,0.0017615126018495283]
2005-06-01T00:00:00.000Z,8,794.0,3.77157,-76.84153,[0.2674201897038047,0.963578821199944,0.0015157419659324965]
2005-06-01T00:00:00.000Z,8,70.0,4.27157,-76.84153,[0.27725369444259707,0.9607906872799228,0.003412353162370425]
2005-06-01T00:00:00.000Z,8,24.0,4.77157,-76.84153,[0.2755392358753648,0.9612322961453565,0.010516764728067358]
2005-06-01T00:00:00.000Z,8,133.0,5.27157,-76.84153,[0.27817083751025395,0.9603768838757056,0.017240245822878857]
2005-06-01T00:00:00.000Z,8,76.0,5.77157,-76.84153,[0.2712973290883717,0.9621591322320158,0.02544726885247517]
2005-06-01T00:00:00.000Z,8,38.0,6.27157,-76.84153,[0.26652793147180176,0.963278114531945,0.03252899951033801]
2005-06-01T00:00:00.000Z,0,20.0,6.77157,-76.84153,[0.2844646118024015,0.957804067454528,0.041124846500272275]
2005-06-01T00:00:00.000Z,0,15.0,7.27157,-76.84153,[0.28119024751374655,0.958363764934492,0.04970853813726157]
2005-06-01T00:00:00.000Z,0,8.0,7.77157,-76.84153,[0.29377297998212953,0.9539609859056061,0.060463820607231024]
2005-06-01T00:00:00.000Z,8,294.0,0.77157,-76.34153,[0.24803726125265302,0.9686860608380639,0.011172849605975362]
2005-06-01T00:00:00.000Z,1,1412.0,1.27157,-76.34153,[0.18493987427262232,0.9826982668450583,0.010067732800639797]
2005-06-01T00:00:00.000Z,11,2388.0,1.77157,-76.34153,[0.13520462501401137,0.9907617603485752,0.010528228996992689]
2005-06-01T00:00:00.000Z,11,3852.0,2.27157,-76.34153,[0.14481977266680582,0.9894175308152001,0.00895450502748952]
2005-06-01T00:00:00.000Z,1,2450.0,2.77157,-76.34153,[0.20434404246954563,0.9788738808621781,0.007031192859167161]
2005-06-01T00:00:00.000Z,1,990.0,3.27157,-76.34153,[0.20922985861762539,0.9778514635911819,0.0054204626584877045]
2005-06-01T00:00:00.000Z,1,962.0,3.77157,-76.34153,[0.22849369953876894,0.9735347672291625,0.004548215820202983]
2005-06-01T00:00:00.000Z,1,1899.0,4.27157,-76.34153,[0.19670415644659453,0.9804472797884947,0.005532304400060472]
2005-06-01T00:00:00.000Z,1,1358.0,4.77157,-76.34153,[0.2306120401884006,0.97299326545243,0.010109020939765507]
2005-06-01T00:00:00.000Z,1,407.0,5.27157,-76.34153,[0.21546847164330402,0.976374040586566,0.01634229470917813]
2005-06-01T00:00:00.000Z,1,480.0,5.77157,-76.34153,[0.20975407484205874,0.9774539887639938,0.024226595644257786]
2005-06-01T00:00:00.000Z,1,1095.0,6.27157,-76.34153,[0.21014154964667137,0.9772099648593979,0.03002022137809591]
2005-06-01T00:00:00.000Z,1,1485.0,6.77157,-76.34153,[0.23046145675991705,0.9723856201887728,0.03679296941254816]
2005-06-01T00:00:00.000Z,0,827.0,7.27157,-76.34153,[0.26300991995639983,0.9636847848402462,0.04623221249233591]
2005-06-01T00:00:00.000Z,0,201.0,7.77157,-76.34153,[0.28119669900208666,0.9579574111526309,0.05697380879034815]
2005-06-01T00:00:00.000Z,9,165.0,8.27157,-76.34153,[0.29127739605742703,0.9543306685372426,0.06641124630109335]
2005-06-01T00:00:00.000Z,9,99.0,8.77157,-76.34153,[0.30488450591386906,0.9493734614755709,0.0757328772697084]
2005-06-01T00:00:00.000Z,8,267.0,0.27157,-75.84153,[0.2773295285714512,0.960588971947083,0.018898665455070664]
2005-06-01T00:00:00.000Z,8,241.0,0.77157,-75.84153,[0.2691490404555926,0.9629799685152965,0.015112056779678768]
2005-06-01T00:00:00.000Z,1,250.0,1.27157,-75.84153,[0.22108406113763274,0.9751777152159938,0.01225812616208657]
2005-06-01T00:00:00.000Z,1,1712.0,1.77157,-75.84153,[0.23606968872063613,0.9716491535747923,0.013000939378817642]
2005-06-01T00:00:00.000Z,1,1262.0,2.27157,-75.84153,[0.2092026938250451,0.9777951993996675,0.012279288550600476]
2005-06-01T00:00:00.000Z,11,2705.0,2.77157,-75.84153,[0.17022664856002673,0.9853504080109239,0.010366366418719575]
2005-06-01T00:00:00.000Z,11,1867.0,3.27157,-75.84153,[0.14464378902574448,0.9894473684079912,0.008489961529771958]
2005-06-01T00:00:00.000Z,11,3782.0,3.77157,-75.84153,[0.163893349411639,0.9864524238172233,0.007112352898995653]
2005-06-01T00:00:00.000Z,1,2035.0,4.27157,-75.84153,[0.2122901564284655,0.9771747903943437,0.007894206821963038]
2005-06-01T00:00:00.000Z,1,1185.0,4.77157,-75.84153,[0.21805225497886507,0.9758907293907051,0.00951306406525441]
2005-06-01T00:00:00.000Z,1,1530.0,5.27157,-75.84153,[0.23623611040505557,0.9715625949052988,0.016081800943067163]
2005-06-01T00:00:00.000Z,1,1704.0,5.77157,-75.84153,[0.22609906807890126,0.9737930159833866,0.024624650978890238]
2005-06-01T00:00:00.000Z,11,488.0,6.27157,-75.84153,[0.18651822453468211,0.982054519235094,0.02792620930878389]
2005-06-01T00:00:00.000Z,1,896.0,6.77157,-75.84153,[0.19110152055307303,0.9809878055057748,0.033810269020928305]
2005-06-01T00:00:00.000Z,1,2421.0,7.27157,-75.84153,[0.23721966233526345,0.970533556276223,0.04232549991873995]
2005-06-01T00:00:00.000Z,0,131.0,7.77157,-75.84153,[0.28730355228112564,0.9562804367897322,0.05462961705783448]
2005-06-01T00:00:00.000Z,0,43.0,8.27157,-75.84153,[0.2905247883252114,0.9547318225035026,0.06389440091065338]
2005-06-01T00:00:00.000Z,9,10.0,8.77157,-75.84153,[0.303057244676832,0.9501545642714909,0.07322984666746224]
2005-06-01T00:00:00.000Z,5,155.0,9.27157,-75.84153,[0.31851412636093146,0.9443270929433251,0.08243235312510022]
2005-06-01T00:00:00.000Z,8,228.0,0.27157,-75.34153,[0.27420339895701,0.9613637240540954,0.024336928180521775]
2005-06-01T00:00:00.000Z,8,189.0,0.77157,-75.34153,[0.27015233265469035,0.9624860434661032,0.02526525864098521]
2005-06-01T00:00:00.000Z,8,244.0,1.27157,-75.34153,[0.26630926143686834,0.9635754189748928,0.024531392547296586]
2005-06-01T00:00:00.000Z,1,1357.0,1.77157,-75.34153,[0.21248156130462134,0.97697707568929,0.01916715114861275]
2005-06-01T00:00:00.000Z,8,2437.0,2.27157,-75.34153,[0.25719219970547796,0.9662404199944333,0.01521917145046177]
2005-06-01T00:00:00.000Z,2,485.0,2.77157,-75.34153,[0.30613964312518194,0.9518835867212134,0.014005578815038687]
2005-06-01T00:00:00.000Z,2,694.0,3.27157,-75.34153,[0.31031010494946426,0.9505546693116,0.012387873754899562]
2005-06-01T00:00:00.000Z,1,442.0,3.77157,-75.34153,[0.23659111861095805,0.9715570472588879,0.010077029126022288]
2005-06-01T00:00:00.000Z,11,2270.0,4.27157,-75.34153,[0.11918178422466726,0.9928360807585325,0.008498179396889316]
2005-06-01T00:00:00.000Z,11,4229.0,4.77157,-75.34153,[0.15762720051423518,0.987458139995628,0.00894915719048561]
2005-06-01T00:00:00.000Z,11,3209.0,5.27157,-75.34153,[0.18154940717520535,0.9833051706541468,0.012278196901444521]
2005-06-01T00:00:00.000Z,1,1992.0,5.77157,-75.34153,[0.1979036958875463,0.9800443663367319,0.018632422431965796]
2005-06-01T00:00:00.000Z,1,2185.0,6.27157,-75.34153,[0.2003546694613432,0.979398714168901,0.02522231371899143]
2005-06-01T00:00:00.000Z,1,2092.0,6.77157,-75.34153,[0.2269601079061006,0.9733849455455609,0.031793980633397716]
2005-06-01T00:00:00.000Z,0,869.0,7.27157,-75.34153,[0.28197158929430965,0.9584968310077632,0.04214080894947925]
2005-06-01T00:00:00.000Z,0,83.0,7.77157,-75.34153,[0.2949422616928182,0.9541014799956289,0.05195602118788078]
2005-06-01T00:00:00.000Z,0,30.0,8.27157,-75.34153,[0.3001908490005112,0.9518506991439696,0.06217475947270375]
2005-06-01T00:00:00.000Z,9,74.0,8.77157,-75.34153,[0.30716333391243805,0.9489152994080675,0.07218338346942293]
2005-06-01T00:00:00.000Z,9,180.0,9.27157,-75.34153,[0.3043019445754015,0.9492897618819588,0.07905235299295756]
2005-06-01T00:00:00.000Z,5,136.0,9.77157,-75.34153,[0.3201176796419962,0.9434454150012355,0.08622888201624196]
2005-06-01T00:00:00.000Z,7,79.0,10.27157,-75.34153,[0.31996181897803183,0.9430453611984096,0.09104878427760835]
2005-06-01T00:00:00.000Z,8,205.0,0.27157,-74.84153,[0.2715979492046741,0.9620457477852312,0.026505342030817596]
2005-06-01T00:00:00.000Z,8,239.0,0.77157,-74.84153,[0.26887513294487075,0.9627464437703437,0.028730608963867237]
2005-06-01T00:00:00.000Z,8,226.0,1.27157,-74.84153,[0.2697279110497577,0.9625371019315949,0.027734119886164598]
2005-06-01T00:00:00.000Z,8,258.0,1.77157,-74.84153,[0.2703857986529908,0.9624844273038562,0.02269905470173256]
2005-06-01T00:00:00.000Z,1,576.0,2.27157,-74.84153,[0.2014694434383326,0.9793354229168146,0.017668977927212056]
2005-06-01T00:00:00.000Z,1,1998.0,2.77157,-74.84153,[0.22101897904268752,0.9751490633139681,0.015326944275322048]
2005-06-01T00:00:00.000Z,1,2106.0,3.27157,-74.84153,[0.22547549534607994,0.9741417031942289,0.014447944361981822]
2005-06-01T00:00:00.000Z,2,361.0,3.77157,-74.84153,[0.2958507030195351,0.9551085688032235,0.015491395079369358]
2005-06-01T00:00:00.000Z,8,289.0,4.27157,-74.84153,[0.27679039954159973,0.9608256902120286,0.01417983604209015]
2005-06-01T00:00:00.000Z,2,277.0,4.77157,-74.84153,[0.29172500223366993,0.9564003994797964,0.013957039322552052]
2005-06-01T00:00:00.000Z,2,325.0,5.27157,-74.84153,[0.302237219568376,0.9531226175152533,0.014489274945600051]
2005-06-01T00:00:00.000Z,8,379.0,5.77157,-74.84153,[0.2699042812264757,0.9627294440597911,0.017426890598874808]
2005-06-01T00:00:00.000Z,1,978.0,6.27157,-74.84153,[0.24294814538207418,0.9697764143467027,0.022581072433852538]
2005-06-01T00:00:00.000Z,8,1143.0,6.77157,-74.84153,[0.25393512659216155,0.9667530213174025,0.030092312245764027]
2005-06-01T00:00:00.000Z,0,322.0,7.27157,-74.84153,[0.2780119270260563,0.9597544098436283,0.03975979397541761]
2005-06-01T00:00:00.000Z,0,55.0,7.77157,-74.84153,[0.3039157505081851,0.9513419091611851,0.05083097939837603]
2005-06-01T00:00:00.000Z,5,27.0,8.27157,-74.84153,[0.3166207366051951,0.9465525853911406,0.06155901429466859]
2005-06-01T00:00:00.000Z,5,14.0,8.77157,-74.84153,[0.3314695105765782,0.9406876110500821,0.07235179317068069]
2005-06-01T00:00:00.000Z,5,48.0,9.27157,-74.84153,[0.33278250304013113,0.9396211850544878,0.07979871093661275]
2005-06-01T00:00:00.000Z,5,15.0,9.77157,-74.84153,[0.325684263528639,0.9416274847284158,0.08524928441837357]
2005-06-01T00:00:00.000Z,5,5.0,10.27157,-74.84153,[0.3289315152481137,0.9399674897541582,0.09091301601996477]
2005-06-01T00:00:00.000Z,8,171.0,-0.72843,-74.34153,[0.2846539688925178,0.9584832858802749,0.016790136446394606]
2005-06-01T00:00:00.000Z,8,219.0,-0.22843,-74.34153,[0.2739361789111061,0.9615050741859938,0.021609308137210757]
2005-06-01T00:00:00.000Z,8,201.0,0.27157,-74.34153,[0.2696161296571789,0.9626053785752291,0.026420215115000662]
2005-06-01T00:00:00.000Z,8,242.0,0.77157,-74.34153,[0.26635761367341754,0.9633983042945787,0.030287438328993443]
2005-06-01T00:00:00.000Z,8,251.0,1.27157,-74.34153,[0.2679210058373661,0.9630092378491673,0.028836477736712496]
2005-06-01T00:00:00.000Z,8,298.0,1.77157,-74.34153,[0.2748043887056462,0.9612679413687545,0.021130377298880367]
2005-06-01T00:00:00.000Z,8,313.0,2.27157,-74.34153,[0.2773131192293992,0.9605321347502176,0.02180486219747292]
2005-06-01T00:00:00.000Z,8,364.0,2.77157,-74.34153,[0.24771526967002686,0.9686444625662036,0.019106289857957228]
2005-06-01T00:00:00.000Z,11,899.0,3.27157,-74.34153,[0.13678388179823822,0.9903577178260039,0.021949041497856828]
2005-06-01T00:00:00.000Z,11,3444.0,3.77157,-74.34153,[0.1311685750919391,0.9911689908157012,0.019463724045900643]
2005-06-01T00:00:00.000Z,11,2263.0,4.27157,-74.34153,[0.1542561159139458,0.9878520800581828,0.018796771740507305]
2005-06-01T00:00:00.000Z,1,2655.0,4.77157,-74.34153,[0.18999223464896522,0.9816265456863201,0.017671320749608053]
2005-06-01T00:00:00.000Z,8,1104.0,5.27157,-74.34153,[0.26116868808832655,0.9651419008366964,0.017088815393433713]
2005-06-01T00:00:00.000Z,2,744.0,5.77157,-74.34153,[0.29235802720432197,0.9561190297089492,0.019057412143689136]
2005-06-01T00:00:00.000Z,2,119.0,6.27157,-74.34153,[0.3021973585469104,0.9530009557032924,0.0215855256104936]
2005-06-01T00:00:00.000Z,8,97.0,6.77157,-74.34153,[0.26017539321534905,0.9651996940459614,0.026425657585402117]
2005-06-01T00:00:00.000Z,8,575.0,7.27157,-74.34153,[0.2513447935129057,0.967174765437661,0.03740010527472036]
2005-06-01T00:00:00.000Z,0,1234.0,7.77157,-74.34153,[0.2902430658095582,0.9556521685359157,0.04987880834653148]
2005-06-01T00:00:00.000Z,5,715.0,8.27157,-74.34153,[0.32891239893781515,0.9423510945346399,0.06157149059700969]
2005-06-01T00:00:00.000Z,5,14.0,8.77157,-74.34153,[0.3489148657534285,0.9343821828651137,0.07203022143858914]
2005-06-01T00:00:00.000Z,5,37.0,9.27157,-74.34153,[0.3395422374302635,0.9372780512397899,0.07887283223640497]
2005-06-01T00:00:00.000Z,5,95.0,9.77157,-74.34153,[0.3300126120980552,0.940246459732003,0.08383478286280421]
2005-06-01T00:00:00.000Z,7,119.0,10.27157,-74.34153,[0.3166908205365272,0.944417268385715,0.0882210142923183]
2005-06-01T00:00:00.000Z,9,5.0,10.77157,-74.34153,[0.2959187656262995,0.9505961891933636,0.09380282107304706]
2005-06-01T00:00:00.000Z,2,156.0,-1.22843,-73.84153,[0.2899047773230196,0.9570215622053351,0.008059128944887032]
2005-06-01T00:00:00.000Z,8,195.0,-0.72843,-73.84153,[0.278750035819545,0.9602609501657555,0.014047245899567623]
2005-06-01T00:00:00.000Z,8,174.0,-0.22843,-73.84153,[0.2664289243159176,0.9636562302878148,0.019552445252216534]
2005-06-01T00:00:00.000Z,8,241.0,0.27157,-73.84153,[0.26557238873034283,0.9637707655536635,0.0248438686231611]
2005-06-01T00:00:00.000Z,8,232.0,0.77157,-73.84153,[0.262818861617588,0.9643756615806657,0.030096998669110885]
2005-06-01T00:00:00.000Z,8,267.0,1.27157,-73.84153,[0.26433461208781855,0.9639189870511615,0.03142290971003787]
2005-06-01T00:00:00.000Z,8,265.0,1.77157,-73.84153,[0.2498418685568708,0.9678748017203146,0.028238429681427833]
2005-06-01T00:00:00.000Z,1,554.0,2.27157,-73.84153,[0.23555436446656716,0.9715308898887747,0.025335180533737445]
2005-06-01T00:00:00.000Z,8,995.0,2.77157,-73.84153,[0.2611481689274974,0.9647374505007551,0.032913302282184594]
2005-06-01T00:00:00.000Z,8,363.0,3.27157,-73.84153,[0.24740420486273382,0.9681034103324366,0.039584672778037414]
2005-06-01T00:00:00.000Z,11,545.0,3.77157,-73.84153,[0.1874307342177115,0.9813789005107141,0.042013967951048815]
2005-06-01T00:00:00.000Z,11,1499.0,4.27157,-73.84153,[0.13191747661138706,0.9904116798714292,0.04101809038385316]
2005-06-01T00:00:00.000Z,11,3610.0,4.77157,-73.84153,[0.12457596200526604,0.9915021238287977,0.03747490004584642]
2005-06-01T00:00:00.000Z,11,2585.0,5.27157,-73.84153,[0.15235404135825334,0.987843945580933,0.030863979991284873]
2005-06-01T00:00:00.000Z,1,2622.0,5.77157,-73.84153,[0.23659477991145214,0.9712838333206981,0.025112252955513777]
2005-06-01T00:00:00.000Z,2,616.0,6.27157,-73.84153,[0.2974803737636768,0.954552408120809,0.018306484539303187]
2005-06-01T00:00:00.000Z,4,101.0,6.77157,-73.84153,[0.32866880971115275,0.9440728223772077,0.0265201729215206]
2005-06-01T00:00:00.000Z,4,89.0,7.27157,-73.84153,[0.3347672918961833,0.9414615990527476,0.03976075685319856]
2005-06-01T00:00:00.000Z,5,59.0,7.77157,-73.84153,[0.32286640660981286,0.9450568776808063,0.051232620771071]
2005-06-01T00:00:00.000Z,5,38.0,8.27157,-73.84153,[0.3414566595526945,0.9378364416481542,0.06221059687740873]
2005-06-01T00:00:00.000Z,5,29.0,8.77157,-73.84153,[0.35643967388302655,0.9315762324197066,0.0715295887927972]
2005-06-01T00:00:00.000Z,5,52.0,9.27157,-73.84153,[0.3548384298303104,0.9316033003105056,0.07877169267023384]
2005-06-01T00:00:00.000Z,9,46.0,9.77157,-73.84153,[0.2949256486797171,0.9522211835279236,0.07933271324950529]
2005-06-01T00:00:00.000Z,11,931.0,10.27157,-73.84153,[0.15814181349000794,0.9839935061600493,0.08214588645175412]
2005-06-01T00:00:00.000Z,9,2665.0,10.77157,-73.84153,[0.2943968552917643,0.9513906095722268,0.0904787246379322]
2005-06-01T00:00:00.000Z,2,139.0,-1.72843,-73.34153,[0.29062774627774307,0.9568359646682617,6.706794144870994E-4]
2005-06-01T00:00:00.000Z,8,199.0,-1.22843,-73.34153,[0.28269782293831347,0.9591926132381686,0.005609956797608555]
2005-06-01T00:00:00.000Z,8,223.0,-0.72843,-73.34153,[0.277721843512794,0.9605908469736639,0.011653426374850572]
2005-06-01T00:00:00.000Z,8,171.0,-0.22843,-73.34153,[0.2694288773699292,0.9628593745052849,0.01760411788393163]
2005-06-01T00:00:00.000Z,8,209.0,0.27157,-73.34153,[0.26439434838938275,0.9641368206327692,0.023147778292725078]
2005-06-01T00:00:00.000Z,8,237.0,0.77157,-73.34153,[0.2546959317288079,0.9665919376265414,0.028809867687356955]
2005-06-01T00:00:00.000Z,8,249.0,1.27157,-73.34153,[0.25641767256910264,0.9660143338011499,0.03265400564961633]
2005-06-01T00:00:00.000Z,8,294.0,1.77157,-73.34153,[0.26188399718819527,0.9644482948657634,0.035443737772056956]
2005-06-01T00:00:00.000Z,8,229.0,2.27157,-73.34153,[0.2698908591842105,0.96221958491762,0.03594988914825255]
2005-06-01T00:00:00.000Z,0,267.0,2.77157,-73.34153,[0.26999004361197193,0.962107377633138,0.038141450605500796]
2005-06-01T00:00:00.000Z,0,234.0,3.27157,-73.34153,[0.2715601610166632,0.9612367604240618,0.04773855211523087]
2005-06-01T00:00:00.000Z,0,256.0,3.77157,-73.34153,[0.2716544781202745,0.9610724166167478,0.05043465609723024]
2005-06-01T00:00:00.000Z,1,300.0,4.27157,-73.34153,[0.21170769962306293,0.9761497874245659,0.04807746282080395]
2005-06-01T00:00:00.000Z,11,1229.0,4.77157,-73.34153,[0.1491854955372364,0.9878499028817004,0.04354603653519332]
2005-06-01T00:00:00.000Z,11,2684.0,5.27157,-73.34153,[0.13002954447020434,0.990701291201557,0.040040843852729595]
2005-06-01T00:00:00.000Z,1,3515.0,5.77157,-73.34153,[0.20322072768987834,0.9785859656451065,0.0327237479459599]
2005-06-01T00:00:00.000Z,1,1301.0,6.27157,-73.34153,[0.21688652514791748,0.9759893631656286,0.020124566996898113]
2005-06-01T00:00:00.000Z,2,1945.0,6.77157,-73.34153,[0.2890351429835325,0.9570774578948876,0.0214808219104493]
2005-06-01T00:00:00.000Z,1,351.0,7.27157,-73.34153,[0.24090114015678568,0.9700285910313236,0.031798950500695713]
2005-06-01T00:00:00.000Z,0,325.0,7.77157,-73.34153,[0.25574962601935153,0.9652850928960479,0.053073705576582246]
2005-06-01T00:00:00.000Z,0,1339.0,8.27157,-73.34153,[0.2812203406052584,0.9577627173892203,0.06004745797349985]
2005-06-01T00:00:00.000Z,9,1230.0,8.77157,-73.34153,[0.29505905126043197,0.9530875703412366,0.06755915578463065]
2005-06-01T00:00:00.000Z,9,809.0,9.27157,-73.34153,[0.3079325371480698,0.948573792594054,0.07338468892953999]
2005-06-01T00:00:00.000Z,9,74.0,9.77157,-73.34153,[0.29475339496083947,0.9524580292067911,0.0770982409564235]
2005-06-01T00:00:00.000Z,6,99.0,10.27157,-73.34153,[0.24722898484608652,0.9657382220550256,0.07891460900221066]
2005-06-01T00:00:00.000Z,7,1426.0,10.77157,-73.34153,[0.319894534369936,0.9430964791054408,0.09075526419532258]
2005-06-01T00:00:00.000Z,2,146.0,-2.22843,-72.84153,[0.28876852958044785,0.9573787403782541,0.00621962986788657]
2005-06-01T00:00:00.000Z,2,165.0,-1.72843,-72.84153,[0.28785525470175927,0.9576722896808529,0.0017714169520108263]
2005-06-01T00:00:00.000Z,2,168.0,-1.22843,-72.84153,[0.2844230682199679,0.9586924268572663,0.003514107406578754]
2005-06-01T00:00:00.000Z,8,178.0,-0.72843,-72.84153,[0.2759952507038926,0.9611128730394376,0.009416308553426922]
2005-06-01T00:00:00.000Z,8,191.0,-0.22843,-72.84153,[0.27003353164127486,0.9627282432428061,0.015369497453100229]
2005-06-01T00:00:00.000Z,8,247.0,0.27157,-72.84153,[0.2595004514898558,0.9655097770007186,0.021222304129939626]
2005-06-01T00:00:00.000Z,8,264.0,0.77157,-72.84153,[0.2539354237243398,0.9668279042619332,0.02757905216678281]
2005-06-01T00:00:00.000Z,8,246.0,1.27157,-72.84153,[0.25537591780395286,0.9662590849153644,0.033563692054233804]
2005-06-01T00:00:00.000Z,8,259.0,1.77157,-72.84153,[0.2577921155611527,0.9654158173848838,0.03892974052806072]
2005-06-01T00:00:00.000Z,0,271.0,2.27157,-72.84153,[0.2688666584293658,0.9622039075287148,0.043293883188035676]
2005-06-01T00:00:00.000Z,0,193.0,2.77157,-72.84153,[0.26891874334447824,0.9619425404219478,0.048469148998056155]
2005-06-01T00:00:00.000Z,0,182.0,3.27157,-72.84153,[0.2705193691120307,0.9612526198882041,0.053034627304176775]
2005-06-01T00:00:00.000Z,0,203.0,3.77157,-72.84153,[0.27301851003876965,0.9604208455909288,0.055251176735118604]
2005-06-01T00:00:00.000Z,0,165.0,4.27157,-72.84153,[0.2715894164255908,0.9608422381909347,0.05496710101362555]
2005-06-01T00:00:00.000Z,1,293.0,4.77157,-72.84153,[0.19786019829950033,0.9789418188116638,0.0502419875263129]
2005-06-01T00:00:00.000Z,11,1653.0,5.27157,-72.84153,[0.13764093273646566,0.9892942040433469,0.04849692239386407]
2005-06-01T00:00:00.000Z,11,2686.0,5.77157,-72.84153,[0.13781587596882,0.9896699124690067,0.03949998334854369]
2005-06-01T00:00:00.000Z,11,2685.0,6.27157,-72.84153,[0.16504884305347706,0.9860060753844083,0.02347123157708537]
2005-06-01T00:00:00.000Z,11,1547.0,6.77157,-72.84153,[0.14329052633455688,0.9893869675481309,0.02410919966898894]
2005-06-01T00:00:00.000Z,1,3795.0,7.27157,-72.84153,[0.22091231946570852,0.9746784748286035,0.03463549933331712]
2005-06-01T00:00:00.000Z,5,1328.0,7.77157,-72.84153,[0.31255526085029556,0.948201353141346,0.05677501929303121]
2005-06-01T00:00:00.000Z,5,973.0,8.27157,-72.84153,[0.353217873357425,0.9334176790785561,0.0629965897843655]
2005-06-01T00:00:00.000Z,5,83.0,8.77157,-72.84153,[0.3564674380859387,0.9317321312729019,0.06932677071740326]
2005-06-01T00:00:00.000Z,5,223.0,10.77157,-72.84153,[0.33896305578022584,0.9364159238820627,0.09071529262607483]
2005-06-01T00:00:00.000Z,10,51.0,11.27157,-72.84153,[0.35071212900332804,0.9315790926650901,0.09571518520715827]
2005-06-01T00:00:00.000Z,8,149.0,-2.22843,-72.34153,[0.28351885835283863,0.9589286483285199,0.008538405772788192]
2005-06-01T00:00:00.000Z,8,147.0,-1.72843,-72.34153,[0.2826359730966599,0.9592162947952281,0.004583286050216106]
2005-06-01T00:00:00.000Z,8,145.0,-1.22843,-72.34153,[0.28175391559857316,0.9594863071735196,8.702823647832377E-4]
2005-06-01T00:00:00.000Z,8,205.0,-0.72843,-72.34153,[0.27259619240438177,0.9621042084860532,0.006841629927011934]
2005-06-01T00:00:00.000Z,8,176.0,-0.22843,-72.34153,[0.26756630296868195,0.9634502055512618,0.013113921568425519]
2005-06-01T00:00:00.000Z,8,150.0,0.27157,-72.34153,[0.2634213800073326,0.9644790766005524,0.019730366311306185]
2005-06-01T00:00:00.000Z,8,218.0,0.77157,-72.34153,[0.2633798057263908,0.9643268584165464,0.026547844959672058]
2005-06-01T00:00:00.000Z,8,234.0,1.27157,-72.34153,[0.25777254265673755,0.9656076295488273,0.03398855703578757]
2005-06-01T00:00:00.000Z,8,237.0,1.77157,-72.34153,[0.2606853696333428,0.9645358676433684,0.04139683669777484]
2005-06-01T00:00:00.000Z,0,203.0,2.27157,-72.34153,[0.2671770856758642,0.9624686354071487,0.04765008653982933]
2005-06-01T00:00:00.000Z,0,188.0,2.77157,-72.34153,[0.2646286106251185,0.9629541108858479,0.05187560859079705]
2005-06-01T00:00:00.000Z,0,220.0,3.27157,-72.34153,[0.26799128991391985,0.9618027321811827,0.05582269161448054]
2005-06-01T00:00:00.000Z,0,180.0,3.77157,-72.34153,[0.27382304094515236,0.9599913670782989,0.05863034523766792]
2005-06-01T00:00:00.000Z,0,190.0,4.27157,-72.34153,[0.2778077915771149,0.9588152184003926,0.05912874007497348]
2005-06-01T00:00:00.000Z,0,177.0,4.77157,-72.34153,[0.27990510189189793,0.9582633488299094,0.05817635451086506]
2005-06-01T00:00:00.000Z,6,257.0,5.27157,-72.34153,[0.21932884546211467,0.9742033669797812,0.05312868635223069]
2005-06-01T00:00:00.000Z,11,1342.0,5.77157,-72.34153,[0.161561018647099,0.9857405394481783,0.04704918853844572]
2005-06-01T00:00:00.000Z,11,3317.0,6.27157,-72.34153,[0.16379905937891376,0.986137194219991,0.02651984770896699]
2005-06-01T00:00:00.000Z,1,3467.0,6.77157,-72.34153,[0.22381293813762096,0.9743100540816831,0.02505368710495757]
2005-06-01T00:00:00.000Z,8,2203.0,7.27157,-72.34153,[0.2477318123497704,0.9683033395954497,0.031899712823121124]
2005-06-01T00:00:00.000Z,3,97.0,11.27157,-72.34153,[0.3915544340199074,0.9145029734156226,0.10183043166625108]
2005-06-01T00:00:00.000Z,10,19.0,11.77157,-72.34153,[0.35263196415393633,0.9305565720728876,0.09856553164719402]
2005-06-01T00:00:00.000Z,8,109.0,-2.22843,-71.84153,[0.2817345783965311,0.95942045616116,0.011748005585646858]
2005-06-01T00:00:00.000Z,8,140.0,-1.72843,-71.84153,[0.2799912809332096,0.9599701060567186,0.007891646142132934]
2005-06-01T00:00:00.000Z,8,153.0,-1.22843,-71.84153,[0.27913061157566593,0.9602524127950515,0.0011854968059198166]
2005-06-01T00:00:00.000Z,8,136.0,-0.72843,-71.84153,[0.2774047603664261,0.9607415831995529,0.004712667743676737]
2005-06-01T00:00:00.000Z,8,192.0,-0.22843,-71.84153,[0.2642589377170486,0.9643871989992691,0.011159939202393289]
2005-06-01T00:00:00.000Z,8,216.0,0.27157,-71.84153,[0.2657505821649936,0.9638731432492228,0.01803307521833885]
2005-06-01T00:00:00.000Z,8,215.0,0.77157,-71.84153,[0.2618796911944948,0.9647647823605187,0.025454705984104892]
2005-06-01T00:00:00.000Z,8,232.0,1.27157,-71.84153,[0.2531220079614817,0.9668430795905778,0.033818760080099604]
2005-06-01T00:00:00.000Z,0,233.0,1.77157,-71.84153,[0.2647442455659898,0.9633748935873518,0.04265323956340947]
2005-06-01T00:00:00.000Z,0,159.0,2.27157,-71.84153,[0.26878875147422854,0.961925098779818,0.04952485657084211]
2005-06-01T00:00:00.000Z,0,186.0,2.77157,-71.84153,[0.26871769560804704,0.9616708082980897,0.054589894068406405]
2005-06-01T00:00:00.000Z,0,222.0,3.27157,-71.84153,[0.2703037518208868,0.9609617633632314,0.05906243396086305]
2005-06-01T00:00:00.000Z,0,206.0,3.77157,-71.84153,[0.27461507535673546,0.959537380952358,0.06224608374752671]
2005-06-01T00:00:00.000Z,0,189.0,4.27157,-71.84153,[0.2810773908142611,0.9576241338206802,0.06286110639528242]
2005-06-01T00:00:00.000Z,0,149.0,4.77157,-71.84153,[0.28821914654289954,0.9555573243076131,0.061967116506723395]
2005-06-01T00:00:00.000Z,0,172.0,5.27157,-71.84153,[0.29292767078373194,0.9542682198223883,0.059712179044376125]
2005-06-01T00:00:00.000Z,0,213.0,5.77157,-71.84153,[0.2877905106883946,0.9562802796102562,0.05200623795510753]
2005-06-01T00:00:00.000Z,0,412.0,6.27157,-71.84153,[0.2872516415036555,0.9571224694901802,0.037457614052076676]
2005-06-01T00:00:00.000Z,4,325.0,6.77157,-71.84153,[0.3325050961278005,0.9427067560546432,0.02728246942587081]
2005-06-01T00:00:00.000Z,3,174.0,11.77157,-71.84153,[0.3867936546038606,0.9161597143176767,0.10508114302548567]
2005-06-01T00:00:00.000Z,8,107.0,-2.22843,-71.34153,[0.2772472322551829,0.9606938978144709,0.01418474211538145]
2005-06-01T00:00:00.000Z,8,121.0,-1.72843,-71.34153,[0.2755520285327693,0.9612280065096603,0.010573508071606263]
2005-06-01T00:00:00.000Z,8,140.0,-1.22843,-71.34153,[0.2765518214476168,0.9609908853392091,0.003950740306394526]
2005-06-01T00:00:00.000Z,8,186.0,-0.72843,-71.34153,[0.27740748287093325,0.960751012105124,0.0016066070436540536]
2005-06-01T00:00:00.000Z,8,201.0,-0.22843,-71.34153,[0.26911094033377253,0.9630781289897609,0.007734290804868266]
2005-06-01T00:00:00.000Z,8,185.0,0.27157,-71.34153,[0.2690898090796075,0.9630025057219026,0.014725780890576946]
2005-06-01T00:00:00.000Z,8,228.0,0.77157,-71.34153,[0.26020646378050605,0.965282043056716,0.022872987541996098]
2005-06-01T00:00:00.000Z,8,342.0,1.27157,-71.34153,[0.2593457107162995,0.9652261733513889,0.03283651337295083]
2005-06-01T00:00:00.000Z,0,222.0,1.77157,-71.34153,[0.26473707529746054,0.9633488017768704,0.04328241072323562]
2005-06-01T00:00:00.000Z,0,164.0,2.27157,-71.34153,[0.2672350468101854,0.9622574215180983,0.0514401058484428]
2005-06-01T00:00:00.000Z,0,189.0,2.77157,-71.34153,[0.27285434257677776,0.9603193853971747,0.05776838034242716]
2005-06-01T00:00:00.000Z,0,209.0,3.27157,-71.34153,[0.27447080835610743,0.959575677651235,0.06229200767769469]
2005-06-01T00:00:00.000Z,9,171.0,3.77157,-71.34153,[0.2754253499298609,0.9591282774028096,0.06491397463052799]
2005-06-01T00:00:00.000Z,9,165.0,4.27157,-71.34153,[0.2803170592293359,0.9576590583788207,0.06566181698679385]
2005-06-01T00:00:00.000Z,9,131.0,4.77157,-71.34153,[0.2856340527830119,0.9561572346056808,0.06462608298488223]
2005-06-01T00:00:00.000Z,0,146.0,5.27157,-71.34153,[0.29077578362876044,0.954769527087539,0.06216585718959706]
2005-06-01T00:00:00.000Z,0,151.0,5.77157,-71.34153,[0.29703857414546314,0.953234055432589,0.055793557272950114]
2005-06-01T00:00:00.000Z,0,157.0,6.27157,-71.34153,[0.3093641778900554,0.9500250686698342,0.0417872508941045]
2005-06-01T00:00:00.000Z,4,154.0,6.77157,-71.34153,[0.32141093459630404,0.9465079360722042,0.028596119916288815]
2005-06-01T00:00:00.000Z,8,97.0,-2.22843,-70.84153,[0.27553484471766704,0.9611680629686059,0.015378689007497693]
2005-06-01T00:00:00.000Z,8,137.0,-1.72843,-70.84153,[0.27470329868941645,0.9614615454129575,0.011392733705336264]
2005-06-01T00:00:00.000Z,8,114.0,-1.22843,-70.84153,[0.26982191973882785,0.9628939096562092,0.005608063429865835]
2005-06-01T00:00:00.000Z,8,155.0,-0.72843,-70.84153,[0.2733104176290154,0.9619245557958706,0.001601428228295012]
2005-06-01T00:00:00.000Z,8,183.0,-0.22843,-70.84153,[0.2714837764250323,0.9624366034832518,0.003513319459618065]
2005-06-01T00:00:00.000Z,8,193.0,0.27157,-70.84153,[0.2714703732714882,0.9623890879899033,0.010539438021128365]
2005-06-01T00:00:00.000Z,8,250.0,0.77157,-70.84153,[0.26989423528324624,0.962693610892209,0.01944513584914727]
2005-06-01T00:00:00.000Z,8,316.0,1.27157,-70.84153,[0.2698162707147653,0.9624155168014858,0.03091202156614044]
2005-06-01T00:00:00.000Z,0,186.0,1.77157,-70.84153,[0.27122843671344327,0.9615313991723636,0.04350291396697972]
2005-06-01T00:00:00.000Z,0,191.0,2.27157,-70.84153,[0.2737662544582523,0.9603206894668381,0.0532560916875819]
2005-06-01T00:00:00.000Z,0,160.0,2.77157,-70.84153,[0.2752112877557608,0.9594914934986837,0.06028947665622309]
2005-06-01T00:00:00.000Z,9,240.0,3.27157,-70.84153,[0.2802737890421024,0.9576922907423189,0.06536114617043623]
2005-06-01T00:00:00.000Z,9,186.0,3.77157,-70.84153,[0.27940083937101445,0.9577904260150341,0.06762152610458015]
2005-06-01T00:00:00.000Z,9,176.0,4.27157,-70.84153,[0.2827430215494278,0.9567234798939941,0.06882271997404678]
2005-06-01T00:00:00.000Z,9,146.0,4.77157,-70.84153,[0.28467327223296895,0.9562384047980038,0.06759616309778993]
2005-06-01T00:00:00.000Z,9,123.0,5.27157,-70.84153,[0.28957000924220816,0.9549178930735415,0.06542955934022412]
2005-06-01T00:00:00.000Z,0,120.0,5.77157,-70.84153,[0.29131291806931814,0.9547974729116053,0.059148706558561165]
2005-06-01T00:00:00.000Z,0,126.0,6.27157,-70.84153,[0.29834414421289435,0.9533553480487225,0.045873216159050295]
2005-06-01T00:00:00.000Z,2,122.0,6.77157,-70.84153,[0.31363686156105897,0.9489821215615865,0.03263207052271312]
2005-06-01T00:00:00.000Z,8,97.0,-3.72843,-70.34153,[0.27146395938767803,0.9622710778294735,0.018484899958304924]
2005-06-01T00:00:00.000Z,8,132.0,-2.22843,-70.34153,[0.27232443968736636,0.962142378350695,0.011020132967893425]
2005-06-01T00:00:00.000Z,8,129.0,-1.72843,-70.34153,[0.2747151413564218,0.9615029947474761,0.00660168169151091]
2005-06-01T00:00:00.000Z,8,144.0,-1.22843,-70.34153,[0.27064999721090444,0.9626648920403541,0.004988450928985297]
2005-06-01T00:00:00.000Z,8,134.0,-0.72843,-70.34153,[0.2706526924821145,0.9626744787501093,0.002228904526323296]
2005-06-01T00:00:00.000Z,8,170.0,-0.22843,-70.34153,[0.27148505807480683,0.9624411470573544,0.0017034356585085917]
2005-06-01T00:00:00.000Z,8,177.0,0.27157,-70.34153,[0.27414983939805626,0.9616662335134941,0.006318297079877078]
2005-06-01T00:00:00.000Z,8,190.0,0.77157,-70.34153,[0.27413191557727523,0.9616033601109106,0.013064099101729522]
2005-06-01T00:00:00.000Z,8,195.0,1.27157,-70.34153,[0.27490575797209843,0.9610963022852659,0.026846265426962734]
2005-06-01T00:00:00.000Z,0,216.0,1.77157,-70.34153,[0.2747808211885531,0.960659511577168,0.040358433112068735]
2005-06-01T00:00:00.000Z,0,168.0,2.27157,-70.34153,[0.27705417009495154,0.9594482933249294,0.05196113229018158]
2005-06-01T00:00:00.000Z,0,193.0,2.77157,-70.34153,[0.2819147070345509,0.9574257165827248,0.06212966428107603]
2005-06-01T00:00:00.000Z,9,177.0,3.27157,-70.34153,[0.28587585725474324,0.9558292021189124,0.06830468955781269]
2005-06-01T00:00:00.000Z,9,174.0,3.77157,-70.34153,[0.2837029794337278,0.9562652550024879,0.07119958943317493]
2005-06-01T00:00:00.000Z,9,118.0,4.27157,-70.34153,[0.28367393228272075,0.9561673470378966,0.07261614559978528]
2005-06-01T00:00:00.000Z,9,116.0,4.77157,-70.34153,[0.28369854750293916,0.9562503164867409,0.0714175494100063]
2005-06-01T00:00:00.000Z,9,124.0,5.27157,-70.34153,[0.28927754163826996,0.9547258788669898,0.06940461170104499]
2005-06-01T00:00:00.000Z,0,105.0,5.77157,-70.34153,[0.28847202438089137,0.9553579210485033,0.06383677497706418]
2005-06-01T00:00:00.000Z,0,104.0,6.27157,-70.34153,[0.2924413036753923,0.9548651657885915,0.05206341391190696]
2005-06-01T00:00:00.000Z,0,109.0,6.77157,-70.34153,[0.3020505085055311,0.9525338133395401,0.03801085050856122]
2005-06-01T00:00:00.000Z,8,140.0,-3.72843,-69.84153,[0.2721660176307905,0.9620752251134921,0.01835538258440215]
2005-06-01T00:00:00.000Z,8,128.0,-3.22843,-69.84153,[0.2730116908582344,0.9618900270935469,0.015237861815343316]
2005-06-01T00:00:00.000Z,8,61.0,-2.72843,-69.84153,[0.2714899638390682,0.9623632570326502,0.012254021714136929]
2005-06-01T00:00:00.000Z,8,111.0,-2.22843,-69.84153,[0.27162654407620074,0.9623643573324769,0.00859443362116104]
2005-06-01T00:00:00.000Z,8,145.0,-1.72843,-69.84153,[0.26982362360131135,0.9628999901066404,0.004338340614766182]
2005-06-01T00:00:00.000Z,8,68.0,-1.22843,-69.84153,[0.2706514972840396,0.9626702275946036,0.0037148244725260333]
2005-06-01T00:00:00.000Z,8,122.0,-0.72843,-69.84153,[0.27065310714637075,0.9626759536539541,0.0013798001540795374]
2005-06-01T00:00:00.000Z,8,188.0,0.77157,-69.84153,[0.28084981073183835,0.9596605501840808,0.013229218883893543]
2005-06-01T00:00:00.000Z,8,195.0,1.77157,-69.84153,[0.277297744611263,0.960291800404763,0.030750917203972748]
2005-06-01T00:00:00.000Z,0,182.0,2.27157,-69.84153,[0.27975273184533106,0.9591522234697065,0.04201691609568872]
2005-06-01T00:00:00.000Z,0,180.0,2.77157,-69.84153,[0.2820003457046026,0.9577165586814003,0.0570508391694696]
2005-06-01T00:00:00.000Z,9,198.0,3.27157,-69.84153,[0.2826848812111043,0.9567795979452761,0.06827927130791289]
2005-06-01T00:00:00.000Z,9,149.0,3.77157,-69.84153,[0.28188200834833993,0.9566574723482271,0.07313695351740712]
2005-06-01T00:00:00.000Z,9,188.0,4.27157,-69.84153,[0.28085031811754496,0.9568505024237288,0.07456684802733267]
2005-06-01T00:00:00.000Z,9,143.0,4.77157,-69.84153,[0.27839156170328677,0.9575803134074145,0.0744182890623183]
2005-06-01T00:00:00.000Z,9,100.0,5.27157,-69.84153,[0.2799865806174401,0.9571634267619464,0.07379491272087568]
2005-06-01T00:00:00.000Z,9,112.0,5.77157,-69.84153,[0.2800925517367648,0.9575257001233587,0.06850325587050332]
2005-06-01T00:00:00.000Z,0,98.0,6.27157,-69.84153,[0.2870204479629009,0.9563696605786736,0.05455579507081094]
2005-06-01T00:00:00.000Z,8,169.0,0.77157,-69.34153,[0.2763988538034731,0.9609681079911451,0.011998709932553874]
2005-06-01T00:00:00.000Z,8,182.0,1.77157,-69.34153,[0.27904877873299927,0.9599708951780013,0.02424168927217175]
2005-06-01T00:00:00.000Z,0,167.0,2.27157,-69.34153,[0.28056341030221277,0.959311045225643,0.03172524716494252]
2005-06-01T00:00:00.000Z,0,128.0,2.77157,-69.34153,[0.2852915855312362,0.9571423804654833,0.049871582508895486]
2005-06-01T00:00:00.000Z,9,182.0,3.27157,-69.34153,[0.28341303467383705,0.9566547262362085,0.06699840704741665]
2005-06-01T00:00:00.000Z,9,123.0,3.77157,-69.34153,[0.28168150301675793,0.9566337198607586,0.07421224214095352]
2005-06-01T00:00:00.000Z,9,172.0,4.27157,-69.34153,[0.2816425327350117,0.9565013707885206,0.07604348383845316]
2005-06-01T00:00:00.000Z,9,142.0,4.77157,-69.34153,[0.28249462443113643,0.9561356519207695,0.0774687181613078]
2005-06-01T00:00:00.000Z,9,117.0,5.27157,-69.34153,[0.28337044730177496,0.9558303164756025,0.07803586164156572]
2005-06-01T00:00:00.000Z,9,83.0,5.77157,-69.34153,[0.28668195490292625,0.9552417810315063,0.07298353584742436]
2005-06-01T00:00:00.000Z,8,139.0,1.77157,-68.84153,[0.2790753441548297,0.9600622843318659,0.01993395315391641]
2005-06-01T00:00:00.000Z,8,178.0,2.27157,-68.84153,[0.27902710437804856,0.9598963320495801,0.027256315601407833]
2005-06-01T00:00:00.000Z,0,155.0,2.77157,-68.84153,[0.2820036024739129,0.9583800589822249,0.044515511195115744]
2005-06-01T00:00:00.000Z,0,154.0,3.27157,-68.84153,[0.2860630053596653,0.9560812992819232,0.06384752248902036]
2005-06-01T00:00:00.000Z,9,118.0,3.77157,-68.84153,[0.28584302026539055,0.9553460639288149,0.07488435017599014]
2005-06-01T00:00:00.000Z,9,168.0,4.27157,-68.84153,[0.28736759115252886,0.9546264296998781,0.07815527668466504]
2005-06-01T00:00:00.000Z,9,130.0,4.77157,-68.84153,[0.2891271020299592,0.9539004010155093,0.08049561363334092]
2005-06-01T00:00:00.000Z,9,118.0,5.27157,-68.84153,[0.28741347918896665,0.9543882705893167,0.08084875349704902]
2005-06-01T00:00:00.000Z,9,76.0,5.77157,-68.84153,[0.2987911286569951,0.9512077129529807,0.07699187135431185]
2005-06-01T00:00:00.000Z,8,140.0,1.77157,-68.34153,[0.2790893183436017,0.9601103576994174,0.01724103897103331]
2005-06-01T00:00:00.000Z,8,115.0,2.27157,-68.34153,[0.276491560343918,0.960727483996571,0.02356095397483192]
2005-06-01T00:00:00.000Z,0,126.0,2.77157,-68.34153,[0.2829711301944965,0.9584156287047314,0.036970557623112375]
2005-06-01T00:00:00.000Z,0,132.0,3.27157,-68.34153,[0.2843230228158862,0.9571484966550061,0.055019760522005454]
2005-06-01T00:00:00.000Z,9,110.0,3.77157,-68.34153,[0.2900022828008238,0.954271662650258,0.07255528811205517]
2005-06-01T00:00:00.000Z,9,121.0,4.27157,-68.34153,[0.29851105821911683,0.9510185014638779,0.08034275321585152]
2005-06-01T00:00:00.000Z,9,109.0,4.77157,-68.34153,[0.3000337647685545,0.9502928162929681,0.08320638978339838]
2005-06-01T00:00:00.000Z,9,89.0,5.27157,-68.34153,[0.30487383737687523,0.9486223118380841,0.08466199127157094]
2005-06-01T00:00:00.000Z,7,65.0,5.77157,-68.34153,[0.3109791316575349,0.9467076886253367,0.08388403883456014]
2005-06-01T00:00:00.000Z,8,136.0,2.27157,-67.84153,[0.28239960750119275,0.9590725131675123,0.020745509627972235]
2005-06-01T00:00:00.000Z,0,120.0,2.77157,-67.84153,[0.2839175931475827,0.9583578527318787,0.030676153742382497]
2005-06-01T00:00:00.000Z,0,103.0,3.27157,-67.84153,[0.2938308532129976,0.9543979593083833,0.052801183396922136]
2005-06-01T00:00:00.000Z,9,95.0,3.77157,-67.84153,[0.2960350225136185,0.9524123008958739,0.07262282387506372]
2005-06-01T00:00:00.000Z,9,110.0,4.27157,-67.84153,[0.2986797676240487,0.950853192810642,0.08166150950020806]
2005-06-01T00:00:00.000Z,9,101.0,4.77157,-67.84153,[0.303824772531296,0.9488855768981147,0.08547905913753626]
2005-06-01T00:00:00.000Z,7,80.0,5.77157,-67.84153,[0.32025239845013675,0.9431609097212819,0.08880258814166796]
2005-06-01T00:00:00.000Z,5,54.0,6.27157,-67.84153,[0.3184022957340916,0.94471010822203,0.07837594971916101]
2005-06-01T00:00:00.000Z,2,114.0,2.27157,-67.34153,[0.290938060525649,0.9565690777888762,0.018183628782853064]
