2009-02-01T00:00:00.000Z,0,10.0,1.77157,-78.84153,[0.2970033039810648,0.9545709303049007,0.024153186977448456]
2009-02-01T00:00:00.000Z,0,235.0,1.27157,-78.34153,[0.30689368329459643,0.9516083202933222,0.016058390404949812]
2009-02-01T00:00:00.000Z,0,57.0,1.77157,-78.34153,[0.301126792807398,0.9533744019384803,0.019997609406514464]
2009-02-01T00:00:00.000Z,0,1772.0,1.27157,-77.84153,[0.28103872710423716,0.9596151408388269,0.012490610093521651]
2009-02-01T00:00:00.000Z,0,528.0,1.77157,-77.84153,[0.31009638819228197,0.9505646976509567,0.016339694300901014]
2009-02-01T00:00:00.000Z,0,116.0,2.27157,-77.84153,[0.3032847742970572,0.9526846154445727,0.020257570802284353]
2009-02-01T00:00:00.000Z,0,167.0,7.27157,-77.84153,[0.2753573680492939,0.9551815754738991,0.10865761701862178]
2009-02-01T00:00:00.000Z,0,2201.0,0.77157,-77.34153,[0.19423356539517672,0.980940584983188,0.005375016904017469]
2009-02-01T00:00:00.000Z,0,2447.0,1.27157,-77.34153,[0.24252494572531522,0.9700997829012609,0.009384131065753405]
2009-02-01T00:00:00.000Z,0,1706.0,1.77157,-77.34153,[0.22457779214213308,0.9743586749023764,0.013783610523009226]
2009-02-01T00:00:00.000Z,0,2096.0,2.27157,-77.34153,[0.2939498101338388,0.9556393004351137,0.018628918008481963]
2009-02-01T00:00:00.000Z,0,57.0,2.77157,-77.34153,[0.3100495731385751,0.9504211915055554,0.02384996716450578]
2009-02-01T00:00:00.000Z,0,74.0,3.27157,-77.34153,[0.29477052144536514,0.955147891195059,0.028334530743585485]
2009-02-01T00:00:00.000Z,0,28.0,4.27157,-77.34153,[0.28183504277689286,0.956928284777357,0.06969409197351072]
2009-02-01T00:00:00.000Z,0,14.0,5.27157,-77.34153,[0.27273321107604137,0.957282705011922,0.09605424645068548]
2009-02-01T00:00:00.000Z,0,499.0,6.27157,-77.34153,[0.29266394698202913,0.950014609148696,0.10872008342965221]
2009-02-01T00:00:00.000Z,0,695.0,6.77157,-77.34153,[0.30576157245920216,0.9454007240405217,0.11281547673494702]
2009-02-01T00:00:00.000Z,0,345.0,7.27157,-77.34153,[0.3081033179391691,0.9444551707596839,0.11435373146588393]
2009-02-01T00:00:00.000Z,0,279.0,0.27157,-76.84153,[0.29169252394390477,0.956508401432721,0.0026738481361524603]
2009-02-01T00:00:00.000Z,0,485.0,0.77157,-76.84153,[0.2100215563790154,0.9776865555574856,0.0044659756241514775]
2009-02-01T00:00:00.000Z,0,3335.0,1.27157,-76.84153,[0.17315009010181165,0.9848678883805174,0.007368088940502624]
2009-02-01T00:00:00.000Z,0,2008.0,1.77157,-76.84153,[0.1769546182837874,0.9841585619618861,0.010908161401055388]
2009-02-01T00:00:00.000Z,0,1013.0,2.27157,-76.84153,[0.223326422239706,0.9746256361874126,0.015171631945632202]
2009-02-01T00:00:00.000Z,0,2856.0,2.77157,-76.84153,[0.2684129278671764,0.9630556439678783,0.02187068301139956]
2009-02-01T00:00:00.000Z,0,1911.0,3.27157,-76.84153,[0.27950967504433355,0.9597323355504549,0.028074644351798104]
2009-02-01T00:00:00.000Z,0,794.0,3.77157,-76.84153,[0.2944299341359887,0.9551019814655243,0.03303360236647678]
2009-02-01T00:00:00.000Z,0,70.0,4.27157,-76.84153,[0.30195464313105236,0.9524978511122387,0.039638833461219235]
2009-02-01T00:00:00.000Z,0,24.0,4.77157,-76.84153,[0.2946968807813359,0.9523601900153595,0.07850997982205474]
2009-02-01T00:00:00.000Z,0,133.0,5.27157,-76.84153,[0.2959752425251991,0.9507776130539215,0.09176375279835322]
2009-02-01T00:00:00.000Z,0,76.0,5.77157,-76.84153,[0.29321551208674257,0.9500644348322407,0.10678123963788853]
2009-02-01T00:00:00.000Z,0,38.0,6.27157,-76.84153,[0.2927119114589769,0.9495574407729209,0.1125184587648307]
2009-02-01T00:00:00.000Z,0,20.0,6.77157,-76.84153,[0.318033974118343,0.9408505067667647,0.1168533920056033]
2009-02-01T00:00:00.000Z,0,15.0,7.27157,-76.84153,[0.32020145450363174,0.9399853304557373,0.1178923537036099]
2009-02-01T00:00:00.000Z,0,8.0,7.77157,-76.84153,[0.3374582435380274,0.9339250282417731,0.11792360023266124]
2009-02-01T00:00:00.000Z,0,294.0,0.77157,-76.34153,[0.276642349767065,0.9609681623487519,0.003033359098323081]
2009-02-01T00:00:00.000Z,0,1412.0,1.27157,-76.34153,[0.20419095981472304,0.9789154838176428,0.0055251671479278]
2009-02-01T00:00:00.000Z,0,2388.0,1.77157,-76.34153,[0.15569384992630503,0.9877626216636074,0.00918848950384751]
2009-02-01T00:00:00.000Z,0,3852.0,2.27157,-76.34153,[0.16418080960442052,0.9863477869311725,0.012755585976958826]
2009-02-01T00:00:00.000Z,0,2450.0,2.77157,-76.34153,[0.22968506039809694,0.9730743419016148,0.019263908291453292]
2009-02-01T00:00:00.000Z,0,990.0,3.27157,-76.34153,[0.2463280144868469,0.968805541512702,0.027172265515559405]
2009-02-01T00:00:00.000Z,0,962.0,3.77157,-76.34153,[0.27439683257028585,0.9610330380161185,0.03349444904613818]
2009-02-01T00:00:00.000Z,0,1899.0,4.27157,-76.34153,[0.23070016078165648,0.9723226671687615,0.03696033989486224]
2009-02-01T00:00:00.000Z,0,1358.0,4.77157,-76.34153,[0.26636029967066055,0.9620593472122945,0.05911009389951646]
2009-02-01T00:00:00.000Z,0,407.0,5.27157,-76.34153,[0.24841656224918884,0.9645833343919723,0.08870288954458841]
2009-02-01T00:00:00.000Z,0,480.0,5.77157,-76.34153,[0.2433496756052445,0.9634660626003556,0.11186635597975779]
2009-02-01T00:00:00.000Z,0,1095.0,6.27157,-76.34153,[0.24199220178942296,0.9630552599132366,0.11817081122914967]
2009-02-01T00:00:00.000Z,0,1485.0,6.77157,-76.34153,[0.268497764489274,0.9559965246837827,0.11823533844325877]
2009-02-01T00:00:00.000Z,0,827.0,7.27157,-76.34153,[0.3059132655305098,0.944552911498586,0.11931836133640202]
2009-02-01T00:00:00.000Z,0,201.0,7.77157,-76.34153,[0.3315183769273347,0.9357575318552693,0.1202223246140259]
2009-02-01T00:00:00.000Z,0,165.0,8.27157,-76.34153,[0.33307720873576835,0.936083159123572,0.11317195865594509]
2009-02-01T00:00:00.000Z,0,99.0,8.77157,-76.34153,[0.3541401753392251,0.9288071997907881,0.10909592947263308]
2009-02-01T00:00:00.000Z,0,267.0,0.27157,-75.84153,[0.3199456300511525,0.9474358967406222,1.240099341283537E-4]
2009-02-01T00:00:00.000Z,0,241.0,0.77157,-75.84153,[0.31251912023616485,0.9499098951051809,0.00172935481553609]
2009-02-01T00:00:00.000Z,0,250.0,1.27157,-75.84153,[0.25321996596085505,0.9673986078213249,0.0044252032886363014]
2009-02-01T00:00:00.000Z,0,1712.0,1.77157,-75.84153,[0.26514690423983106,0.9641705608721131,0.008499924681372575]
2009-02-01T00:00:00.000Z,0,1262.0,2.27157,-75.84153,[0.2297945280343186,0.9731735476863219,0.011301370231195996]
2009-02-01T00:00:00.000Z,0,2705.0,2.77157,-75.84153,[0.19153808695904173,0.9813217572122332,0.017910054884481823]
2009-02-01T00:00:00.000Z,0,1867.0,3.27157,-75.84153,[0.16836118789179144,0.9854081291313675,0.025006588201574906]
2009-02-01T00:00:00.000Z,0,3782.0,3.77157,-75.84153,[0.19482912182585121,0.9803503582319902,0.030899650531615898]
2009-02-01T00:00:00.000Z,0,2035.0,4.27157,-75.84153,[0.25535321992197735,0.9662360532726078,0.03438927785883916]
2009-02-01T00:00:00.000Z,0,1185.0,4.77157,-75.84153,[0.2606292501674879,0.9645837444924185,0.04062750076140253]
2009-02-01T00:00:00.000Z,0,1530.0,5.27157,-75.84153,[0.28372800504662404,0.9560692492329369,0.07368860036281989]
2009-02-01T00:00:00.000Z,0,1704.0,5.77157,-75.84153,[0.2746634044850353,0.9543859711399206,0.11707874413402514]
2009-02-01T00:00:00.000Z,0,488.0,6.27157,-75.84153,[0.2207751904976286,0.9678168234605348,0.12078456642922589]
2009-02-01T00:00:00.000Z,0,896.0,6.77157,-75.84153,[0.23027778847104963,0.9654427067449355,0.12203491356941722]
2009-02-01T00:00:00.000Z,0,2421.0,7.27157,-75.84153,[0.28410781464807067,0.9514589367150282,0.1183581066129622]
2009-02-01T00:00:00.000Z,0,131.0,7.77157,-75.84153,[0.34883047439400244,0.928936831078534,0.1240712053613833]
2009-02-01T00:00:00.000Z,0,43.0,8.27157,-75.84153,[0.34504887859223454,0.9311245473775742,0.11810312719462147]
2009-02-01T00:00:00.000Z,0,10.0,8.77157,-75.84153,[0.3536245859693941,0.9289051624196041,0.10993112129048556]
2009-02-01T00:00:00.000Z,0,155.0,9.27157,-75.84153,[0.363799582042169,0.9260352997437029,0.10054097540074489]
2009-02-01T00:00:00.000Z,0,228.0,0.27157,-75.34153,[0.3237160090745785,0.9461506520056214,0.002624724397901988]
2009-02-01T00:00:00.000Z,0,189.0,0.77157,-75.34153,[0.321470332914899,0.9468989961734574,0.006254286632585584]
2009-02-01T00:00:00.000Z,0,244.0,1.27157,-75.34153,[0.318118622648993,0.9479934954939991,0.010434290822886971]
2009-02-01T00:00:00.000Z,0,1357.0,1.77157,-75.34153,[0.24635851737779832,0.9690939637667474,0.012820698353334402]
2009-02-01T00:00:00.000Z,0,2437.0,2.27157,-75.34153,[0.2827684070323446,0.9590670395198417,0.015246038535845309]
2009-02-01T00:00:00.000Z,0,485.0,2.77157,-75.34153,[0.3336032528367413,0.9424969948029885,0.02020605067994896]
2009-02-01T00:00:00.000Z,0,694.0,3.27157,-75.34153,[0.3394586470127818,0.9402465699004829,0.026537045024411912]
2009-02-01T00:00:00.000Z,0,442.0,3.77157,-75.34153,[0.27457448632990394,0.9610107021546636,0.03266927916054875]
2009-02-01T00:00:00.000Z,0,2270.0,4.27157,-75.34153,[0.1501071339341227,0.9879778633482258,0.036980939360133865]
2009-02-01T00:00:00.000Z,0,4229.0,4.77157,-75.34153,[0.1901299509099432,0.9810705466953069,0.03675845717592235]
2009-02-01T00:00:00.000Z,0,3209.0,5.27157,-75.34153,[0.21648058675629625,0.9748107858726635,0.0536664448605429]
2009-02-01T00:00:00.000Z,0,1992.0,5.77157,-75.34153,[0.2386621499353693,0.9664505741888307,0.09494032777648757]
2009-02-01T00:00:00.000Z,0,2185.0,6.27157,-75.34153,[0.24090153726892508,0.9636061490757003,0.11588631845463028]
2009-02-01T00:00:00.000Z,0,2092.0,6.77157,-75.34153,[0.2693828687837476,0.9559515963033874,0.11657364852677218]
2009-02-01T00:00:00.000Z,0,869.0,7.27157,-75.34153,[0.3426647561989765,0.9315404853705511,0.1217094448869698]
2009-02-01T00:00:00.000Z,0,83.0,7.77157,-75.34153,[0.36646229219948595,0.9220243437189913,0.12480584115121283]
2009-02-01T00:00:00.000Z,0,30.0,8.27157,-75.34153,[0.36660955020847225,0.9223948469658003,0.12159434191967834]
2009-02-01T00:00:00.000Z,0,74.0,8.77157,-75.34153,[0.3718535053537982,0.920970509675536,0.11635416135264008]
2009-02-01T00:00:00.000Z,0,180.0,9.27157,-75.34153,[0.3562909780545558,0.9287143508848532,0.10269563485101901]
2009-02-01T00:00:00.000Z,0,136.0,9.77157,-75.34153,[0.35642598260694436,0.9300896991385592,0.08884633070092811]
2009-02-01T00:00:00.000Z,0,79.0,10.27157,-75.34153,[0.3361707073583759,0.9390031412303507,0.07254210000891269]
2009-02-01T00:00:00.000Z,0,205.0,0.27157,-74.84153,[0.32836482086089225,0.944524291665501,0.00709977991050578]
2009-02-01T00:00:00.000Z,0,239.0,0.77157,-74.84153,[0.32682870785364887,0.9450163413132637,0.01127432364301347]
2009-02-01T00:00:00.000Z,0,226.0,1.27157,-74.84153,[0.32918498780184896,0.9441739960208071,0.013141881295965288]
2009-02-01T00:00:00.000Z,0,258.0,1.77157,-74.84153,[0.32316584895910755,0.9462296057522669,0.014607096372951659]
2009-02-01T00:00:00.000Z,0,576.0,2.27157,-74.84153,[0.24521134175770073,0.9692909059008589,0.018615520709354242]
2009-02-01T00:00:00.000Z,0,1998.0,2.77157,-74.84153,[0.26628142387995696,0.9636223804764779,0.022937112750055697]
2009-02-01T00:00:00.000Z,0,2106.0,3.27157,-74.84153,[0.2674799270458787,0.9631849296027074,0.02700518494213198]
2009-02-01T00:00:00.000Z,0,361.0,3.77157,-74.84153,[0.3471833784093979,0.9371238846909918,0.035532048884086814]
2009-02-01T00:00:00.000Z,0,289.0,4.27157,-74.84153,[0.3263779542257333,0.9444978348818159,0.037433553117318795]
2009-02-01T00:00:00.000Z,0,277.0,4.77157,-74.84153,[0.33449005755665445,0.9415763431220786,0.03937501071237783]
2009-02-01T00:00:00.000Z,0,325.0,5.27157,-74.84153,[0.34253001795732513,0.9380651628149471,0.05202823378821491]
2009-02-01T00:00:00.000Z,0,379.0,5.77157,-74.84153,[0.3117261488619721,0.9463558782184173,0.08507267409181309]
2009-02-01T00:00:00.000Z,0,978.0,6.27157,-74.84153,[0.283732932384657,0.9533907431399703,0.10267284926122756]
2009-02-01T00:00:00.000Z,0,1143.0,6.77157,-74.84153,[0.2980000355517591,0.9480726937513626,0.11114920680861982]
2009-02-01T00:00:00.000Z,0,322.0,7.27157,-74.84153,[0.33383695498660887,0.9352436042321477,0.11778067850089347]
2009-02-01T00:00:00.000Z,0,55.0,7.77157,-74.84153,[0.3700675872476644,0.9205595853598485,0.12498012110250303]
2009-02-01T00:00:00.000Z,0,27.0,8.27157,-74.84153,[0.37908000497840105,0.916999871197752,0.12413535374292713]
2009-02-01T00:00:00.000Z,0,14.0,8.77157,-74.84153,[0.3863667144358962,0.9145813485073487,0.11942243900745882]
2009-02-01T00:00:00.000Z,0,48.0,9.27157,-74.84153,[0.37311961661784676,0.9215125050988814,0.10768683597048886]
2009-02-01T00:00:00.000Z,0,15.0,9.77157,-74.84153,[0.3656544799265906,0.9259739347781287,0.0941757581393665]
2009-02-01T00:00:00.000Z,0,5.0,10.27157,-74.84153,[0.35455075429219035,0.9316662156583105,0.07932102641646449]
2009-02-01T00:00:00.000Z,0,171.0,-0.72843,-74.34153,[0.34153652873897317,0.9398674399884525,0.0014123691038077837]
2009-02-01T00:00:00.000Z,0,219.0,-0.22843,-74.34153,[0.33697845076665445,0.9414817784778284,0.007588446028714737]
2009-02-01T00:00:00.000Z,0,201.0,0.27157,-74.34153,[0.3314585155898961,0.9433819289866273,0.012875888490222887]
2009-02-01T00:00:00.000Z,0,242.0,0.77157,-74.34153,[0.3283168542476547,0.9443863182027133,0.018507436571489417]
2009-02-01T00:00:00.000Z,0,251.0,1.27157,-74.34153,[0.3341639283945509,0.9423166716413388,0.01933285562742421]
2009-02-01T00:00:00.000Z,0,298.0,1.77157,-74.34153,[0.3434703476516229,0.938993079701585,0.01789180137957123]
2009-02-01T00:00:00.000Z,0,313.0,2.27157,-74.34153,[0.3468976812099954,0.9375613005675552,0.025314155115323988]
2009-02-01T00:00:00.000Z,0,364.0,2.77157,-74.34153,[0.31045858823399386,0.950191436716163,0.02741712207780725]
2009-02-01T00:00:00.000Z,0,899.0,3.27157,-74.34153,[0.17730991924360265,0.9835159583043583,0.03546198384872053]
2009-02-01T00:00:00.000Z,0,3444.0,3.77157,-74.34153,[0.17228455188778422,0.9842814152933247,0.03883463259765628]
2009-02-01T00:00:00.000Z,0,2263.0,4.27157,-74.34153,[0.1920029759005449,0.9806326487269441,0.03865831729541173]
2009-02-01T00:00:00.000Z,0,2655.0,4.77157,-74.34153,[0.2230801362391755,0.9739946931972745,0.03961805698236723]
2009-02-01T00:00:00.000Z,0,1104.0,5.27157,-74.34153,[0.30129521302263507,0.9524414791831233,0.04556778841582002]
2009-02-01T00:00:00.000Z,0,744.0,5.77157,-74.34153,[0.32862590081247245,0.9415685922155109,0.07384851703651066]
2009-02-01T00:00:00.000Z,0,119.0,6.27157,-74.34153,[0.3350636804484493,0.9379337332261337,0.0895133628059361]
2009-02-01T00:00:00.000Z,0,97.0,6.77157,-74.34153,[0.28687638250047676,0.9535112549503552,0.0922942460093747]
2009-02-01T00:00:00.000Z,0,575.0,7.27157,-74.34153,[0.27814875651348364,0.9546631049827193,0.10607367833141326]
2009-02-01T00:00:00.000Z,0,1234.0,7.77157,-74.34153,[0.33270416093648825,0.9354105447868187,0.11964553479831404]
2009-02-01T00:00:00.000Z,0,715.0,8.27157,-74.34153,[0.3715206644827877,0.9201461618552197,0.12370705996577411]
2009-02-01T00:00:00.000Z,0,14.0,8.77157,-74.34153,[0.38543914864339585,0.9147393879776367,0.12119618300653257]
2009-02-01T00:00:00.000Z,0,37.0,9.27157,-74.34153,[0.38423517529507917,0.9161479268601531,0.1141766446161534]
2009-02-01T00:00:00.000Z,0,95.0,9.77157,-74.34153,[0.3711622310166802,0.9232494205217782,0.09924266105320555]
2009-02-01T00:00:00.000Z,0,119.0,10.27157,-74.34153,[0.3428226608985257,0.9357788928970869,0.08240440997153452]
2009-02-01T00:00:00.000Z,0,5.0,10.77157,-74.34153,[0.3273553402770103,0.9421446378704197,0.07212463188217055]
2009-02-01T00:00:00.000Z,0,156.0,-1.22843,-73.84153,[0.3373761003371611,0.9413677706036893,0.0020217294402226885]
2009-02-01T00:00:00.000Z,0,195.0,-0.72843,-73.84153,[0.3356067253829177,0.9419870587452348,0.005339197903819145]
2009-02-01T00:00:00.000Z,0,174.0,-0.22843,-73.84153,[0.325655533656229,0.9454108322035486,0.012117415205813171]
2009-02-01T00:00:00.000Z,0,241.0,0.27157,-73.84153,[0.3267980856950426,0.9449277981724874,0.017733229456320138]
2009-02-01T00:00:00.000Z,0,232.0,0.77157,-73.84153,[0.33019563293474097,0.9435975202712021,0.024383677509027025]
2009-02-01T00:00:00.000Z,0,267.0,1.27157,-73.84153,[0.3344242449462665,0.9420041708791781,0.028081425148159787]
2009-02-01T00:00:00.000Z,0,265.0,1.77157,-73.84153,[0.3222456636593709,0.9461954347289099,0.029528487108229206]
2009-02-01T00:00:00.000Z,0,554.0,2.27157,-73.84153,[0.31137086143946263,0.9498119554834027,0.030090461399611933]
2009-02-01T00:00:00.000Z,0,995.0,2.77157,-73.84153,[0.356100581907468,0.9335609850006595,0.04069720936085349]
2009-02-01T00:00:00.000Z,0,363.0,3.27157,-73.84153,[0.3416359995660441,0.9384531743181538,0.05089679177208412]
2009-02-01T00:00:00.000Z,0,545.0,3.77157,-73.84153,[0.2545316662598384,0.9652730949963271,0.058834368758421664]
2009-02-01T00:00:00.000Z,0,1499.0,4.27157,-73.84153,[0.18708401287938314,0.9800324059296917,0.06735024463657793]
2009-02-01T00:00:00.000Z,0,3610.0,4.77157,-73.84153,[0.16463112867193536,0.9836364074432439,0.07318476224155782]
2009-02-01T00:00:00.000Z,0,2585.0,5.27157,-73.84153,[0.18445440978595481,0.9800677639960399,0.07378176391438193]
2009-02-01T00:00:00.000Z,0,2622.0,5.77157,-73.84153,[0.26781258907136424,0.9602649590126393,0.07853423220065682]
2009-02-01T00:00:00.000Z,0,616.0,6.27157,-73.84153,[0.3258689026154908,0.9430448545387689,0.06690187318848334]
2009-02-01T00:00:00.000Z,0,101.0,6.77157,-73.84153,[0.34343656225224284,0.9357401986003138,0.08025963139590457]
2009-02-01T00:00:00.000Z,0,89.0,7.27157,-73.84153,[0.3473603157395939,0.9321887746029829,0.1018081507222228]
2009-02-01T00:00:00.000Z,0,59.0,7.77157,-73.84153,[0.3463841312449566,0.9309073527208208,0.11588586743857004]
2009-02-01T00:00:00.000Z,0,38.0,8.27157,-73.84153,[0.36196473720475525,0.9239972564281388,0.12333125773122022]
2009-02-01T00:00:00.000Z,0,29.0,8.77157,-73.84153,[0.38929182221871467,0.9124889875410298,0.12576058512101032]
2009-02-01T00:00:00.000Z,0,52.0,9.27157,-73.84153,[0.40971552607736395,0.9039527865553029,0.1224848862923588]
2009-02-01T00:00:00.000Z,0,46.0,9.77157,-73.84153,[0.34127403842460147,0.934084718715941,0.10496556082222801]
2009-02-01T00:00:00.000Z,0,931.0,10.27157,-73.84153,[0.16060668576142834,0.9826951450826378,0.0922807906324139]
2009-02-01T00:00:00.000Z,0,2665.0,10.77157,-73.84153,[0.3077063025704524,0.948654700455793,0.07328772517653098]
2009-02-01T00:00:00.000Z,0,139.0,-1.72843,-73.34153,[0.3280374303869804,0.9446491416407028,0.005426183059032758]
2009-02-01T00:00:00.000Z,0,199.0,-1.22843,-73.34153,[0.3277500649921349,0.944764391890207,3.7244325567288057E-4]
2009-02-01T00:00:00.000Z,0,223.0,-0.72843,-73.34153,[0.3324141040910565,0.943099105925005,0.008058523735540763]
2009-02-01T00:00:00.000Z,0,171.0,-0.22843,-73.34153,[0.32789342261332693,0.9445852828360842,0.01563799400155867]
2009-02-01T00:00:00.000Z,0,209.0,0.27157,-73.34153,[0.3259494924906471,0.9451276789979767,0.02214946358237602]
2009-02-01T00:00:00.000Z,0,237.0,0.77157,-73.34153,[0.3206182857121882,0.9467669378089322,0.02891851204462874]
2009-02-01T00:00:00.000Z,0,249.0,1.27157,-73.34153,[0.32591250781030084,0.9447658300337516,0.03462027806700861]
2009-02-01T00:00:00.000Z,0,294.0,1.77157,-73.34153,[0.34398270081373195,0.9381346385829054,0.03974042566219252]
2009-02-01T00:00:00.000Z,0,229.0,2.27157,-73.34153,[0.3640828832242093,0.9304340349063127,0.041667263302326174]
2009-02-01T00:00:00.000Z,0,267.0,2.77157,-73.34153,[0.3779600617964613,0.9246771991551802,0.0460246569715248]
2009-02-01T00:00:00.000Z,0,234.0,3.27157,-73.34153,[0.3981103540965417,0.9153632229227054,0.060152440363492064]
2009-02-01T00:00:00.000Z,0,256.0,3.77157,-73.34153,[0.40286262431573283,0.9126669634498238,0.06885288488305252]
2009-02-01T00:00:00.000Z,0,300.0,4.27157,-73.34153,[0.30240649786344004,0.950420421856526,0.07246607322073217]
2009-02-01T00:00:00.000Z,0,1229.0,4.77157,-73.34153,[0.20745686427952292,0.9749116693920065,0.08067766944203669]
2009-02-01T00:00:00.000Z,0,2684.0,5.27157,-73.34153,[0.17264704824436383,0.9802357201973386,0.0965967369102763]
2009-02-01T00:00:00.000Z,0,3515.0,5.77157,-73.34153,[0.2396949938141383,0.9665538669478225,0.09121366251089372]
2009-02-01T00:00:00.000Z,0,1301.0,6.27157,-73.34153,[0.24058774452038093,0.9685838212038134,0.06295171553512557]
2009-02-01T00:00:00.000Z,0,1945.0,6.77157,-73.34153,[0.2917695561241232,0.9544326157958606,0.0626810020995468]
2009-02-01T00:00:00.000Z,0,351.0,7.27157,-73.34153,[0.23417803489236658,0.9688076062806029,0.0810707714703523]
2009-02-01T00:00:00.000Z,0,325.0,7.77157,-73.34153,[0.23952975371076277,0.9642608033997373,0.11325458098529399]
2009-02-01T00:00:00.000Z,0,1339.0,8.27157,-73.34153,[0.27060364866572917,0.9552184095757996,0.11971405655258063]
2009-02-01T00:00:00.000Z,0,1230.0,8.77157,-73.34153,[0.3097539493915962,0.9424991964393867,0.12549006154839026]
2009-02-01T00:00:00.000Z,0,809.0,9.27157,-73.34153,[0.3504513505360473,0.9284866458425158,0.12286740576562616]
2009-02-01T00:00:00.000Z,0,74.0,9.77157,-73.34153,[0.3459933535932742,0.9315205673665075,0.11206262464559488]
2009-02-01T00:00:00.000Z,0,99.0,10.27157,-73.34153,[0.266389545385764,0.9595196246419265,0.09142592649890055]
2009-02-01T00:00:00.000Z,0,1426.0,10.77157,-73.34153,[0.32859470237161553,0.9410952275923068,0.07978279373582825]
2009-02-01T00:00:00.000Z,0,146.0,-2.22843,-72.84153,[0.31802289765160635,0.9480455320144479,0.008432425316519864]
2009-02-01T00:00:00.000Z,0,165.0,-1.72843,-72.84153,[0.3227969759805705,0.9464650956109558,0.002436203592306193]
2009-02-01T00:00:00.000Z,0,168.0,-1.22843,-72.84153,[0.3273204265084149,0.9449061369016506,0.0037055142623594137]
2009-02-01T00:00:00.000Z,0,178.0,-0.72843,-72.84153,[0.3243683789588488,0.9458680974219867,0.010894815781823929]
2009-02-01T00:00:00.000Z,0,191.0,-0.22843,-72.84153,[0.3277871315621489,0.9445774211046658,0.018140890868897554]
2009-02-01T00:00:00.000Z,0,247.0,0.27157,-72.84153,[0.3187412067769363,0.9475080404580019,0.02515067334724263]
2009-02-01T00:00:00.000Z,0,264.0,0.77157,-72.84153,[0.3175643902271163,0.9476921566620243,0.03213151507416098]
2009-02-01T00:00:00.000Z,0,246.0,1.27157,-72.84153,[0.32702912917789856,0.9441852678988355,0.039574342091177606]
2009-02-01T00:00:00.000Z,0,259.0,1.77157,-72.84153,[0.34001928608587717,0.9392869933636683,0.04611755834268219]
2009-02-01T00:00:00.000Z,0,271.0,2.27157,-72.84153,[0.3660136513630843,0.9292154691431808,0.05091776625973534]
2009-02-01T00:00:00.000Z,0,193.0,2.77157,-72.84153,[0.3818707312215825,0.9223862882815431,0.058122971590343804]
2009-02-01T00:00:00.000Z,0,182.0,3.27157,-72.84153,[0.39810954078966426,0.9149281082875194,0.06644810153543851]
2009-02-01T00:00:00.000Z,0,203.0,3.77157,-72.84153,[0.3994714004746892,0.9137000396311983,0.07466483630690554]
2009-02-01T00:00:00.000Z,0,165.0,4.27157,-72.84153,[0.3900094359546848,0.9171650471901378,0.08185912337070857]
2009-02-01T00:00:00.000Z,0,293.0,4.77157,-72.84153,[0.27578022566107313,0.9570392979624369,0.08956031090775443]
2009-02-01T00:00:00.000Z,0,1653.0,5.27157,-72.84153,[0.19329014978461828,0.974244706575697,0.11612996902382308]
2009-02-01T00:00:00.000Z,0,2686.0,5.77157,-72.84153,[0.1884601857338952,0.9747940641408372,0.11941227285725256]
2009-02-01T00:00:00.000Z,0,2685.0,6.27157,-72.84153,[0.19125841717595718,0.978959750137677,0.0711197966091337]
2009-02-01T00:00:00.000Z,0,1547.0,6.77157,-72.84153,[0.1518330943047799,0.985365795692245,0.07746586444121423]
2009-02-01T00:00:00.000Z,0,3795.0,7.27157,-72.84153,[0.20511346824182491,0.9752101424192156,0.08302796678531356]
2009-02-01T00:00:00.000Z,0,1328.0,7.77157,-72.84153,[0.2827543946952424,0.9521814658967992,0.11576013252907788]
2009-02-01T00:00:00.000Z,0,973.0,8.27157,-72.84153,[0.34346554205669144,0.9304327743774551,0.1277743079964632]
2009-02-01T00:00:00.000Z,0,83.0,8.77157,-72.84153,[0.3741066399377656,0.9176456349198091,0.1340548793110327]
2009-02-01T00:00:00.000Z,0,223.0,10.77157,-72.84153,[0.3311142151669843,0.9398950753362035,0.08343035342790157]
2009-02-01T00:00:00.000Z,0,51.0,11.27157,-72.84153,[0.35984404060579195,0.9302634827512696,0.07156898140937418]
2009-02-01T00:00:00.000Z,0,149.0,-2.22843,-72.34153,[0.3123008901862202,0.9499646849770956,0.005937279281106847]
2009-02-01T00:00:00.000Z,0,147.0,-1.72843,-72.34153,[0.31803416796681505,0.9480791295071342,4.818699514648713E-4]
2009-02-01T00:00:00.000Z,0,145.0,-1.22843,-72.34153,[0.3227912070968319,0.9464481808084468,0.006455824141936638]
2009-02-01T00:00:00.000Z,0,205.0,-0.72843,-72.34153,[0.31985887855077655,0.9473682815091703,0.013551273098906948]
2009-02-01T00:00:00.000Z,0,176.0,-0.22843,-72.34153,[0.321327003168073,0.9467450782998013,0.02056000365098398]
2009-02-01T00:00:00.000Z,0,150.0,0.27157,-72.34153,[0.32204415430624256,0.9463143611152667,0.027869205661117145]
2009-02-01T00:00:00.000Z,0,218.0,0.77157,-72.34153,[0.32997222286442596,0.9433175378834163,0.035642037813218536]
2009-02-01T00:00:00.000Z,0,234.0,1.27157,-72.34153,[0.33391376126067496,0.9416112194937039,0.04324247176479238]
2009-02-01T00:00:00.000Z,0,237.0,1.77157,-72.34153,[0.345081031027305,0.9372087092673397,0.05058574204832084]
2009-02-01T00:00:00.000Z,0,203.0,2.27157,-72.34153,[0.3667993353765244,0.9285031146431577,0.05779458162574757]
2009-02-01T00:00:00.000Z,0,188.0,2.77157,-72.34153,[0.3807339940616684,0.9224400812008805,0.06438883723101745]
2009-02-01T00:00:00.000Z,0,220.0,3.27157,-72.34153,[0.3953157091658783,0.9156949335951436,0.07230683698561338]
2009-02-01T00:00:00.000Z,0,180.0,3.77157,-72.34153,[0.40450821431450573,0.9108710149671964,0.0817746821743713]
2009-02-01T00:00:00.000Z,0,190.0,4.27157,-72.34153,[0.40671200962733073,0.9089506834375932,0.09161875519363002]
2009-02-01T00:00:00.000Z,0,177.0,4.77157,-72.34153,[0.39271054892946294,0.913944550235841,0.10239035039360907]
2009-02-01T00:00:00.000Z,0,257.0,5.27157,-72.34153,[0.3019838626616708,0.946684295041703,0.1122256308217093]
2009-02-01T00:00:00.000Z,0,1342.0,5.77157,-72.34153,[0.2173162451979409,0.9679049786121057,0.12622837221071886]
2009-02-01T00:00:00.000Z,0,3317.0,6.27157,-72.34153,[0.20167188989620494,0.9762752851793558,0.07883537514124375]
2009-02-01T00:00:00.000Z,0,3467.0,6.77157,-72.34153,[0.2299189360805459,0.9710542775245402,0.06473695183496936]
2009-02-01T00:00:00.000Z,0,2203.0,7.27157,-72.34153,[0.22521270339657737,0.9715292683756608,0.07355351057739282]
2009-02-01T00:00:00.000Z,0,97.0,11.27157,-72.34153,[0.33714248042373335,0.9386353148160759,0.07279212645512424]
2009-02-01T00:00:00.000Z,0,19.0,11.77157,-72.34153,[0.3521617590635938,0.9338221925731253,0.06291429178776564]
2009-02-01T00:00:00.000Z,0,109.0,-2.22843,-71.84153,[0.3063855511326051,0.9519001474119869,0.0037421136016196044]
2009-02-01T00:00:00.000Z,0,140.0,-1.72843,-71.84153,[0.3112528128012718,0.9503270291993203,4.7338830844299894E-4]
2009-02-01T00:00:00.000Z,0,153.0,-1.22843,-71.84153,[0.31586171160221327,0.9487815806839209,0.006700096912774222]
2009-02-01T00:00:00.000Z,0,136.0,-0.72843,-71.84153,[0.31981282229937213,0.9473700585094609,0.014482090066386661]
2009-02-01T00:00:00.000Z,0,192.0,-0.22843,-71.84153,[0.3092790584507692,0.9507021641093684,0.02262430466488117]
2009-02-01T00:00:00.000Z,0,216.0,0.27157,-71.84153,[0.3146214861617289,0.9487234775764876,0.030611820275195246]
2009-02-01T00:00:00.000Z,0,215.0,0.77157,-71.84153,[0.3219288010871708,0.9459754001176865,0.0386314561304605]
2009-02-01T00:00:00.000Z,0,232.0,1.27157,-71.84153,[0.3162727325326463,0.9475730293596214,0.04557315752242069]
2009-02-01T00:00:00.000Z,0,233.0,1.77157,-71.84153,[0.34155242070905717,0.9383024991554476,0.054132836489737365]
2009-02-01T00:00:00.000Z,0,159.0,2.27157,-71.84153,[0.35980730475372863,0.930951242039387,0.06219717349832112]
2009-02-01T00:00:00.000Z,0,186.0,2.77157,-71.84153,[0.37785374475458805,0.9231811272941767,0.07044965424178949]
2009-02-01T00:00:00.000Z,0,222.0,3.27157,-71.84153,[0.3909789073539447,0.9170232554301612,0.07876447806330376]
2009-02-01T00:00:00.000Z,0,206.0,3.77157,-71.84153,[0.40159211050500665,0.911527416290141,0.08855250494229103]
2009-02-01T00:00:00.000Z,0,189.0,4.27157,-71.84153,[0.40468531478177017,0.9090966535633337,0.09885884118240386]
2009-02-01T00:00:00.000Z,0,149.0,4.77157,-71.84153,[0.4069749626156151,0.9066417316632563,0.11123016771843144]
2009-02-01T00:00:00.000Z,0,172.0,5.27157,-71.84153,[0.39347997657362066,0.9114427093723505,0.1201902473897605]
2009-02-01T00:00:00.000Z,0,213.0,5.77157,-71.84153,[0.3654531836653762,0.9234720833390468,0.11680445985612602]
2009-02-01T00:00:00.000Z,0,412.0,6.27157,-71.84153,[0.33510519395506116,0.9382945430741712,0.08548601886608703]
2009-02-01T00:00:00.000Z,0,325.0,6.77157,-71.84153,[0.3470795978426542,0.9358994603305811,0.060232490520553995]
2009-02-01T00:00:00.000Z,0,174.0,11.77157,-71.84153,[0.31373888032432246,0.9473926031840761,0.06336537228597536]
2009-02-01T00:00:00.000Z,0,107.0,-2.22843,-71.34153,[0.3006349451009586,0.953738446527179,0.0012670438299274118]
2009-02-01T00:00:00.000Z,0,121.0,-1.72843,-71.34153,[0.30536706295715615,0.9522324062442619,0.0020979416539041265]
2009-02-01T00:00:00.000Z,0,140.0,-1.22843,-71.34153,[0.3091591148528296,0.9509875434066127,0.006582855677474699]
2009-02-01T00:00:00.000Z,0,186.0,-0.72843,-71.34153,[0.31299183243937645,0.9496456734240172,0.014464016499092397]
2009-02-01T00:00:00.000Z,0,201.0,-0.22843,-71.34153,[0.3061948849185455,0.9516868044765604,0.02317150480464669]
2009-02-01T00:00:00.000Z,0,185.0,0.27157,-71.34153,[0.31283138546520856,0.9492814455495984,0.03164271485165328]
2009-02-01T00:00:00.000Z,0,228.0,0.77157,-71.34153,[0.309457457648765,0.9501311004372236,0.03856130038670157]
2009-02-01T00:00:00.000Z,0,342.0,1.27157,-71.34153,[0.31994912445982837,0.946258800525979,0.04718940754581253]
2009-02-01T00:00:00.000Z,0,222.0,1.77157,-71.34153,[0.33698348652455967,0.9397388548741494,0.0577322652385472]
2009-02-01T00:00:00.000Z,0,164.0,2.27157,-71.34153,[0.35148975007914113,0.9338085897624944,0.06675682193667269]
2009-02-01T00:00:00.000Z,0,189.0,2.77157,-71.34153,[0.3745510130475652,0.9240747621173506,0.07614047965966929]
2009-02-01T00:00:00.000Z,0,209.0,3.27157,-71.34153,[0.3916552937101838,0.9162188820368199,0.08455229806450901]
2009-02-01T00:00:00.000Z,0,171.0,3.77157,-71.34153,[0.3996685264974411,0.9118790929472302,0.09349646396041222]
2009-02-01T00:00:00.000Z,0,165.0,4.27157,-71.34153,[0.40875912408759124,0.9065693430656935,0.10510948905109489]
2009-02-01T00:00:00.000Z,0,131.0,4.77157,-71.34153,[0.4126921011148261,0.9032229259274663,0.11778614416159805]
2009-02-01T00:00:00.000Z,0,146.0,5.27157,-71.34153,[0.4044049275751903,0.9059250169695124,0.12552497035129564]
2009-02-01T00:00:00.000Z,0,151.0,5.77157,-71.34153,[0.3908691604908966,0.9125018219460205,0.12067196991155317]
2009-02-01T00:00:00.000Z,0,157.0,6.27157,-71.34153,[0.3807081028214763,0.9201616507308744,0.09145423429401515]
2009-02-01T00:00:00.000Z,0,154.0,6.77157,-71.34153,[0.361961737941529,0.9301733718421934,0.061328611447451525]
2009-02-01T00:00:00.000Z,0,97.0,-2.22843,-70.84153,[0.29440407704481536,0.9556809270224006,4.529293492997159E-4]
2009-02-01T00:00:00.000Z,0,137.0,-1.72843,-70.84153,[0.29697223802865996,0.9548799653536912,0.003426602746484538]
2009-02-01T00:00:00.000Z,0,114.0,-1.22843,-70.84153,[0.29820207806190124,0.9544769216730353,0.0070232921860138905]
2009-02-01T00:00:00.000Z,0,155.0,-0.72843,-70.84153,[0.30088800775863267,0.9535835322812051,0.012035520310345306]
2009-02-01T00:00:00.000Z,0,183.0,-0.22843,-70.84153,[0.3011368372897124,0.9534062030021784,0.01825424071601732]
2009-02-01T00:00:00.000Z,0,193.0,0.27157,-70.84153,[0.3058571149496473,0.951686176901018,0.027291865641660834]
2009-02-01T00:00:00.000Z,0,250.0,0.77157,-70.84153,[0.31173367942642966,0.9495336212414236,0.034756513683176636]
2009-02-01T00:00:00.000Z,0,316.0,1.27157,-70.84153,[0.31844866462051363,0.9468378234327487,0.0457010297317989]
2009-02-01T00:00:00.000Z,0,186.0,1.77157,-70.84153,[0.33288113563644767,0.9410774962353707,0.059693346503227634]
2009-02-01T00:00:00.000Z,0,191.0,2.27157,-70.84153,[0.350254469191814,0.9340119178448374,0.07031034159331971]
2009-02-01T00:00:00.000Z,0,160.0,2.77157,-70.84153,[0.3678637803211854,0.9263722935095544,0.0806883693332235]
2009-02-01T00:00:00.000Z,0,240.0,3.27157,-70.84153,[0.39079636189886946,0.9160602891822963,0.09006525473153157]
2009-02-01T00:00:00.000Z,0,186.0,3.77157,-70.84153,[0.4012068017507498,0.9106528485781408,0.0987141915098967]
2009-02-01T00:00:00.000Z,0,176.0,4.27157,-70.84153,[0.41291645954865863,0.9039921060833134,0.11089756342163974]
2009-02-01T00:00:00.000Z,0,146.0,4.77157,-70.84153,[0.41705994940850943,0.9006720184034832,0.12186432564277014]
2009-02-01T00:00:00.000Z,0,123.0,5.27157,-70.84153,[0.4077889145355883,0.9041014012657348,0.127706136936412]
2009-02-01T00:00:00.000Z,0,120.0,5.77157,-70.84153,[0.3985954914500771,0.9086262815851222,0.12457894929909222]
2009-02-01T00:00:00.000Z,0,126.0,6.27157,-70.84153,[0.3847681669135123,0.917846972710051,0.09752124085044293]
2009-02-01T00:00:00.000Z,0,122.0,6.77157,-70.84153,[0.37528327840723585,0.9244110166648825,0.0680200942113115]
2009-02-01T00:00:00.000Z,0,97.0,-3.72843,-70.34153,[0.2809078443512043,0.959677382647305,0.010493055664480782]
2009-02-01T00:00:00.000Z,0,132.0,-2.22843,-70.34153,[0.28991296458895394,0.957048589666238,0.00291032319664587]
2009-02-01T00:00:00.000Z,0,129.0,-1.72843,-70.34153,[0.2944001136686514,0.9556680612936223,0.00520861739567614]
2009-02-01T00:00:00.000Z,0,144.0,-1.22843,-70.34153,[0.29391665357237423,0.9557987300279922,0.007860561665307682]
2009-02-01T00:00:00.000Z,0,134.0,-0.72843,-70.34153,[0.29391259507000866,0.9557855320299894,0.009455327670856866]
2009-02-01T00:00:00.000Z,0,170.0,-0.22843,-70.34153,[0.29486888200154326,0.9554666098964734,0.01165760696285171]
2009-02-01T00:00:00.000Z,0,177.0,0.27157,-70.34153,[0.3025938511852384,0.9529967267213255,0.015303597071437344]
2009-02-01T00:00:00.000Z,0,190.0,0.77157,-70.34153,[0.30734251970374443,0.9513541354188425,0.021584360162400375]
2009-02-01T00:00:00.000Z,0,195.0,1.27157,-70.34153,[0.31385256272497636,0.9487178226857651,0.03782937733225]
2009-02-01T00:00:00.000Z,0,216.0,1.77157,-70.34153,[0.3234291357154709,0.9446571737500925,0.05492192870640072]
2009-02-01T00:00:00.000Z,0,168.0,2.27157,-70.34153,[0.3412249402993717,0.93741721517188,0.0693866328415451]
2009-02-01T00:00:00.000Z,0,193.0,2.77157,-70.34153,[0.36503561728130607,0.9271375641818679,0.08464594023914344]
2009-02-01T00:00:00.000Z,0,177.0,3.27157,-70.34153,[0.3828546334302413,0.9188511202325791,0.09557692455990666]
2009-02-01T00:00:00.000Z,0,174.0,3.77157,-70.34153,[0.39433931382589216,0.9130580528011696,0.10402642830675865]
2009-02-01T00:00:00.000Z,0,118.0,4.27157,-70.34153,[0.40679495330501575,0.9062407144802129,0.1150896754012411]
2009-02-01T00:00:00.000Z,0,116.0,4.77157,-70.34153,[0.4159226723854779,0.9009208415982259,0.12389498686252928]
2009-02-01T00:00:00.000Z,0,124.0,5.27157,-70.34153,[0.40860668233563324,0.9038437566858883,0.12691352430142105]
2009-02-01T00:00:00.000Z,0,105.0,5.77157,-70.34153,[0.39934992470364716,0.9081302558207492,0.12577390867000987]
2009-02-01T00:00:00.000Z,0,104.0,6.27157,-70.34153,[0.384644991369619,0.9170159576855409,0.10549864437202956]
2009-02-01T00:00:00.000Z,0,109.0,6.77157,-70.34153,[0.3800411748637107,0.9217725950330729,0.07683741571789932]
2009-02-01T00:00:00.000Z,0,140.0,-3.72843,-69.84153,[0.2851224111238796,0.9584499512395029,0.008882659731167019]
2009-02-01T00:00:00.000Z,0,128.0,-3.22843,-69.84153,[0.28442284183981953,0.9586916638075771,0.0037337361477041953]
2009-02-01T00:00:00.000Z,0,61.0,-2.72843,-69.84153,[0.2825215308314331,0.9592591511950983,0.0018615759783466523]
2009-02-01T00:00:00.000Z,0,111.0,-2.22843,-69.84153,[0.2835957120240969,0.9589286916301176,0.005407077777891341]
2009-02-01T00:00:00.000Z,0,145.0,-1.72843,-69.84153,[0.28795486487269084,0.9576173413208091,0.007143066415446595]
2009-02-01T00:00:00.000Z,0,68.0,-1.22843,-69.84153,[0.2888784997273633,0.9573299118871923,0.008285662395280962]
2009-02-01T00:00:00.000Z,0,122.0,-0.72843,-69.84153,[0.2898068014438494,0.9570364140703863,0.00966022671479498]
2009-02-01T00:00:00.000Z,0,188.0,0.77157,-69.84153,[0.3067505617069177,0.9516239016589608,0.017777589371650915]
2009-02-01T00:00:00.000Z,0,195.0,1.77157,-69.84153,[0.3203292415891543,0.9465367815378769,0.03817457503148944]
2009-02-01T00:00:00.000Z,0,182.0,2.27157,-69.84153,[0.3361425369910033,0.9402068008825849,0.05494876158192416]
2009-02-01T00:00:00.000Z,0,180.0,2.77157,-69.84153,[0.35273043063913606,0.9324909929987343,0.07772896035175143]
2009-02-01T00:00:00.000Z,0,198.0,3.27157,-69.84153,[0.3662114629307368,0.9254441301498765,0.09717163366573703]
2009-02-01T00:00:00.000Z,0,149.0,3.77157,-69.84153,[0.3838016795715167,0.9170118701190881,0.10856104650737186]
2009-02-01T00:00:00.000Z,0,188.0,4.27157,-69.84153,[0.3946277333366527,0.9114355834003117,0.11642220318010144]
2009-02-01T00:00:00.000Z,0,143.0,4.77157,-69.84153,[0.4043182620559848,0.9061317078701504,0.12430635929168043]
2009-02-01T00:00:00.000Z,0,100.0,5.27157,-69.84153,[0.4007923074652151,0.9071313435867501,0.12836764296038916]
2009-02-01T00:00:00.000Z,0,112.0,5.77157,-69.84153,[0.38844753786069003,0.912921830856712,0.1252287549854138]
2009-02-01T00:00:00.000Z,0,98.0,6.27157,-69.84153,[0.3824387447309365,0.918129116411815,0.10382452564536615]
2009-02-01T00:00:00.000Z,0,169.0,0.77157,-69.34153,[0.3003793942680249,0.953676023626619,0.01656084112884548]
2009-02-01T00:00:00.000Z,0,182.0,1.77157,-69.34153,[0.31750359730112504,0.9477719322421644,0.03032870183174926]
2009-02-01T00:00:00.000Z,0,167.0,2.27157,-69.34153,[0.3316257005377362,0.9424509798370224,0.04255050348811395]
2009-02-01T00:00:00.000Z,0,128.0,2.77157,-69.34153,[0.34382592944705725,0.936456804203076,0.06951535155365957]
2009-02-01T00:00:00.000Z,0,182.0,3.27157,-69.34153,[0.35846512126496805,0.9283988752186222,0.09786871476262976]
2009-02-01T00:00:00.000Z,0,123.0,3.77157,-69.34153,[0.37135872611259974,0.9217654094580601,0.11154024595024871]
2009-02-01T00:00:00.000Z,0,172.0,4.27157,-69.34153,[0.38640979203739634,0.9148217691344719,0.11742488379935012]
2009-02-01T00:00:00.000Z,0,142.0,4.77157,-69.34153,[0.40162187638899194,0.9071599026128978,0.12554194317893663]
2009-02-01T00:00:00.000Z,0,117.0,5.27157,-69.34153,[0.40057204407524793,0.9069289589450156,0.13046800731324096]
2009-02-01T00:00:00.000Z,0,83.0,5.77157,-69.34153,[0.39117218429396416,0.9118070487990979,0.12486884317141846]
2009-02-01T00:00:00.000Z,0,139.0,1.77157,-68.84153,[0.3146810302508397,0.9487398225473078,0.029471992012298793]
2009-02-01T00:00:00.000Z,0,178.0,2.27157,-68.84153,[0.3220441747235813,0.9458556687251851,0.040553710891117645]
2009-02-01T00:00:00.000Z,0,155.0,2.77157,-68.84153,[0.33375275867901044,0.94035448795692,0.06589789870268054]
2009-02-01T00:00:00.000Z,0,154.0,3.27157,-68.84153,[0.3522959854166801,0.9310679614583688,0.09486827607292028]
2009-02-01T00:00:00.000Z,0,118.0,3.77157,-68.84153,[0.3648259685342149,0.9243117294665444,0.11202606595626598]
2009-02-01T00:00:00.000Z,0,168.0,4.27157,-68.84153,[0.3843794553599526,0.9155705082532203,0.11825006855865207]
2009-02-01T00:00:00.000Z,0,130.0,4.77157,-68.84153,[0.4043914502596275,0.9057260564034124,0.12699553420824605]
2009-02-01T00:00:00.000Z,0,118.0,5.27157,-68.84153,[0.40037704691255266,0.90677728394829,0.13211047506138934]
2009-02-01T00:00:00.000Z,0,76.0,5.77157,-68.84153,[0.40497396207909864,0.9055667763157622,0.12627313123160783]
2009-02-01T00:00:00.000Z,0,140.0,1.77157,-68.34153,[0.3115448906499528,0.9497469241082517,0.030340752410312567]
2009-02-01T00:00:00.000Z,0,115.0,2.27157,-68.34153,[0.31457285070873137,0.9484136693009512,0.039438984267960345]
2009-02-01T00:00:00.000Z,0,126.0,2.77157,-68.34153,[0.329767877688165,0.942365869451946,0.056566022815123206]
2009-02-01T00:00:00.000Z,0,132.0,3.27157,-68.34153,[0.33858087783772606,0.9375145606553642,0.08018377467925931]
2009-02-01T00:00:00.000Z,0,110.0,3.77157,-68.34153,[0.3588423659442929,0.9274306218419403,0.1053783567596973]
2009-02-01T00:00:00.000Z,0,121.0,4.27157,-68.34153,[0.3825848434377128,0.9163630098834564,0.11793079194626406]
2009-02-01T00:00:00.000Z,0,109.0,4.77157,-68.34153,[0.4026972374938341,0.9064100532064606,0.1274980406166919]
2009-02-01T00:00:00.000Z,0,89.0,5.27157,-68.34153,[0.40814840053499163,0.9029584477589199,0.13446532921734997]
2009-02-01T00:00:00.000Z,0,65.0,5.77157,-68.34153,[0.42051543796404756,0.8970039205717738,0.13620107529961814]
2009-02-01T00:00:00.000Z,0,136.0,2.27157,-67.84153,[0.3160141363746266,0.9480424091238798,0.03675127363764177]
2009-02-01T00:00:00.000Z,0,120.0,2.77157,-67.84153,[0.3269370634602461,0.9438219605731921,0.04808599874980992]
2009-02-01T00:00:00.000Z,0,103.0,3.27157,-67.84153,[0.3419542071870045,0.9367102746872586,0.0751077990785742]
2009-02-01T00:00:00.000Z,0,95.0,3.77157,-67.84153,[0.3559947710239326,0.9288455117208946,0.10253652207661158]
2009-02-01T00:00:00.000Z,0,110.0,4.27157,-67.84153,[0.3760156386168749,0.9191493388412498,0.11737432608214256]
2009-02-01T00:00:00.000Z,0,101.0,4.77157,-67.84153,[0.39824776450288174,0.9083322299962988,0.1277938888147946]
2009-02-01T00:00:00.000Z,0,80.0,5.77157,-67.84153,[0.43602059636847385,0.8882995878557722,0.14425630578156964]
2009-02-01T00:00:00.000Z,0,54.0,6.27157,-67.84153,[0.4181542290408023,0.8997525480050366,0.1248695042583913]
2009-02-01T00:00:00.000Z,0,114.0,2.27157,-67.34153,[0.3231247019581204,0.9457883612058853,0.03278418508918156]
