2007-01-01T00:00:00.000Z,2,10.0,1.77157,-78.84153,[0.3013339368432496,0.9534573803169998,0.010811217581399031]
2007-01-01T00:00:00.000Z,2,235.0,1.27157,-78.34153,[0.31019288006605306,0.9506291305446339,0.009199636747206136]
2007-01-01T00:00:00.000Z,2,57.0,1.77157,-78.34153,[0.3047603558629246,0.9523761120716394,0.010043239000028199]
2007-01-01T00:00:00.000Z,8,1772.0,1.27157,-77.84153,[0.28012012394075325,0.9599095460563889,0.010314046404513092]
2007-01-01T00:00:00.000Z,2,528.0,1.77157,-77.84153,[0.3088300998364574,0.9510563301781813,0.010762261054906849]
2007-01-01T00:00:00.000Z,2,116.0,2.27157,-77.84153,[0.3035197256479142,0.9527780861504073,0.009470728281495065]
2007-01-01T00:00:00.000Z,8,167.0,7.27157,-77.84153,[0.25290675107684896,0.9673683228689474,0.015385160690508312]
2007-01-01T00:00:00.000Z,1,2201.0,0.77157,-77.34153,[0.19012355528901945,0.9817289036742096,0.007835395005850499]
2007-01-01T00:00:00.000Z,1,2447.0,1.27157,-77.34153,[0.24004173690500988,0.9707053653378205,0.010538417717780921]
2007-01-01T00:00:00.000Z,1,1706.0,1.77157,-77.34153,[0.219793201954741,0.9754739530053196,0.011896023817138045]
2007-01-01T00:00:00.000Z,2,2096.0,2.27157,-77.34153,[0.29240538907681296,0.9562127844407068,0.012497972275057329]
2007-01-01T00:00:00.000Z,2,57.0,2.77157,-77.34153,[0.3095382011337179,0.9508079083880995,0.012264721176996368]
2007-01-01T00:00:00.000Z,2,74.0,3.27157,-77.34153,[0.29818595218489724,0.9544209454402962,0.012876211571620564]
2007-01-01T00:00:00.000Z,8,28.0,4.27157,-77.34153,[0.28316474736915637,0.9586531714368003,0.028316474736915637]
2007-01-01T00:00:00.000Z,8,14.0,5.27157,-77.34153,[0.2689911657986384,0.9626494870510328,0.03081749182968653]
2007-01-01T00:00:00.000Z,8,499.0,6.27157,-77.34153,[0.27251804665287777,0.9618283999513334,0.024900668576517855]
2007-01-01T00:00:00.000Z,8,695.0,6.77157,-77.34153,[0.2808070220782188,0.9595143418502844,0.021900779328108185]
2007-01-01T00:00:00.000Z,8,345.0,7.27157,-77.34153,[0.2773822433993177,0.9605844226668979,0.018348241781277825]
2007-01-01T00:00:00.000Z,2,279.0,0.27157,-76.84153,[0.29026234268230067,0.9569217882737635,0.006961576511486073]
2007-01-01T00:00:00.000Z,1,485.0,0.77157,-76.84153,[0.20779731123527104,0.9781398296820493,0.007921554958692652]
2007-01-01T00:00:00.000Z,11,3335.0,1.27157,-76.84153,[0.1660394903846854,0.9860712592233357,0.009713874947675472]
2007-01-01T00:00:00.000Z,11,2008.0,1.77157,-76.84153,[0.17247865745777088,0.9849439123246391,0.01168769849878316]
2007-01-01T00:00:00.000Z,1,1013.0,2.27157,-76.84153,[0.2155858590856281,0.9764100284513103,0.012091058763532583]
2007-01-01T00:00:00.000Z,8,2856.0,2.77157,-76.84153,[0.26309254200910004,0.9646726540333669,0.013747177870745768]
2007-01-01T00:00:00.000Z,8,1911.0,3.27157,-76.84153,[0.27204607548921694,0.9621716176393516,0.01472110798101823]
2007-01-01T00:00:00.000Z,2,794.0,3.77157,-76.84153,[0.29274643139557416,0.9560726707879268,0.014985829226202013]
2007-01-01T00:00:00.000Z,2,70.0,4.27157,-76.84153,[0.2967553865990564,0.954827446194674,0.015517361818347609]
2007-01-01T00:00:00.000Z,0,24.0,4.77157,-76.84153,[0.28662973464926944,0.957628845264992,0.028113874356403435]
2007-01-01T00:00:00.000Z,0,133.0,5.27157,-76.84153,[0.28145513660289506,0.9591125039621731,0.029769293294536977]
2007-01-01T00:00:00.000Z,8,76.0,5.77157,-76.84153,[0.2750140272890683,0.9609313659394504,0.03127610506424698]
2007-01-01T00:00:00.000Z,8,38.0,6.27157,-76.84153,[0.26709471771985255,0.9632572550699904,0.028211209140691255]
2007-01-01T00:00:00.000Z,8,20.0,6.77157,-76.84153,[0.28149413142438423,0.9592453863154016,0.024684869986446]
2007-01-01T00:00:00.000Z,8,15.0,7.27157,-76.84153,[0.27994095075181524,0.9597975454347951,0.020536208742411157]
2007-01-01T00:00:00.000Z,2,8.0,7.77157,-76.84153,[0.2951427464283542,0.9553304687023042,0.015311916919967245]
2007-01-01T00:00:00.000Z,8,294.0,0.77157,-76.34153,[0.2770427325637234,0.9608077746358918,0.00978491353310172]
2007-01-01T00:00:00.000Z,1,1412.0,1.27157,-76.34153,[0.19849248096127997,0.9800566247463199,0.009473504773151998]
2007-01-01T00:00:00.000Z,11,2388.0,1.77157,-76.34153,[0.14620829427726448,0.9891904909696173,0.01119407253060306]
2007-01-01T00:00:00.000Z,11,3852.0,2.27157,-76.34153,[0.15272244196996723,0.9882040362762586,0.011341887234534331]
2007-01-01T00:00:00.000Z,1,2450.0,2.77157,-76.34153,[0.22154854222647372,0.9750443655279702,0.014308343352126428]
2007-01-01T00:00:00.000Z,1,990.0,3.27157,-76.34153,[0.23311774813324668,0.9723001555306269,0.016985966572523]
2007-01-01T00:00:00.000Z,8,962.0,3.77157,-76.34153,[0.25784466623169683,0.9660263301676015,0.017585719171562732]
2007-01-01T00:00:00.000Z,1,1899.0,4.27157,-76.34153,[0.21678494575419305,0.9760881147291358,0.016008734455694257]
2007-01-01T00:00:00.000Z,8,1358.0,4.77157,-76.34153,[0.24616495025044924,0.9689947587131319,0.021259700248902433]
2007-01-01T00:00:00.000Z,1,407.0,5.27157,-76.34153,[0.21980861120749745,0.9751313389352216,0.028338070954692072]
2007-01-01T00:00:00.000Z,1,480.0,5.77157,-76.34153,[0.20838202490408644,0.977462075581024,0.033835225693189294]
2007-01-01T00:00:00.000Z,1,1095.0,6.27157,-76.34153,[0.20285363115468372,0.9787164884576492,0.03105542703759849]
2007-01-01T00:00:00.000Z,1,1485.0,6.77157,-76.34153,[0.22238453514380135,0.9745976632338944,0.026542670323615]
2007-01-01T00:00:00.000Z,8,827.0,7.27157,-76.34153,[0.2588490302449502,0.9656653618117735,0.022081407069875342]
2007-01-01T00:00:00.000Z,8,201.0,7.77157,-76.34153,[0.2766809117152674,0.9608176973237215,0.01664408609537155]
2007-01-01T00:00:00.000Z,8,165.0,8.27157,-76.34153,[0.28139383880907287,0.9595422089658041,0.009811049552346986]
2007-01-01T00:00:00.000Z,2,99.0,8.77157,-76.34153,[0.2965405878057887,0.9550185470399354,0.0018040492033812238]
2007-01-01T00:00:00.000Z,2,267.0,0.27157,-75.84153,[0.31909820233682995,0.9476249645154344,0.013537499493077636]
2007-01-01T00:00:00.000Z,2,241.0,0.77157,-75.84153,[0.3104475455689333,0.9505208634600931,0.011506936051975907]
2007-01-01T00:00:00.000Z,8,250.0,1.27157,-75.84153,[0.2463494756649544,0.9691295410593018,0.00999342212603117]
2007-01-01T00:00:00.000Z,8,1712.0,1.77157,-75.84153,[0.2550589243136896,0.9668512712356141,0.011981837839852396]
2007-01-01T00:00:00.000Z,1,1262.0,2.27157,-75.84153,[0.21776849250924715,0.97592546643033,0.012098249583847065]
2007-01-01T00:00:00.000Z,11,2705.0,2.77157,-75.84153,[0.17886536616049492,0.9837595138827221,0.014979974415941451]
2007-01-01T00:00:00.000Z,11,1867.0,3.27157,-75.84153,[0.15458603179872427,0.9878157067422025,0.0179802193014119]
2007-01-01T00:00:00.000Z,11,3782.0,3.77157,-75.84153,[0.1778833470444579,0.9838486355051498,0.019984425408698357]
2007-01-01T00:00:00.000Z,1,2035.0,4.27157,-75.84153,[0.23276685754404758,0.9723462817603563,0.019034137119365465]
2007-01-01T00:00:00.000Z,1,1185.0,4.77157,-75.84153,[0.23031854429378434,0.9729554115044743,0.017639029977621533]
2007-01-01T00:00:00.000Z,1,1530.0,5.27157,-75.84153,[0.2427235811528479,0.9697439758855486,0.026112916076633397]
2007-01-01T00:00:00.000Z,1,1704.0,5.77157,-75.84153,[0.22552865566357524,0.9734553198540032,0.03900725217854695]
2007-01-01T00:00:00.000Z,11,488.0,6.27157,-75.84153,[0.1777600241227669,0.9834652222176749,0.034605353808514976]
2007-01-01T00:00:00.000Z,11,896.0,6.77157,-75.84153,[0.18208272938518621,0.9828443459078835,0.029374672364902966]
2007-01-01T00:00:00.000Z,1,2421.0,7.27157,-75.84153,[0.2307353551658919,0.972747730809509,0.02287024445476902]
2007-01-01T00:00:00.000Z,2,131.0,7.77157,-75.84153,[0.28559855854869964,0.9581722632225459,0.018422197097225285]
2007-01-01T00:00:00.000Z,8,43.0,8.27157,-75.84153,[0.2822641767263019,0.9592656120928345,0.011679896967984906]
2007-01-01T00:00:00.000Z,2,10.0,8.77157,-75.84153,[0.2882468075771991,0.9575471600197107,0.004149007078762715]
2007-01-01T00:00:00.000Z,2,155.0,9.27157,-75.84153,[0.29775370992408434,0.9546302150237819,0.0048867975292884065]
2007-01-01T00:00:00.000Z,4,228.0,0.27157,-75.34153,[0.3220066179169288,0.9465779447444813,0.017376206174385213]
2007-01-01T00:00:00.000Z,2,189.0,0.77157,-75.34153,[0.3190544242234029,0.9474949567846512,0.021391148896796334]
2007-01-01T00:00:00.000Z,2,244.0,1.27157,-75.34153,[0.3070905332172513,0.9513785146730531,0.023965104356954123]
2007-01-01T00:00:00.000Z,1,1357.0,1.77157,-75.34153,[0.23376165091127377,0.9720781523043068,0.020483075352126463]
2007-01-01T00:00:00.000Z,8,2437.0,2.27157,-75.34153,[0.27196447243532706,0.9621498669267571,0.017405726235860935]
2007-01-01T00:00:00.000Z,2,485.0,2.77157,-75.34153,[0.31654540791061264,0.948380091160764,0.01934444159453744]
2007-01-01T00:00:00.000Z,4,694.0,3.27157,-75.34153,[0.32363882892866236,0.9459250714247005,0.02199244551793227]
2007-01-01T00:00:00.000Z,8,442.0,3.77157,-75.34153,[0.25629822879023345,0.9663135923307451,0.02343627947946729]
2007-01-01T00:00:00.000Z,11,2270.0,4.27157,-75.34153,[0.12202958803980482,0.9922932290605182,0.02151574315438664]
2007-01-01T00:00:00.000Z,11,4229.0,4.77157,-75.34153,[0.15619822996481145,0.9875427565538407,0.01901096877861192]
2007-01-01T00:00:00.000Z,11,3209.0,5.27157,-75.34153,[0.17469733294804904,0.9843723970306236,0.022177146458075687]
2007-01-01T00:00:00.000Z,1,1992.0,5.77157,-75.34153,[0.19495037520908387,0.9801372455263333,0.03640509769097809]
2007-01-01T00:00:00.000Z,1,2185.0,6.27157,-75.34153,[0.19357312606890226,0.9803542191231501,0.03788205262853786]
2007-01-01T00:00:00.000Z,1,2092.0,6.77157,-75.34153,[0.21619450493065226,0.975850425925513,0.031239114244566723]
2007-01-01T00:00:00.000Z,8,869.0,7.27157,-75.34153,[0.2788863573867339,0.9600126533120263,0.024456188263144354]
2007-01-01T00:00:00.000Z,2,83.0,7.77157,-75.34153,[0.29752817535081677,0.9545234770548509,0.019024106379308733]
2007-01-01T00:00:00.000Z,2,30.0,8.27157,-75.34153,[0.299452463788719,0.9540177006205658,0.013358474221058096]
2007-01-01T00:00:00.000Z,2,74.0,8.77157,-75.34153,[0.304231083143511,0.9525737284942891,0.006836653553786764]
2007-01-01T00:00:00.000Z,2,180.0,9.27157,-75.34153,[0.2906275047952614,0.9568351696336297,0.001453137523976307]
2007-01-01T00:00:00.000Z,2,136.0,9.77157,-75.34153,[0.28855023762740817,0.9574118995606722,0.010060563840649097]
2007-01-01T00:00:00.000Z,8,79.0,10.27157,-75.34153,[0.2742495820104401,0.9614867698718959,0.018175756611672304]
2007-01-01T00:00:00.000Z,4,205.0,0.27157,-74.84153,[0.3208808061775173,0.946901095965353,0.02034263224068789]
2007-01-01T00:00:00.000Z,2,239.0,0.77157,-74.84153,[0.3150465031480583,0.9487331957918715,0.02551517306864503]
2007-01-01T00:00:00.000Z,2,226.0,1.27157,-74.84153,[0.31503462323426706,0.9486974205381732,0.02695163126528901]
2007-01-01T00:00:00.000Z,2,258.0,1.77157,-74.84153,[0.3032131610569935,0.9526145768640977,0.024233177832507745]
2007-01-01T00:00:00.000Z,1,576.0,2.27157,-74.84153,[0.22010520511100976,0.9752353703380124,0.021671897118622496]
2007-01-01T00:00:00.000Z,1,1998.0,2.77157,-74.84153,[0.23574025327503126,0.9715702671383569,0.021857470085209205]
2007-01-01T00:00:00.000Z,1,2106.0,3.27157,-74.84153,[0.24167017779754182,0.970068610878918,0.023715297821254106]
2007-01-01T00:00:00.000Z,4,361.0,3.77157,-74.84153,[0.3306480941059756,0.9432828646947832,0.029820714902387992]
2007-01-01T00:00:00.000Z,2,289.0,4.27157,-74.84153,[0.30203062832582106,0.9528347203136022,0.029723649136826836]
2007-01-01T00:00:00.000Z,2,277.0,4.77157,-74.84153,[0.30512201046031,0.9518864264553301,0.028509469703241322]
2007-01-01T00:00:00.000Z,2,325.0,5.27157,-74.84153,[0.3060520445444887,0.9515227099183915,0.030605204454448868]
2007-01-01T00:00:00.000Z,0,379.0,5.77157,-74.84153,[0.27104209332725865,0.9616573471251137,0.041848899209728736]
2007-01-01T00:00:00.000Z,1,978.0,6.27157,-74.84153,[0.23799526254407102,0.9704461998564274,0.039905240142087774]
2007-01-01T00:00:00.000Z,8,1143.0,6.77157,-74.84153,[0.24989818709140194,0.967712732728433,0.03290840323837392]
2007-01-01T00:00:00.000Z,8,322.0,7.27157,-74.84153,[0.27716903227557843,0.9604973003088314,0.02494521290480206]
2007-01-01T00:00:00.000Z,2,55.0,7.77157,-74.84153,[0.3100256134857797,0.9505180896981599,0.019986999257691294]
2007-01-01T00:00:00.000Z,2,27.0,8.27157,-74.84153,[0.31827445972778107,0.947879209152919,0.015045701732586016]
2007-01-01T00:00:00.000Z,4,14.0,8.77157,-74.84153,[0.3286442420319189,0.9444072803516513,0.009372886325098048]
2007-01-01T00:00:00.000Z,2,48.0,9.27157,-74.84153,[0.3193842717387721,0.9476236634007523,0.001754858635927319]
2007-01-01T00:00:00.000Z,2,15.0,9.77157,-74.84153,[0.3069286075122809,0.9517077344877066,0.006871535989080915]
2007-01-01T00:00:00.000Z,2,5.0,10.27157,-74.84153,[0.29792156554330634,0.9544732420613854,0.014952289893305565]
2007-01-01T00:00:00.000Z,4,171.0,-0.72843,-74.34153,[0.3241248382930744,0.9459643428701578,0.009723745148792233]
2007-01-01T00:00:00.000Z,2,219.0,-0.22843,-74.34153,[0.3183367208067137,0.9478296348831476,0.01675456425298493]
2007-01-01T00:00:00.000Z,2,201.0,0.27157,-74.34153,[0.3136468804002051,0.9492570357566815,0.023167099120469697]
2007-01-01T00:00:00.000Z,2,242.0,0.77157,-74.34153,[0.31644390714642967,0.9481375934877931,0.029972611582548617]
2007-01-01T00:00:00.000Z,2,251.0,1.27157,-74.34153,[0.3153725113740888,0.9484977040194293,0.029871132209394823]
2007-01-01T00:00:00.000Z,4,298.0,1.77157,-74.34153,[0.3248487234885898,0.9454552400041045,0.024242442051387297]
2007-01-01T00:00:00.000Z,4,313.0,2.27157,-74.34153,[0.3234322785349349,0.9457943902612491,0.02940293441226681]
2007-01-01T00:00:00.000Z,8,364.0,2.77157,-74.34153,[0.28089580740253123,0.9593305964679667,0.02797055709304866]
2007-01-01T00:00:00.000Z,11,899.0,3.27157,-74.34153,[0.14346508650339962,0.9891540174708079,0.031497597939092244]
2007-01-01T00:00:00.000Z,11,3444.0,3.77157,-74.34153,[0.1368286200894941,0.9901220619074416,0.030597896145997103]
2007-01-01T00:00:00.000Z,11,2263.0,4.27157,-74.34153,[0.1592848124389197,0.986738383550191,0.031236372309450484]
2007-01-01T00:00:00.000Z,1,2655.0,4.77157,-74.34153,[0.19324892441126723,0.9806354994061114,0.0317627221505753]
2007-01-01T00:00:00.000Z,8,1104.0,5.27157,-74.34153,[0.271065170989049,0.9619507897294298,0.03426880820227407]
2007-01-01T00:00:00.000Z,0,744.0,5.77157,-74.34153,[0.2963182729355418,0.9539465589672089,0.04670592852218206]
2007-01-01T00:00:00.000Z,0,119.0,6.27157,-74.34153,[0.3008006601633818,0.9527177272811109,0.04298714888880329]
2007-01-01T00:00:00.000Z,8,97.0,6.77157,-74.34153,[0.250635350212885,0.9676168028710562,0.029994066500886245]
2007-01-01T00:00:00.000Z,1,575.0,7.27157,-74.34153,[0.23700399390101548,0.9712121111773528,0.02400295768018795]
2007-01-01T00:00:00.000Z,8,1234.0,7.77157,-74.34153,[0.28444196962602664,0.958469827611436,0.02069675031909221]
2007-01-01T00:00:00.000Z,4,715.0,8.27157,-74.34153,[0.3217940954888713,0.9466597209108978,0.016850309000144535]
2007-01-01T00:00:00.000Z,4,14.0,8.77157,-74.34153,[0.34084273834365875,0.9400466982787741,0.011765745772005301]
2007-01-01T00:00:00.000Z,4,37.0,9.27157,-74.34153,[0.3291692746205562,0.9442593060283108,0.0046852560986137565]
2007-01-01T00:00:00.000Z,2,95.0,9.77157,-74.34153,[0.31552109525729416,0.9489091675210074,0.004222587148424754]
2007-01-01T00:00:00.000Z,2,119.0,10.27157,-74.34153,[0.2915418170099858,0.956481422728915,0.01211019855272249]
2007-01-01T00:00:00.000Z,8,5.0,10.77157,-74.34153,[0.2817922546140502,0.959267800081996,0.019960284701828555]
2007-01-01T00:00:00.000Z,2,156.0,-1.22843,-73.84153,[0.32191715879461597,0.9467452972668227,0.006533374071477446]
2007-01-01T00:00:00.000Z,2,195.0,-0.72843,-73.84153,[0.31690721389108434,0.9483478048650803,0.014361712689446145]
2007-01-01T00:00:00.000Z,2,174.0,-0.22843,-73.84153,[0.30909966529602756,0.9508046738573624,0.020684996612966102]
2007-01-01T00:00:00.000Z,2,241.0,0.27157,-73.84153,[0.30905772744511645,0.9506756711144456,0.026440299876483345]
2007-01-01T00:00:00.000Z,2,232.0,0.77157,-73.84153,[0.31250533663879104,0.9493086641291577,0.03396284413281955]
2007-01-01T00:00:00.000Z,4,267.0,1.27157,-73.84153,[0.3167100666449011,0.9477578398849288,0.038076378798881365]
2007-01-01T00:00:00.000Z,0,265.0,1.77157,-73.84153,[0.30114710965532926,0.9528482766438151,0.03729048193778881]
2007-01-01T00:00:00.000Z,0,554.0,2.27157,-73.84153,[0.2861970436287818,0.9575234422641958,0.035215191788068215]
2007-01-01T00:00:00.000Z,5,995.0,2.77157,-73.84153,[0.3239602889051257,0.9448841759732833,0.04736692102931005]
2007-01-01T00:00:00.000Z,0,363.0,3.27157,-73.84153,[0.29733320368088123,0.9531447456705668,0.05574997569016524]
2007-01-01T00:00:00.000Z,6,545.0,3.77157,-73.84153,[0.21178980866945105,0.9755849697220457,0.05812954323055145]
2007-01-01T00:00:00.000Z,11,1499.0,4.27157,-73.84153,[0.14629567460373438,0.987495803575207,0.05873341053944042]
2007-01-01T00:00:00.000Z,11,3610.0,4.77157,-73.84153,[0.1309111706429464,0.9895647544663667,0.06019852256337064]
2007-01-01T00:00:00.000Z,11,2585.0,5.27157,-73.84153,[0.15680676378021402,0.9857851965036385,0.06032565944156005]
2007-01-01T00:00:00.000Z,6,2622.0,5.77157,-73.84153,[0.24387286871479522,0.968036845684493,0.05857208637254908]
2007-01-01T00:00:00.000Z,0,616.0,6.27157,-73.84153,[0.2999895838758367,0.9533002332054364,0.03499878478551428]
2007-01-01T00:00:00.000Z,4,101.0,6.77157,-73.84153,[0.31847130110513844,0.9475085873305361,0.028346204460067286]
2007-01-01T00:00:00.000Z,2,89.0,7.27157,-73.84153,[0.313095376789526,0.9493859812327562,0.025249627160445643]
2007-01-01T00:00:00.000Z,2,59.0,7.77157,-73.84153,[0.307022125869457,0.9514312032438117,0.02271738806799645]
2007-01-01T00:00:00.000Z,4,38.0,8.27157,-73.84153,[0.3235442717749083,0.9460153163853297,0.01934232059523908]
2007-01-01T00:00:00.000Z,4,29.0,8.77157,-73.84153,[0.34595350599609986,0.9381372653702067,0.014650700075991415]
2007-01-01T00:00:00.000Z,4,52.0,9.27157,-73.84153,[0.35598354271054994,0.9344567996151936,0.008136766690526856]
2007-01-01T00:00:00.000Z,2,46.0,9.77157,-73.84153,[0.2882217938587034,0.9575633151338742,8.336994037235223E-4]
2007-01-01T00:00:00.000Z,11,931.0,10.27157,-73.84153,[0.1193954026269687,0.9928104200422713,0.00849751063741489]
2007-01-01T00:00:00.000Z,8,2665.0,10.77157,-73.84153,[0.26760936050543854,0.9633936978195787,0.016056561630326312]
2007-01-01T00:00:00.000Z,2,139.0,-1.72843,-73.34153,[0.3134299907994423,0.9496113104146672,0.0]
2007-01-01T00:00:00.000Z,2,199.0,-1.22843,-73.34153,[0.3137556534281237,0.9494620706351057,0.00889754838079754]
2007-01-01T00:00:00.000Z,2,223.0,-0.72843,-73.34153,[0.314770858812695,0.9490106489576774,0.0172654165095023]
2007-01-01T00:00:00.000Z,2,171.0,-0.22843,-73.34153,[0.30671116999030906,0.9515016978108453,0.0239327655371226]
2007-01-01T00:00:00.000Z,2,209.0,0.27157,-73.34153,[0.3066612394584304,0.9513467996835399,0.02996916658343752]
2007-01-01T00:00:00.000Z,0,237.0,0.77157,-73.34153,[0.3006997719503311,0.9529869695656649,0.03735616397690652]
2007-01-01T00:00:00.000Z,0,249.0,1.27157,-73.34153,[0.3078352434157968,0.950426683093639,0.043892857901491944]
2007-01-01T00:00:00.000Z,5,294.0,1.77157,-73.34153,[0.32264945687893964,0.9452434088564491,0.04911441732490526]
2007-01-01T00:00:00.000Z,5,229.0,2.27157,-73.34153,[0.33591227793609624,0.9405543782210696,0.05020361681154021]
2007-01-01T00:00:00.000Z,5,267.0,2.77157,-73.34153,[0.34165160953340323,0.9383040580663755,0.05347590410088051]
2007-01-01T00:00:00.000Z,5,234.0,3.27157,-73.34153,[0.34853082058593937,0.9348678689362923,0.06744134290038394]
2007-01-01T00:00:00.000Z,5,256.0,3.77157,-73.34153,[0.35155662721861597,0.9332690319688438,0.07359926512274623]
2007-01-01T00:00:00.000Z,6,300.0,4.27157,-73.34153,[0.25300263952389374,0.964860066184304,0.07095574026647385]
2007-01-01T00:00:00.000Z,11,1229.0,4.77157,-73.34153,[0.17033484318363862,0.9828637845813681,0.07046149413683435]
2007-01-01T00:00:00.000Z,11,2684.0,5.27157,-73.34153,[0.1364821303003601,0.9879206508664528,0.07338539159996287]
2007-01-01T00:00:00.000Z,6,3515.0,5.77157,-73.34153,[0.21250752615481974,0.9747156429244027,0.06906494600031642]
2007-01-01T00:00:00.000Z,1,1301.0,6.27157,-73.34153,[0.21589262182713315,0.9757499868853764,0.03608793335443746]
2007-01-01T00:00:00.000Z,8,1945.0,6.77157,-73.34153,[0.2685550967719402,0.9628682737920784,0.027619690846870274]
2007-01-01T00:00:00.000Z,1,351.0,7.27157,-73.34153,[0.2004145649352897,0.9794770649043325,0.02141685056661429]
2007-01-01T00:00:00.000Z,1,325.0,7.77157,-73.34153,[0.2065215139677098,0.9781516482450733,0.023837309074879933]
2007-01-01T00:00:00.000Z,1,1339.0,8.27157,-73.34153,[0.23692854244340697,0.9712998165327,0.021012667112627947]
2007-01-01T00:00:00.000Z,8,1230.0,8.77157,-73.34153,[0.26501031330863034,0.9640892432434656,0.017362744665048193]
2007-01-01T00:00:00.000Z,2,809.0,9.27157,-73.34153,[0.30111185640076,0.9535208786024065,0.011383497010272633]
2007-01-01T00:00:00.000Z,2,74.0,9.77157,-73.34153,[0.297567505914678,0.9546957481429253,0.0030996615199445627]
2007-01-01T00:00:00.000Z,1,99.0,10.27157,-73.34153,[0.22676041720797058,0.9739359919082337,0.0053288698043873085]
2007-01-01T00:00:00.000Z,2,1426.0,10.77157,-73.34153,[0.29735805407200505,0.9546758578101214,0.013122278499533827]
2007-01-01T00:00:00.000Z,2,146.0,-2.22843,-72.84153,[0.30522275074662203,0.9522492560746673,0.007773463314895244]
2007-01-01T00:00:00.000Z,2,165.0,-1.72843,-72.84153,[0.3089551403475325,0.95107459248774,0.0019597900693686765]
2007-01-01T00:00:00.000Z,2,168.0,-1.22843,-72.84153,[0.31445343807856296,0.9492051736795285,0.011339027321048554]
2007-01-01T00:00:00.000Z,2,178.0,-0.72843,-72.84153,[0.30989111536706787,0.9505648819686464,0.019846959074070636]
2007-01-01T00:00:00.000Z,2,191.0,-0.22843,-72.84153,[0.307801300000304,0.951071432585209,0.02686056288392166]
2007-01-01T00:00:00.000Z,0,247.0,0.27157,-72.84153,[0.30118404613305183,0.9529831078026717,0.033337165411673676]
2007-01-01T00:00:00.000Z,0,264.0,0.77157,-72.84153,[0.29868228827212945,0.9534857664071825,0.04066674232628224]
2007-01-01T00:00:00.000Z,0,246.0,1.27157,-72.84153,[0.30674690235835733,0.9505654959013734,0.0482863945157262]
2007-01-01T00:00:00.000Z,5,259.0,1.77157,-72.84153,[0.31362700928513987,0.9479553212979415,0.05494367907025382]
2007-01-01T00:00:00.000Z,5,271.0,2.27157,-72.84153,[0.33788049003251763,0.9392345751806447,0.06062332257984161]
2007-01-01T00:00:00.000Z,5,193.0,2.77157,-72.84153,[0.3401877848259738,0.9379815371469783,0.06680499252741949]
2007-01-01T00:00:00.000Z,5,182.0,3.27157,-72.84153,[0.34906084374064855,0.9341772220972753,0.07395569674936761]
2007-01-01T00:00:00.000Z,5,203.0,3.77157,-72.84153,[0.35208204703009965,0.9325757446424505,0.07962859199856376]
2007-01-01T00:00:00.000Z,5,165.0,4.27157,-72.84153,[0.34096015665807283,0.9364050679232578,0.08301638596892207]
2007-01-01T00:00:00.000Z,6,293.0,4.77157,-72.84153,[0.2361360696439006,0.9682708693053724,0.0818002461350163]
2007-01-01T00:00:00.000Z,11,1653.0,5.27157,-72.84153,[0.15026174927699318,0.9850492452602886,0.08425788459458063]
2007-01-01T00:00:00.000Z,11,2686.0,5.77157,-72.84153,[0.14150756097942876,0.9872363433955459,0.07307538891203313]
2007-01-01T00:00:00.000Z,11,2685.0,6.27157,-72.84153,[0.15573815412284,0.987043165994756,0.0386188530831637]
2007-01-01T00:00:00.000Z,11,1547.0,6.77157,-72.84153,[0.11465704740857065,0.9930119284492279,0.027947655305839095]
2007-01-01T00:00:00.000Z,11,3795.0,7.27157,-72.84153,[0.17214929257969516,0.9848093609028373,0.022696778239557576]
2007-01-01T00:00:00.000Z,8,1328.0,7.77157,-72.84153,[0.2565712654354072,0.9661016784913481,0.02861350326460714]
2007-01-01T00:00:00.000Z,2,973.0,8.27157,-72.84153,[0.3147249755994685,0.9488032352631036,0.026844189095248785]
2007-01-01T00:00:00.000Z,4,83.0,8.77157,-72.84153,[0.3388938764345934,0.9405532947423859,0.02259292509563956]
2007-01-01T00:00:00.000Z,2,223.0,10.77157,-72.84153,[0.30962538624657815,0.9508181152453975,0.008776782602265207]
2007-01-01T00:00:00.000Z,4,51.0,11.27157,-72.84153,[0.34814710468061083,0.9373191279862598,0.015048116612568524]
2007-01-01T00:00:00.000Z,2,149.0,-2.22843,-72.34153,[0.30324639806143383,0.9528978575788127,0.005224469779335565]
2007-01-01T00:00:00.000Z,2,147.0,-1.72843,-72.34153,[0.30793987218933977,0.9513963215401988,0.004251408683211034]
2007-01-01T00:00:00.000Z,2,145.0,-1.22843,-72.34153,[0.3096296116056065,0.9507585843354311,0.013697369435340957]
2007-01-01T00:00:00.000Z,2,205.0,-0.72843,-72.34153,[0.30515847368481286,0.952048721271345,0.021943980130143845]
2007-01-01T00:00:00.000Z,2,176.0,-0.22843,-72.34153,[0.30509929655608453,0.9518640974952,0.029481505060475584]
2007-01-01T00:00:00.000Z,0,150.0,0.27157,-72.34153,[0.3043236027048364,0.951869313723398,0.03649595085069278]
2007-01-01T00:00:00.000Z,0,218.0,0.77157,-72.34153,[0.3076171605744226,0.9505024624490588,0.043780719482502096]
2007-01-01T00:00:00.000Z,0,234.0,1.27157,-72.34153,[0.30782332189841954,0.9500862679646708,0.050802420418573746]
2007-01-01T00:00:00.000Z,5,237.0,1.77157,-72.34153,[0.3185180020908925,0.9461164358403548,0.05839496704999696]
2007-01-01T00:00:00.000Z,5,203.0,2.27157,-72.34153,[0.33582639113783985,0.9395864734000934,0.06631661947740014]
2007-01-01T00:00:00.000Z,5,188.0,2.77157,-72.34153,[0.33810881690990013,0.9383744701195054,0.07166436880155491]
2007-01-01T00:00:00.000Z,5,220.0,3.27157,-72.34153,[0.34882323604095145,0.9339460835935152,0.07789135342419812]
2007-01-01T00:00:00.000Z,5,180.0,3.77157,-72.34153,[0.3493584001783107,0.9332860119049158,0.08322216175676188]
2007-01-01T00:00:00.000Z,10,190.0,4.27157,-72.34153,[0.3524528383405561,0.9315714596421765,0.08917181351655058]
2007-01-01T00:00:00.000Z,10,177.0,4.77157,-72.34153,[0.3438875548412458,0.9342894859127753,0.09404523453185323]
2007-01-01T00:00:00.000Z,9,257.0,5.27157,-72.34153,[0.2569809395049839,0.9622380470253881,0.08977047169254819]
2007-01-01T00:00:00.000Z,11,1342.0,5.77157,-72.34153,[0.16656981727807643,0.982981092752859,0.07747688211552635]
2007-01-01T00:00:00.000Z,11,3317.0,6.27157,-72.34153,[0.15441550083694755,0.9871942708679338,0.04004153676875329]
2007-01-01T00:00:00.000Z,1,3467.0,6.77157,-72.34153,[0.1927360941987398,0.9808349924668852,0.028557232805363018]
2007-01-01T00:00:00.000Z,1,2203.0,7.27157,-72.34153,[0.193290436515253,0.9808768420177018,0.02279096191747013]
2007-01-01T00:00:00.000Z,4,97.0,11.27157,-72.34153,[0.34364785664704484,0.9390523848303861,0.009314996846842973]
2007-01-01T00:00:00.000Z,4,19.0,11.77157,-72.34153,[0.3527874416853175,0.9355974643962267,0.0140856524335896]
2007-01-01T00:00:00.000Z,2,109.0,-2.22843,-71.84153,[0.2986583232789719,0.9543593037110003,0.001235053216567177]
2007-01-01T00:00:00.000Z,2,140.0,-1.72843,-71.84153,[0.30592785862615074,0.9520292316948125,0.006963283349326565]
2007-01-01T00:00:00.000Z,2,153.0,-1.22843,-71.84153,[0.3059394289516536,0.9519379257715022,0.014671444734112757]
2007-01-01T00:00:00.000Z,2,136.0,-0.72843,-71.84153,[0.3092869640413062,0.9506864983262289,0.02316799029534507]
2007-01-01T00:00:00.000Z,0,192.0,-0.22843,-71.84153,[0.29544290875352786,0.954853507378322,0.031116990769858258]
2007-01-01T00:00:00.000Z,0,216.0,0.27157,-71.84153,[0.3023136716083083,0.9524017173224147,0.03920985590408509]
2007-01-01T00:00:00.000Z,0,215.0,0.77157,-71.84153,[0.3069000712219486,0.9505856138597435,0.04689708953503934]
2007-01-01T00:00:00.000Z,0,232.0,1.27157,-71.84153,[0.30020487674448326,0.9523740917411192,0.053484776891258516]
2007-01-01T00:00:00.000Z,5,233.0,1.77157,-71.84153,[0.32201838555278905,0.9447451164379621,0.06132556018983262]
2007-01-01T00:00:00.000Z,5,159.0,2.27157,-71.84153,[0.33021748681356217,0.9414200351339373,0.0684450790849929]
2007-01-01T00:00:00.000Z,5,186.0,2.77157,-71.84153,[0.3375449695924498,0.9383019010331637,0.07518600947239766]
2007-01-01T00:00:00.000Z,5,222.0,3.27157,-71.84153,[0.34357605794607604,0.9355650210977683,0.08169200514473247]
2007-01-01T00:00:00.000Z,10,206.0,3.77157,-71.84153,[0.34799407918642544,0.9333698338178767,0.08786850499457242]
2007-01-01T00:00:00.000Z,10,189.0,4.27157,-71.84153,[0.3523166746454834,0.9312115640806415,0.09337014345728357]
2007-01-01T00:00:00.000Z,10,149.0,4.77157,-71.84153,[0.3521829048468687,0.9308579958496741,0.09731697229337503]
2007-01-01T00:00:00.000Z,10,172.0,5.27157,-71.84153,[0.34651507953386906,0.9331156070304903,0.09603417918510085]
2007-01-01T00:00:00.000Z,5,213.0,5.77157,-71.84153,[0.32384858752048923,0.9425443965148568,0.08204969810687023]
2007-01-01T00:00:00.000Z,0,412.0,6.27157,-71.84153,[0.2971898064032571,0.9533382809328012,0.0531445300862295]
2007-01-01T00:00:00.000Z,2,325.0,6.77157,-71.84153,[0.31434157191818246,0.9488674959017256,0.02898018953000344]
2007-01-01T00:00:00.000Z,4,174.0,11.77157,-71.84153,[0.3296208576532663,0.9440838904106761,0.007463113758187162]
2007-01-01T00:00:00.000Z,2,107.0,-2.22843,-71.34153,[0.2980193292200899,0.9545581522387842,0.0017925974689930219]
2007-01-01T00:00:00.000Z,2,121.0,-1.72843,-71.34153,[0.30230970279103436,0.953177980815015,0.0077833468255900625]
2007-01-01T00:00:00.000Z,2,140.0,-1.22843,-71.34153,[0.3020195991310146,0.9532142738372916,0.012911618550210661]
2007-01-01T00:00:00.000Z,2,186.0,-0.72843,-71.34153,[0.30729518524819943,0.9513677506392595,0.021658073941847263]
2007-01-01T00:00:00.000Z,2,201.0,-0.22843,-71.34153,[0.2985214123967091,0.9539218065308374,0.030301045619214834]
2007-01-01T00:00:00.000Z,0,185.0,0.27157,-71.34153,[0.3064063540728108,0.9511126604118849,0.03872794066347795]
2007-01-01T00:00:00.000Z,0,228.0,0.77157,-71.34153,[0.29816332641760307,0.9534424240197876,0.045234664350047006]
2007-01-01T00:00:00.000Z,0,342.0,1.27157,-71.34153,[0.3067593943456249,0.9502621839879507,0.053855878631355936]
2007-01-01T00:00:00.000Z,5,222.0,1.77157,-71.34153,[0.31630391277017916,0.9465773920908312,0.06279391331009461]
2007-01-01T00:00:00.000Z,5,164.0,2.27157,-71.34153,[0.3271832253233559,0.942287688931265,0.07102850382474309]
2007-01-01T00:00:00.000Z,5,189.0,2.77157,-71.34153,[0.3392160469442922,0.9374034845664848,0.07878566251609367]
2007-01-01T00:00:00.000Z,5,209.0,3.27157,-71.34153,[0.3421799970678279,0.9357825726263538,0.08499309604587985]
2007-01-01T00:00:00.000Z,10,171.0,3.77157,-71.34153,[0.34519017625849924,0.9341167852156521,0.09093719697132507]
2007-01-01T00:00:00.000Z,10,165.0,4.27157,-71.34153,[0.3477442617777321,0.93269978783956,0.09562967198887633]
2007-01-01T00:00:00.000Z,10,131.0,4.77157,-71.34153,[0.3554528407227144,0.9294526577201718,0.0988485461656453]
2007-01-01T00:00:00.000Z,10,146.0,5.27157,-71.34153,[0.3503507717050131,0.9317839673005668,0.09504196466465782]
2007-01-01T00:00:00.000Z,5,151.0,5.77157,-71.34153,[0.34563320533356584,0.9348086692295731,0.08167275741689954]
2007-01-01T00:00:00.000Z,5,157.0,6.27157,-71.34153,[0.33596486240499435,0.9402182120542647,0.05583300950759259]
2007-01-01T00:00:00.000Z,4,154.0,6.77157,-71.34153,[0.3315315052216439,0.9429428681122842,0.030750748310413346]
2007-01-01T00:00:00.000Z,2,97.0,-2.22843,-70.84153,[0.29706488536272074,0.9548514172373167,0.003350355849955497]
2007-01-01T00:00:00.000Z,2,137.0,-1.72843,-70.84153,[0.29423346542114565,0.9557056921949995,0.0073005295931562455]
2007-01-01T00:00:00.000Z,2,114.0,-1.22843,-70.84153,[0.2944615309796312,0.9556110061980484,0.010000580297421437]
2007-01-01T00:00:00.000Z,2,155.0,-0.72843,-70.84153,[0.2960810430160114,0.9550283267208187,0.016028447441468287]
2007-01-01T00:00:00.000Z,2,183.0,-0.22843,-70.84153,[0.299604430389865,0.9537968757729786,0.022554490827102196]
2007-01-01T00:00:00.000Z,2,193.0,0.27157,-70.84153,[0.3031460061933165,0.9524214075178077,0.03155885661490123]
2007-01-01T00:00:00.000Z,0,250.0,0.77157,-70.84153,[0.3064009157713687,0.951095779439007,0.03918286803916388]
2007-01-01T00:00:00.000Z,0,316.0,1.27157,-70.84153,[0.3116864219695644,0.9488608786896333,0.05014585977074911]
2007-01-01T00:00:00.000Z,5,186.0,1.77157,-70.84153,[0.3159452948672251,0.9466785758292678,0.06307332809620428]
2007-01-01T00:00:00.000Z,5,191.0,2.27157,-70.84153,[0.3249091569440451,0.9429428793919568,0.07275139818529704]
2007-01-01T00:00:00.000Z,5,160.0,2.77157,-70.84153,[0.3349098416478635,0.9387078715721481,0.08162677144105634]
2007-01-01T00:00:00.000Z,10,240.0,3.27157,-70.84153,[0.345289823600829,0.9342416149199734,0.08926109269681004]
2007-01-01T00:00:00.000Z,10,186.0,3.77157,-70.84153,[0.3477648467745412,0.9327549997417159,0.09501432420804432]
2007-01-01T00:00:00.000Z,10,176.0,4.27157,-70.84153,[0.35364227867813897,0.9300414375200879,0.09980011636717587]
2007-01-01T00:00:00.000Z,10,146.0,4.77157,-70.84153,[0.35625778273841885,0.9290397302507177,0.09982771085214351]
2007-01-01T00:00:00.000Z,10,123.0,5.27157,-70.84153,[0.3537705148158257,0.930516107631767,0.0947955499207195]
2007-01-01T00:00:00.000Z,5,120.0,5.77157,-70.84153,[0.35004839339297866,0.9330515274594537,0.0829516087160122]
2007-01-01T00:00:00.000Z,5,126.0,6.27157,-70.84153,[0.3460309831292288,0.9362469508070977,0.06086218710358067]
2007-01-01T00:00:00.000Z,4,122.0,6.77157,-70.84153,[0.3457610774628773,0.9376154484936388,0.03642180744804686]
2007-01-01T00:00:00.000Z,8,97.0,-3.72843,-70.34153,[0.28056460845579334,0.9594881266274459,0.025807660548796258]
2007-01-01T00:00:00.000Z,2,132.0,-2.22843,-70.34153,[0.29076509061805117,0.9567817321469457,0.004937520406721623]
2007-01-01T00:00:00.000Z,2,129.0,-1.72843,-70.34153,[0.29330191268913747,0.9559878131634668,0.007828735263507051]
2007-01-01T00:00:00.000Z,2,144.0,-1.22843,-70.34153,[0.2909742864872403,0.9566881843595628,0.0090378376863461]
2007-01-01T00:00:00.000Z,2,134.0,-0.72843,-70.34153,[0.2951569328933276,0.955376388049455,0.011761892814546137]
2007-01-01T00:00:00.000Z,2,170.0,-0.22843,-70.34153,[0.29773801583586784,0.9545458485224826,0.013939045685199805]
2007-01-01T00:00:00.000Z,2,177.0,0.27157,-70.34153,[0.302005302367009,0.9531691513367683,0.01616682659511126]
2007-01-01T00:00:00.000Z,2,190.0,0.77157,-70.34153,[0.30629525231491794,0.9516627396648003,0.02283086382568761]
2007-01-01T00:00:00.000Z,0,195.0,1.27157,-70.34153,[0.3088148756316237,0.9502869518517245,0.03985074314216909]
2007-01-01T00:00:00.000Z,5,216.0,1.77157,-70.34153,[0.31399087850851315,0.9477023960822643,0.05718301035611244]
2007-01-01T00:00:00.000Z,5,168.0,2.27157,-70.34153,[0.31753285760878497,0.9456705832057997,0.0698572286739327]
2007-01-01T00:00:00.000Z,5,193.0,2.77157,-70.34153,[0.33358005777100946,0.9390100558607418,0.08357308208924934]
2007-01-01T00:00:00.000Z,10,177.0,3.27157,-70.34153,[0.34835495005228134,0.9326134276838269,0.0942391812246698]
2007-01-01T00:00:00.000Z,10,174.0,3.77157,-70.34153,[0.3489700145831877,0.9318241878763842,0.09961732685796672]
2007-01-01T00:00:00.000Z,10,118.0,4.27157,-70.34153,[0.35678383794971935,0.9283917473409952,0.10389444858606264]
2007-01-01T00:00:00.000Z,10,116.0,4.77157,-70.34153,[0.35812466035429097,0.9280977113406977,0.10188898787544617]
2007-01-01T00:00:00.000Z,10,124.0,5.27157,-70.34153,[0.3595041882885847,0.928197224814778,0.09595129206587313]
2007-01-01T00:00:00.000Z,10,105.0,5.77157,-70.34153,[0.35513566783197975,0.9308292767385575,0.08622943232972982]
2007-01-01T00:00:00.000Z,5,104.0,6.27157,-70.34153,[0.34721288069266265,0.9353742017236499,0.06721843668925569]
2007-01-01T00:00:00.000Z,4,109.0,6.77157,-70.34153,[0.3536830896123024,0.9343755381601606,0.043018900615964445]
2007-01-01T00:00:00.000Z,8,140.0,-3.72843,-69.84153,[0.28127316557519316,0.9593233061633013,0.02417024160456032]
2007-01-01T00:00:00.000Z,2,128.0,-3.22843,-69.84153,[0.2855454233202016,0.9583077464458282,0.01049163108411347]
2007-01-01T00:00:00.000Z,2,61.0,-2.72843,-69.84153,[0.28985539366700247,0.9570696960702912,0.0012031733322026518]
2007-01-01T00:00:00.000Z,2,111.0,-2.22843,-69.84153,[0.2857438642151764,0.9582740997634434,0.007822645712354638]
2007-01-01T00:00:00.000Z,2,145.0,-1.72843,-69.84153,[0.2907538212847455,0.9567446496615021,0.010094094927621353]
2007-01-01T00:00:00.000Z,2,68.0,-1.22843,-69.84153,[0.29075445831104296,0.9567467458386018,0.0098746797162241]
2007-01-01T00:00:00.000Z,2,122.0,-0.72843,-69.84153,[0.29236586587477603,0.9562342229738916,0.011760581822782345]
2007-01-01T00:00:00.000Z,2,188.0,0.77157,-69.84153,[0.30278735270044443,0.9528896099690456,0.017922339626754248]
2007-01-01T00:00:00.000Z,0,195.0,1.77157,-69.84153,[0.3115655059716186,0.9494250691062414,0.03897401238335883]
2007-01-01T00:00:00.000Z,5,182.0,2.27157,-69.84153,[0.3202262378295546,0.9457577776758174,0.05474835679021418]
2007-01-01T00:00:00.000Z,5,180.0,2.77157,-69.84153,[0.33147533379209027,0.9403555568569937,0.07652143343923785]
2007-01-01T00:00:00.000Z,10,198.0,3.27157,-69.84153,[0.3399195396780691,0.9356795809512928,0.09464897429905246]
2007-01-01T00:00:00.000Z,10,149.0,3.77157,-69.84153,[0.34738331322080884,0.9320636784304802,0.10286949521785221]
2007-01-01T00:00:00.000Z,10,188.0,4.27157,-69.84153,[0.35448905979835316,0.9291344830504205,0.10510289667705558]
2007-01-01T00:00:00.000Z,10,143.0,4.77157,-69.84153,[0.3594060425804994,0.927418389595834,0.10354915352668934]
2007-01-01T00:00:00.000Z,10,100.0,5.27157,-69.84153,[0.3589078379013318,0.9281230755553739,0.09885707114124402]
2007-01-01T00:00:00.000Z,10,112.0,5.77157,-69.84153,[0.3526518382838665,0.9316511330548954,0.08753769035415125]
2007-01-01T00:00:00.000Z,5,98.0,6.27157,-69.84153,[0.35237046159635105,0.9334068610371428,0.06772510290256109]
2007-01-01T00:00:00.000Z,2,169.0,0.77157,-69.34153,[0.3044503832671471,0.9523832502203062,0.01661652274974539]
2007-01-01T00:00:00.000Z,2,182.0,1.77157,-69.34153,[0.31134358908621207,0.9498235580093861,0.030006302426424786]
2007-01-01T00:00:00.000Z,4,167.0,2.27157,-69.34153,[0.32111876269142137,0.9461534972157951,0.04094264224315622]
2007-01-01T00:00:00.000Z,5,128.0,2.77157,-69.34153,[0.33346989500650215,0.9403144035872392,0.0678723178529135]
2007-01-01T00:00:00.000Z,10,182.0,3.27157,-69.34153,[0.34059486317997567,0.9354365960576797,0.09462300952429606]
2007-01-01T00:00:00.000Z,10,123.0,3.77157,-69.34153,[0.3510305330026745,0.9303536504056897,0.10592284964381403]
2007-01-01T00:00:00.000Z,10,172.0,4.27157,-69.34153,[0.3597796771117348,0.9269323625587057,0.106559744644552]
2007-01-01T00:00:00.000Z,10,142.0,4.77157,-69.34153,[0.37169857329732553,0.9222212024765258,0.10652804471820257]
2007-01-01T00:00:00.000Z,10,117.0,5.27157,-69.34153,[0.363389652082074,0.9261389049591748,0.10106774698532683]
2007-01-01T00:00:00.000Z,10,83.0,5.77157,-69.34153,[0.35994353717502137,0.9288053511719082,0.08809806853934089]
2007-01-01T00:00:00.000Z,2,139.0,1.77157,-68.84153,[0.3133877016959895,0.9492140134401994,0.027944679537512427]
2007-01-01T00:00:00.000Z,4,178.0,2.27157,-68.84153,[0.31839485411966634,0.947196161001158,0.03800196645944405]
2007-01-01T00:00:00.000Z,5,155.0,2.77157,-68.84153,[0.3288537809994255,0.9422477129345243,0.06343845988074025]
2007-01-01T00:00:00.000Z,10,154.0,3.27157,-68.84153,[0.34618607404955404,0.9336167990047208,0.09227607897139682]
2007-01-01T00:00:00.000Z,10,118.0,3.77157,-68.84153,[0.35421576828985324,0.9290503541996843,0.1067549945261115]
2007-01-01T00:00:00.000Z,10,168.0,4.27157,-68.84153,[0.37374155157779565,0.9210512135493473,0.10946193239431033]
2007-01-01T00:00:00.000Z,3,130.0,4.77157,-68.84153,[0.38791812975659756,0.9151222993922419,0.10986674547468736]
2007-01-01T00:00:00.000Z,3,118.0,5.27157,-68.84153,[0.3789357338972331,0.9195334703103506,0.10423965922224229]
2007-01-01T00:00:00.000Z,3,76.0,5.77157,-68.84153,[0.38147695469902154,0.9199563295292732,0.09030883009201326]
2007-01-01T00:00:00.000Z,2,140.0,1.77157,-68.34153,[0.3113477729187264,0.9498363217303174,0.029555476994458808]
2007-01-01T00:00:00.000Z,0,115.0,2.27157,-68.34153,[0.3122763901785328,0.9492749686948879,0.03688481999934844]
2007-01-01T00:00:00.000Z,5,126.0,2.77157,-68.34153,[0.3290383920629825,0.9427766694570563,0.053906289763509904]
2007-01-01T00:00:00.000Z,5,132.0,3.27157,-68.34153,[0.34358524144373415,0.9358493114848564,0.07832782427318694]
2007-01-01T00:00:00.000Z,10,110.0,3.77157,-68.34153,[0.36022935791122296,0.9271882786099863,0.10274583060698113]
2007-01-01T00:00:00.000Z,3,121.0,4.27157,-68.34153,[0.38140005704448154,0.9176638956405814,0.11147632539790048]
2007-01-01T00:00:00.000Z,3,109.0,4.77157,-68.34153,[0.3998512859930019,0.9095954750900408,0.11293812812981145]
2007-01-01T00:00:00.000Z,3,89.0,5.27157,-68.34153,[0.40016435533318334,0.9100727813597481,0.10787039143764074]
2007-01-01T00:00:00.000Z,3,65.0,5.77157,-68.34153,[0.4030892922594684,0.9099841882111745,0.0971997925481862]
2007-01-01T00:00:00.000Z,4,136.0,2.27157,-67.84153,[0.31840576847098767,0.9472286302183505,0.03709027768927276]
2007-01-01T00:00:00.000Z,5,120.0,2.77157,-67.84153,[0.33310380540546797,0.9416361990260579,0.04861196877472024]
2007-01-01T00:00:00.000Z,5,103.0,3.27157,-67.84153,[0.34854793267222917,0.9343020973019476,0.07479257721924916]
2007-01-01T00:00:00.000Z,10,95.0,3.77157,-67.84153,[0.36512221944591006,0.9253097342122378,0.10240928004321928]
2007-01-01T00:00:00.000Z,3,110.0,4.27157,-67.84153,[0.3850921815248798,0.9158949182213357,0.11331597638789537]
2007-01-01T00:00:00.000Z,3,101.0,4.77157,-67.84153,[0.40543609932383085,0.9068254088209682,0.11527899757440922]
2007-01-01T00:00:00.000Z,3,80.0,5.77157,-67.84153,[0.4216415022315086,0.9009073431013233,0.1028805265444881]
2007-01-01T00:00:00.000Z,3,54.0,6.27157,-67.84153,[0.40152500447882294,0.9123085135777338,0.0804415740265397]
2007-01-01T00:00:00.000Z,4,114.0,2.27157,-67.34153,[0.3285274163946501,0.9437907757203199,0.03645145185438874]
