2005-05-01T00:00:00.000Z,2,10.0,1.77157,-78.84153,[0.2854110807399776,0.958403745831131,0.001665823428443449]
2005-05-01T00:00:00.000Z,2,235.0,1.27157,-78.34153,[0.2858041720068534,0.9582845767288612,0.002577841551434364]
2005-05-01T00:00:00.000Z,2,57.0,1.77157,-78.34153,[0.28991383638838925,0.9570514676141808,0.0015671018183156177]
2005-05-01T00:00:00.000Z,8,1772.0,1.27157,-77.84153,[0.25628713456625124,0.9666001842477149,9.942173323690782E-4]
2005-05-01T00:00:00.000Z,2,528.0,1.77157,-77.84153,[0.28704157340025327,0.9579178089054963,7.787949665898345E-4]
2005-05-01T00:00:00.000Z,2,116.0,2.27157,-77.84153,[0.2892718521098018,0.9572469304549549,3.3122731157610895E-4]
2005-05-01T00:00:00.000Z,9,167.0,7.27157,-77.84153,[0.26228881653413105,0.9624307380889485,0.07022571539462218]
2005-05-01T00:00:00.000Z,11,2201.0,0.77157,-77.34153,[0.17477550479370613,0.9846048624092636,0.002605349139781954]
2005-05-01T00:00:00.000Z,1,2447.0,1.27157,-77.34153,[0.21704547435389784,0.9761592942047166,0.0020722934737306834]
2005-05-01T00:00:00.000Z,1,1706.0,1.77157,-77.34153,[0.20438353415690078,0.9788895583304195,0.001613554217028164]
2005-05-01T00:00:00.000Z,8,2096.0,2.27157,-77.34153,[0.2672432583339713,0.9636281804656475,0.0013306718257293175]
2005-05-01T00:00:00.000Z,2,57.0,2.77157,-77.34153,[0.28877340262047674,0.957394896380196,0.0022213338663113597]
2005-05-01T00:00:00.000Z,8,74.0,3.27157,-77.34153,[0.2815772917930577,0.9595287712640349,0.00433195833527781]
2005-05-01T00:00:00.000Z,8,28.0,4.27157,-77.34153,[0.28044477602474627,0.9596969521759378,0.018234242091342816]
2005-05-01T00:00:00.000Z,0,14.0,5.27157,-77.34153,[0.2671490458524301,0.9627842083858168,0.04096285369737262]
2005-05-01T00:00:00.000Z,0,499.0,6.27157,-77.34153,[0.277799628877983,0.958891383076899,0.05791961374289994]
2005-05-01T00:00:00.000Z,9,695.0,6.77157,-77.34153,[0.29114068527814413,0.9544160810621867,0.0657802826511897]
2005-05-01T00:00:00.000Z,9,345.0,7.27157,-77.34153,[0.2865981172590138,0.9553270575300461,0.07219232877925917]
2005-05-01T00:00:00.000Z,8,279.0,0.27157,-76.84153,[0.25691024341528207,0.9664198092728059,0.0054661753918145125]
2005-05-01T00:00:00.000Z,1,485.0,0.77157,-76.84153,[0.1888457212109264,0.9819977502968172,0.00420856178698636]
2005-05-01T00:00:00.000Z,11,3335.0,1.27157,-76.84153,[0.1576920910626288,0.9874787495508065,0.004350126650003553]
2005-05-01T00:00:00.000Z,11,2008.0,1.77157,-76.84153,[0.16074680988856274,0.9869854127157751,0.0045009106768797566]
2005-05-01T00:00:00.000Z,1,1013.0,2.27157,-76.84153,[0.20325450383670268,0.9791184700950838,0.003824681523808921]
2005-05-01T00:00:00.000Z,8,2856.0,2.77157,-76.84153,[0.2459994235822693,0.969260401672075,0.004307824007431444]
2005-05-01T00:00:00.000Z,8,1911.0,3.27157,-76.84153,[0.2514624241051074,0.9678509301112131,0.005588053869002386]
2005-05-01T00:00:00.000Z,8,794.0,3.77157,-76.84153,[0.27281498717818375,0.9620317968914901,0.00817340447416421]
2005-05-01T00:00:00.000Z,8,70.0,4.27157,-76.84153,[0.28421356674498743,0.9586742232129,0.012898923413810968]
2005-05-01T00:00:00.000Z,0,24.0,4.77157,-76.84153,[0.28652290630768384,0.9576183826785327,0.02952384319748377]
2005-05-01T00:00:00.000Z,0,133.0,5.27157,-76.84153,[0.2882224128547197,0.9567230662439935,0.040110039203356436]
2005-05-01T00:00:00.000Z,0,76.0,5.77157,-76.84153,[0.2812581361181963,0.9582399288678083,0.05167300640311048]
2005-05-01T00:00:00.000Z,0,38.0,6.27157,-76.84153,[0.2774220572130069,0.9589628591851184,0.0585426073488865]
2005-05-01T00:00:00.000Z,9,20.0,6.77157,-76.84153,[0.2971025534320477,0.9525085608158532,0.06676461874877476]
2005-05-01T00:00:00.000Z,9,15.0,7.27157,-76.84153,[0.29764762031127134,0.9518060097267146,0.07396765489824877]
2005-05-01T00:00:00.000Z,9,8.0,7.77157,-76.84153,[0.30780506461027535,0.9479503801403407,0.08152373269206929]
2005-05-01T00:00:00.000Z,8,294.0,0.77157,-76.34153,[0.2466513114755044,0.9690655970859818,0.00866020160291771]
2005-05-01T00:00:00.000Z,1,1412.0,1.27157,-76.34153,[0.18656224316499162,0.9824173614064009,0.007117403496467889]
2005-05-01T00:00:00.000Z,11,2388.0,1.77157,-76.34153,[0.14188263577614293,0.9898530761569971,0.007759206644007816]
2005-05-01T00:00:00.000Z,11,3852.0,2.27157,-76.34153,[0.14963731502780164,0.9887147037392523,0.007204759612449709]
2005-05-01T00:00:00.000Z,1,2450.0,2.77157,-76.34153,[0.210058168372805,0.9776643474798106,0.006927450233571229]
2005-05-01T00:00:00.000Z,1,990.0,3.27157,-76.34153,[0.2166874791854016,0.9762106021033042,0.007706925806078717]
2005-05-01T00:00:00.000Z,1,962.0,3.77157,-76.34153,[0.23645446676775833,0.9715925245860022,0.009861608092683759]
2005-05-01T00:00:00.000Z,1,1899.0,4.27157,-76.34153,[0.20368175815491688,0.9789521151110664,0.012903399338609916]
2005-05-01T00:00:00.000Z,1,1358.0,4.77157,-76.34153,[0.23835028112248205,0.9708947231044223,0.02350702313822644]
2005-05-01T00:00:00.000Z,1,407.0,5.27157,-76.34153,[0.2253393248983966,0.9735533939785095,0.03762947949759632]
2005-05-01T00:00:00.000Z,6,480.0,5.77157,-76.34153,[0.21687246970610774,0.9748196214851066,0.05189448382253292]
2005-05-01T00:00:00.000Z,6,1095.0,6.27157,-76.34153,[0.217599432303626,0.9742768551885969,0.05860969633906711]
2005-05-01T00:00:00.000Z,6,1485.0,6.77157,-76.34153,[0.24482212298096342,0.9673723708938067,0.06521368054625662]
2005-05-01T00:00:00.000Z,9,827.0,7.27157,-76.34153,[0.2822926438155405,0.956473899045596,0.07394960237991413]
2005-05-01T00:00:00.000Z,9,201.0,7.77157,-76.34153,[0.3003171677986123,0.9502573070642657,0.08258722114461838]
2005-05-01T00:00:00.000Z,9,165.0,8.27157,-76.34153,[0.3017117533296939,0.9493421102937988,0.08786111498062514]
2005-05-01T00:00:00.000Z,7,99.0,8.77157,-76.34153,[0.31381770014265614,0.9448154329294968,0.09403323229274589]
2005-05-01T00:00:00.000Z,8,267.0,0.27157,-75.84153,[0.28248674457767375,0.9591150734870425,0.01730650016187329]
2005-05-01T00:00:00.000Z,8,241.0,0.77157,-75.84153,[0.2771931062662112,0.9607134566575913,0.013915316579629076]
2005-05-01T00:00:00.000Z,1,250.0,1.27157,-75.84153,[0.22548605794726406,0.9741873377333252,0.010727006640209648]
2005-05-01T00:00:00.000Z,1,1712.0,1.77157,-75.84153,[0.2406418864149341,0.9705509257777671,0.01106268387784294]
2005-05-01T00:00:00.000Z,1,1262.0,2.27157,-75.84153,[0.21082577901757618,0.977464975445126,0.010710400538326063]
2005-05-01T00:00:00.000Z,11,2705.0,2.77157,-75.84153,[0.17459618787275397,0.984589894902682,0.009945352473764466]
2005-05-01T00:00:00.000Z,11,1867.0,3.27157,-75.84153,[0.15460298709742187,0.9879240523033838,0.010197218297915062]
2005-05-01T00:00:00.000Z,11,3782.0,3.77157,-75.84153,[0.17371145075519814,0.9847267864685295,0.011725522925975876]
2005-05-01T00:00:00.000Z,1,2035.0,4.27157,-75.84153,[0.22319844103001676,0.9746705791712793,0.014132162597880459]
2005-05-01T00:00:00.000Z,1,1185.0,4.77157,-75.84153,[0.22874964448200882,0.973307310835214,0.01861394165883013]
2005-05-01T00:00:00.000Z,8,1530.0,5.27157,-75.84153,[0.24485200797278997,0.9689641073804721,0.034000776462572255]
2005-05-01T00:00:00.000Z,6,1704.0,5.77157,-75.84153,[0.236316877903026,0.9702054736018706,0.053438489978071206]
2005-05-01T00:00:00.000Z,6,488.0,6.27157,-75.84153,[0.20033705492891993,0.9779164715174398,0.05953519259469598]
2005-05-01T00:00:00.000Z,6,896.0,6.77157,-75.84153,[0.2095220908877507,0.9755872356960893,0.06580303166943421]
2005-05-01T00:00:00.000Z,9,2421.0,7.27157,-75.84153,[0.26369686288634203,0.9617823339298532,0.07374758737983175]
2005-05-01T00:00:00.000Z,7,131.0,7.77157,-75.84153,[0.31166964260827157,0.9463837322995693,0.08496978942641564]
2005-05-01T00:00:00.000Z,7,43.0,8.27157,-75.84153,[0.3095131082616198,0.9465473601746264,0.09082802849713717]
2005-05-01T00:00:00.000Z,7,10.0,8.77157,-75.84153,[0.3137710215519858,0.9446748970297285,0.09558810049422994]
2005-05-01T00:00:00.000Z,7,155.0,9.27157,-75.84153,[0.316049042567373,0.9436482089467114,0.09818890183676747]
2005-05-01T00:00:00.000Z,8,228.0,0.27157,-75.34153,[0.2848010275851599,0.9582716928159498,0.024571069046562817]
2005-05-01T00:00:00.000Z,8,189.0,0.77157,-75.34153,[0.28153481660148205,0.9592213909505042,0.02514895990195057]
2005-05-01T00:00:00.000Z,8,244.0,1.27157,-75.34153,[0.2761277018818124,0.9608346049220787,0.02345962995662552]
2005-05-01T00:00:00.000Z,1,1357.0,1.77157,-75.34153,[0.21971523287029382,0.9754024731969104,0.017754766292548997]
2005-05-01T00:00:00.000Z,8,2437.0,2.27157,-75.34153,[0.25741535567644963,0.9661891432239342,0.014692657287468585]
2005-05-01T00:00:00.000Z,2,485.0,2.77157,-75.34153,[0.2985926497799648,0.9542777337865813,0.014015573357018755]
2005-05-01T00:00:00.000Z,2,694.0,3.27157,-75.34153,[0.2999535458321767,0.953852275746322,0.013917844526612998]
2005-05-01T00:00:00.000Z,8,442.0,3.77157,-75.34153,[0.24383264754091574,0.9697123263954391,0.014270389971288619]
2005-05-01T00:00:00.000Z,11,2270.0,4.27157,-75.34153,[0.13689364775667023,0.9904658043570845,0.015414914957473791]
2005-05-01T00:00:00.000Z,11,4229.0,4.77157,-75.34153,[0.17024848192311104,0.9852444405485845,0.017574036843675978]
2005-05-01T00:00:00.000Z,1,3209.0,5.27157,-75.34153,[0.19366677284183306,0.9807195299141662,0.02612249494145655]
2005-05-01T00:00:00.000Z,1,1992.0,5.77157,-75.34153,[0.21152428286930552,0.9764418247047942,0.04264786892445998]
2005-05-01T00:00:00.000Z,6,2185.0,6.27157,-75.34153,[0.21850071764879836,0.9742428905474773,0.05575147177121402]
2005-05-01T00:00:00.000Z,6,2092.0,6.77157,-75.34153,[0.255141803361133,0.9647207242968161,0.0649352314992068]
2005-05-01T00:00:00.000Z,9,869.0,7.27157,-75.34153,[0.30913801790514545,0.9478717166650416,0.07728450447628636]
2005-05-01T00:00:00.000Z,5,83.0,7.77157,-75.34153,[0.3212116140616345,0.9429855241380841,0.08718600953101507]
2005-05-01T00:00:00.000Z,7,30.0,8.27157,-75.34153,[0.327260934977154,0.9401524386446156,0.09494036311528038]
2005-05-01T00:00:00.000Z,7,74.0,8.77157,-75.34153,[0.3208442864918254,0.9419071553438588,0.09934714156729021]
2005-05-01T00:00:00.000Z,7,180.0,9.27157,-75.34153,[0.30925470821331674,0.9457571258450886,0.09952378791592192]
2005-05-01T00:00:00.000Z,7,136.0,9.77157,-75.34153,[0.3143386664096586,0.9441346421699353,0.09899990027492804]
2005-05-01T00:00:00.000Z,7,79.0,10.27157,-75.34153,[0.3137109024769705,0.9444700574572623,0.09778435577207696]
2005-05-01T00:00:00.000Z,0,205.0,0.27157,-74.84153,[0.2864069313372423,0.957673176658904,0.028864448548831453]
2005-05-01T00:00:00.000Z,0,239.0,0.77157,-74.84153,[0.28312363908946087,0.9586075969170722,0.030207285902851926]
2005-05-01T00:00:00.000Z,8,226.0,1.27157,-74.84153,[0.28314200336152295,0.958669775161062,0.02797978064714262]
2005-05-01T00:00:00.000Z,8,258.0,1.77157,-74.84153,[0.28049889431591907,0.95960148055446,0.02203108724586571]
2005-05-01T00:00:00.000Z,1,576.0,2.27157,-74.84153,[0.21161083950033263,0.9771767562266669,0.018612890594793652]
2005-05-01T00:00:00.000Z,1,1998.0,2.77157,-74.84153,[0.23381774890380896,0.972128965885787,0.017161992407225386]
2005-05-01T00:00:00.000Z,1,2106.0,3.27157,-74.84153,[0.23559678566243916,0.9716958336891032,0.017359763154074465]
2005-05-01T00:00:00.000Z,2,361.0,3.77157,-74.84153,[0.30644648360037335,0.9516599783683468,0.020828784432212873]
2005-05-01T00:00:00.000Z,2,289.0,4.27157,-74.84153,[0.28749473830172767,0.9575334957314684,0.02182613115270259]
2005-05-01T00:00:00.000Z,2,277.0,4.77157,-74.84153,[0.3015530511812016,0.953144153929602,0.02412424409449613]
2005-05-01T00:00:00.000Z,2,325.0,5.27157,-74.84153,[0.311506318850215,0.949800398607448,0.029034739907925704]
2005-05-01T00:00:00.000Z,0,379.0,5.77157,-74.84153,[0.2898353708634698,0.9562285070219988,0.040280270045198754]
2005-05-01T00:00:00.000Z,0,978.0,6.27157,-74.84153,[0.26615877976004354,0.9626075867988242,0.05045926866284159]
2005-05-01T00:00:00.000Z,0,1143.0,6.77157,-74.84153,[0.2835985199999987,0.9568658725984208,0.06308392275590523]
2005-05-01T00:00:00.000Z,9,322.0,7.27157,-74.84153,[0.30942707668844444,0.9476917846915457,0.07832729690342173]
2005-05-01T00:00:00.000Z,5,55.0,7.77157,-74.84153,[0.3327609152921084,0.9385263843273901,0.09186075971444119]
2005-05-01T00:00:00.000Z,10,27.0,8.27157,-74.84153,[0.3389932121717168,0.935479526271776,0.09980810602268315]
2005-05-01T00:00:00.000Z,10,14.0,8.77157,-74.84153,[0.34357492247868054,0.9332398413348244,0.10497462164314011]
2005-05-01T00:00:00.000Z,10,48.0,9.27157,-74.84153,[0.33581675351713625,0.9360745742637945,0.10484035231754499]
2005-05-01T00:00:00.000Z,7,15.0,9.77157,-74.84153,[0.3196927049666331,0.9420731837846529,0.10146275565430377]
2005-05-01T00:00:00.000Z,7,5.0,10.27157,-74.84153,[0.32688591008304385,0.9395112520568603,0.10229471661689657]
2005-05-01T00:00:00.000Z,2,171.0,-0.72843,-74.34153,[0.29743826296358866,0.9545167070010222,0.020696274571230692]
2005-05-01T00:00:00.000Z,2,219.0,-0.22843,-74.34153,[0.2887901485221465,0.9570371201024623,0.026080660699868273]
2005-05-01T00:00:00.000Z,0,201.0,0.27157,-74.34153,[0.2854730755803755,0.9578959840763381,0.030666053040860647]
2005-05-01T00:00:00.000Z,0,242.0,0.77157,-74.34153,[0.2845315455055088,0.9580710633818303,0.033788121028779164]
2005-05-01T00:00:00.000Z,0,251.0,1.27157,-74.34153,[0.28455121509382253,0.9581372945737305,0.03167855324286696]
2005-05-01T00:00:00.000Z,2,298.0,1.77157,-74.34153,[0.29288762408454505,0.9558580599968486,0.023499123327713495]
2005-05-01T00:00:00.000Z,2,313.0,2.27157,-74.34153,[0.29116406234630837,0.9563531059675188,0.024743191068955058]
2005-05-01T00:00:00.000Z,8,364.0,2.77157,-74.34153,[0.25966527189358185,0.9654514954986041,0.021848487635098737]
2005-05-01T00:00:00.000Z,11,899.0,3.27157,-74.34153,[0.1539706234081618,0.9876930360849491,0.027486607586197778]
2005-05-01T00:00:00.000Z,11,3444.0,3.77157,-74.34153,[0.1502636901856186,0.9882727316054146,0.027163051687400287]
2005-05-01T00:00:00.000Z,11,2263.0,4.27157,-74.34153,[0.1733346857771455,0.9844521256317366,0.028444666383941827]
2005-05-01T00:00:00.000Z,1,2655.0,4.77157,-74.34153,[0.20696956229770838,0.9779038049304423,0.029457572623324633]
2005-05-01T00:00:00.000Z,8,1104.0,5.27157,-74.34153,[0.2775834548464201,0.9601657208622073,0.032081366502741994]
2005-05-01T00:00:00.000Z,0,744.0,5.77157,-74.34153,[0.3083834840032446,0.9503714060917837,0.04115601143389027]
2005-05-01T00:00:00.000Z,5,119.0,6.27157,-74.34153,[0.32316406220043803,0.9451680098765499,0.04714257108085244]
2005-05-01T00:00:00.000Z,0,97.0,6.77157,-74.34153,[0.2816665877618171,0.9578899433011003,0.055774455275058234]
2005-05-01T00:00:00.000Z,9,575.0,7.27157,-74.34153,[0.2749665550898862,0.9584866555967289,0.07547664953479467]
2005-05-01T00:00:00.000Z,7,1234.0,7.77157,-74.34153,[0.3120365279164786,0.9453894804904465,0.09419095192125675]
2005-05-01T00:00:00.000Z,10,715.0,8.27157,-74.34153,[0.3389447054844374,0.935060743451822,0.10381663007145703]
2005-05-01T00:00:00.000Z,10,14.0,8.77157,-74.34153,[0.3508793411569809,0.9300705823818604,0.10886872708500846]
2005-05-01T00:00:00.000Z,10,37.0,9.27157,-74.34153,[0.3351498834738111,0.9360677447198372,0.10701276981093617]
2005-05-01T00:00:00.000Z,7,95.0,9.77157,-74.34153,[0.32239293816384473,0.9408843549959014,0.10392027687621803]
2005-05-01T00:00:00.000Z,7,119.0,10.27157,-74.34153,[0.31621106240888175,0.9429663223089235,0.104043639889374]
2005-05-01T00:00:00.000Z,9,5.0,10.77157,-74.34153,[0.2881109900048663,0.9521167872817065,0.10230191012282165]
2005-05-01T00:00:00.000Z,2,156.0,-1.22843,-73.84153,[0.3015432143426005,0.9533753506095,0.012129745840097088]
2005-05-01T00:00:00.000Z,2,195.0,-0.72843,-73.84153,[0.29222494952969064,0.9561689919477233,0.0185859546444171]
2005-05-01T00:00:00.000Z,8,174.0,-0.22843,-73.84153,[0.2846073778584903,0.9583264051328851,0.02468079604866595]
2005-05-01T00:00:00.000Z,0,241.0,0.27157,-73.84153,[0.28114299932551423,0.9591937624046957,0.030098838751319763]
2005-05-01T00:00:00.000Z,0,232.0,0.77157,-73.84153,[0.2827074648866702,0.958554998131366,0.035338433110833775]
2005-05-01T00:00:00.000Z,0,267.0,1.27157,-73.84153,[0.2843109549301143,0.9580283539668443,0.03672810779641943]
2005-05-01T00:00:00.000Z,8,265.0,1.77157,-73.84153,[0.27021384190827746,0.9622249004538659,0.03328243662528783]
2005-05-01T00:00:00.000Z,8,554.0,2.27157,-73.84153,[0.25508793927985235,0.9664754251163373,0.02924715165881066]
2005-05-01T00:00:00.000Z,0,995.0,2.77157,-73.84153,[0.2844229492680811,0.9579364931348971,0.038226444381630094]
2005-05-01T00:00:00.000Z,0,363.0,3.27157,-73.84153,[0.26606562398326616,0.9627967918716496,0.04723792222414768]
2005-05-01T00:00:00.000Z,6,545.0,3.77157,-73.84153,[0.2068395336143589,0.9768671451678147,0.05429537757376922]
2005-05-01T00:00:00.000Z,11,1499.0,4.27157,-73.84153,[0.15825002752626466,0.9855718626084278,0.06004192220849453]
2005-05-01T00:00:00.000Z,11,3610.0,4.77157,-73.84153,[0.1482955403452058,0.9870921904227762,0.060476775047029245]
2005-05-01T00:00:00.000Z,11,2585.0,5.27157,-73.84153,[0.17320613016830216,0.9833284731706775,0.05536018717404594]
2005-05-01T00:00:00.000Z,0,2622.0,5.77157,-73.84153,[0.25566193313201363,0.9654601948537882,0.050235327211904435]
2005-05-01T00:00:00.000Z,4,616.0,6.27157,-73.84153,[0.31563464898532984,0.9480686504577804,0.039250508010352826]
2005-05-01T00:00:00.000Z,5,101.0,6.77157,-73.84153,[0.3433593458222281,0.937635136668392,0.054265183325750734]
2005-05-01T00:00:00.000Z,5,89.0,7.27157,-73.84153,[0.34545563145283503,0.9352579290552363,0.07715576995166107]
2005-05-01T00:00:00.000Z,10,59.0,7.77157,-73.84153,[0.33735589360400425,0.9363105678623416,0.09753728292270158]
2005-05-01T00:00:00.000Z,10,38.0,8.27157,-73.84153,[0.3443314941407303,0.9325644632978112,0.10844050874501471]
2005-05-01T00:00:00.000Z,10,29.0,8.77157,-73.84153,[0.3478516342373964,0.9308029936835157,0.11227211367110448]
2005-05-01T00:00:00.000Z,10,52.0,9.27157,-73.84153,[0.3434665358232797,0.9326070521312664,0.11079180964577319]
2005-05-01T00:00:00.000Z,9,46.0,9.77157,-73.84153,[0.2817610402805237,0.9539940733907495,0.10249889811779682]
2005-05-01T00:00:00.000Z,11,931.0,10.27157,-73.84153,[0.14772739592742937,0.9841407815021552,0.0982015207460034]
2005-05-01T00:00:00.000Z,9,2665.0,10.77157,-73.84153,[0.28595870224553677,0.9528233320915737,0.10176108505690781]
2005-05-01T00:00:00.000Z,2,139.0,-1.72843,-73.34153,[0.2986538449574308,0.9543449932850232,0.005613794078147195]
2005-05-01T00:00:00.000Z,2,199.0,-1.22843,-73.34153,[0.29532672552426925,0.9553372105974468,0.010627287471517265]
2005-05-01T00:00:00.000Z,2,223.0,-0.72843,-73.34153,[0.2920094141632984,0.9562751043973664,0.016383734306108726]
2005-05-01T00:00:00.000Z,8,171.0,-0.22843,-73.34153,[0.28514411050467653,0.9582168364633898,0.02265679947808476]
2005-05-01T00:00:00.000Z,8,209.0,0.27157,-73.34153,[0.2818691564249532,0.9590157626802117,0.0289576516170948]
2005-05-01T00:00:00.000Z,0,237.0,0.77157,-73.34153,[0.2754179928815541,0.9606841894558971,0.03508300623610273]
2005-05-01T00:00:00.000Z,0,249.0,1.27157,-73.34153,[0.27450980392156865,0.9607843137254902,0.0392156862745098]
2005-05-01T00:00:00.000Z,0,294.0,1.77157,-73.34153,[0.2858702966119982,0.9573330863285521,0.042326532289063294]
2005-05-01T00:00:00.000Z,0,229.0,2.27157,-73.34153,[0.2929560922160165,0.9551940018231034,0.042203636273265205]
2005-05-01T00:00:00.000Z,0,267.0,2.77157,-73.34153,[0.2957752506347946,0.9541868238869619,0.045216216476353654]
2005-05-01T00:00:00.000Z,0,234.0,3.27157,-73.34153,[0.29549977442373265,0.9535550413135065,0.058418032328384065]
2005-05-01T00:00:00.000Z,0,256.0,3.77157,-73.34153,[0.29562981653834364,0.9530922656738107,0.06494724540938902]
2005-05-01T00:00:00.000Z,6,300.0,4.27157,-73.34153,[0.2346398007710797,0.9698445098537961,0.06592261069282716]
2005-05-01T00:00:00.000Z,11,1229.0,4.77157,-73.34153,[0.17532594800499532,0.9822748625408072,0.0663091726429149]
2005-05-01T00:00:00.000Z,11,2684.0,5.27157,-73.34153,[0.15347183833587213,0.9857614231573326,0.06870816147036737]
2005-05-01T00:00:00.000Z,6,3515.0,5.77157,-73.34153,[0.2217142992037781,0.9732689236842772,0.059919710605328746]
2005-05-01T00:00:00.000Z,1,1301.0,6.27157,-73.34153,[0.23352474754498248,0.9715082943983009,0.040470065472601326]
2005-05-01T00:00:00.000Z,0,1945.0,6.77157,-73.34153,[0.2987756988217129,0.9532367533835603,0.045527725534737204]
2005-05-01T00:00:00.000Z,6,351.0,7.27157,-73.34153,[0.2503438760265793,0.9659386997372582,0.06550093194668036]
2005-05-01T00:00:00.000Z,9,325.0,7.77157,-73.34153,[0.2529920666193559,0.9622940250864086,0.09992609024006525]
2005-05-01T00:00:00.000Z,9,1339.0,8.27157,-73.34153,[0.27119250252526655,0.956611527895033,0.10653173833376506]
2005-05-01T00:00:00.000Z,9,1230.0,8.77157,-73.34153,[0.27771389041155303,0.9544289621490925,0.10927191443132128]
2005-05-01T00:00:00.000Z,7,809.0,9.27157,-73.34153,[0.2933829926138988,0.9497846297850732,0.1087914365607181]
2005-05-01T00:00:00.000Z,9,74.0,9.77157,-73.34153,[0.28161506471386183,0.9536765139712452,0.10580199443233931]
2005-05-01T00:00:00.000Z,6,99.0,10.27157,-73.34153,[0.23626326387889035,0.9665315340500059,0.09998231757783951]
2005-05-01T00:00:00.000Z,7,1426.0,10.77157,-73.34153,[0.3038086607035905,0.9469658631742104,0.10467068197070875]
2005-05-01T00:00:00.000Z,2,146.0,-2.22843,-72.84153,[0.29354067227419284,0.9559456610287864,0.0013292407801095522]
2005-05-01T00:00:00.000Z,2,165.0,-1.72843,-72.84153,[0.2935390875187019,0.9559405001080744,0.0035446229436220606]
2005-05-01T00:00:00.000Z,2,168.0,-1.22843,-72.84153,[0.2934489949566539,0.9559323320557666,0.009003548708897337]
2005-05-01T00:00:00.000Z,2,178.0,-0.72843,-72.84153,[0.2885341161209858,0.9573584082788263,0.014592530010716523]
2005-05-01T00:00:00.000Z,2,191.0,-0.22843,-72.84153,[0.2877946914747457,0.9574708004832886,0.0205883894670395]
2005-05-01T00:00:00.000Z,8,247.0,0.27157,-72.84153,[0.27779970685846334,0.9602682780383104,0.0266862710525453]
2005-05-01T00:00:00.000Z,8,264.0,0.77157,-72.84153,[0.2718472846134363,0.9617545367997268,0.0335747642351256]
2005-05-01T00:00:00.000Z,0,246.0,1.27157,-72.84153,[0.27335105540649707,0.9610675995641127,0.04035182246476862]
2005-05-01T00:00:00.000Z,0,259.0,1.77157,-72.84153,[0.2775987369019434,0.9595735866138043,0.046448607552490535]
2005-05-01T00:00:00.000Z,0,271.0,2.27157,-72.84153,[0.29166377766451035,0.9551432108249996,0.05131946622264859]
2005-05-01T00:00:00.000Z,0,193.0,2.77157,-72.84153,[0.2953262118843092,0.9536105925729983,0.05838892280766113]
2005-05-01T00:00:00.000Z,9,182.0,3.27157,-72.84153,[0.29807832965644127,0.9522578699329822,0.0659868058018076]
2005-05-01T00:00:00.000Z,9,203.0,3.77157,-72.84153,[0.2979098233740745,0.9519417344596864,0.07111027584752813]
2005-05-01T00:00:00.000Z,9,165.0,4.27157,-72.84153,[0.296443229634089,0.952280953882479,0.07268009684079016]
2005-05-01T00:00:00.000Z,6,293.0,4.77157,-72.84153,[0.21792036864870568,0.973451392948533,0.07002212860641152]
2005-05-01T00:00:00.000Z,11,1653.0,5.27157,-72.84153,[0.16017938250479064,0.9841324182680697,0.07632790272387373]
2005-05-01T00:00:00.000Z,11,2686.0,5.77157,-72.84153,[0.1601810729786619,0.9846789990083635,0.06891511279314524]
2005-05-01T00:00:00.000Z,11,2685.0,6.27157,-72.84153,[0.18038263022735057,0.9826106436068834,0.04402760250943886]
2005-05-01T00:00:00.000Z,11,1547.0,6.77157,-72.84153,[0.16203508428991964,0.9853840898281292,0.0525626005135593]
2005-05-01T00:00:00.000Z,6,3795.0,7.27157,-72.84153,[0.22945716995917873,0.9707803344426793,0.07024919511057934]
2005-05-01T00:00:00.000Z,7,1328.0,7.77157,-72.84153,[0.3015235853048317,0.9476455538151854,0.10512579055222511]
2005-05-01T00:00:00.000Z,10,973.0,8.27157,-72.84153,[0.3368887243249987,0.9347475872116161,0.11292889632302773]
2005-05-01T00:00:00.000Z,10,83.0,8.77157,-72.84153,[0.3414844288090689,0.9325151709786111,0.117489747534309]
2005-05-01T00:00:00.000Z,7,223.0,10.77157,-72.84153,[0.31615050388530613,0.9426184765288831,0.10732784633744707]
2005-05-01T00:00:00.000Z,10,51.0,11.27157,-72.84153,[0.3371000832127211,0.9353340337029022,0.1073022800085563]
2005-05-01T00:00:00.000Z,2,149.0,-2.22843,-72.34153,[0.2907664908441615,0.9567863396834295,0.0038403121432247743]
2005-05-01T00:00:00.000Z,2,147.0,-1.72843,-72.34153,[0.29261120699414855,0.9562313405921985,5.520966169700916E-4]
2005-05-01T00:00:00.000Z,2,145.0,-1.22843,-72.34153,[0.2926048300447319,0.9562105012027843,0.006625015019880723]
2005-05-01T00:00:00.000Z,2,205.0,-0.72843,-72.34153,[0.2867213717322038,0.9579350044079759,0.012303752350194186]
2005-05-01T00:00:00.000Z,8,176.0,-0.22843,-72.34153,[0.28348295298743936,0.9588072077876328,0.01805972480421911]
2005-05-01T00:00:00.000Z,8,150.0,0.27157,-72.34153,[0.28433957576875624,0.958411002494688,0.0244817472573099]
2005-05-01T00:00:00.000Z,0,218.0,0.77157,-72.34153,[0.28149337095336174,0.9590413684806395,0.03164072774281973]
2005-05-01T00:00:00.000Z,0,234.0,1.27157,-72.34153,[0.27909971950843543,0.9594052858102468,0.040556677991069524]
2005-05-01T00:00:00.000Z,0,237.0,1.77157,-72.34153,[0.2830739661456758,0.9578433040510658,0.04904421041361127]
2005-05-01T00:00:00.000Z,0,203.0,2.27157,-72.34153,[0.2897335658003158,0.9554572551582933,0.056177347872732986]
2005-05-01T00:00:00.000Z,0,188.0,2.77157,-72.34153,[0.29077376799162324,0.9547629086928012,0.062276833834221224]
2005-05-01T00:00:00.000Z,9,220.0,3.27157,-72.34153,[0.2951294159926039,0.9529751371364232,0.06882598212651946]
2005-05-01T00:00:00.000Z,9,180.0,3.77157,-72.34153,[0.29862252775396175,0.9515044800677563,0.07391759147065745]
2005-05-01T00:00:00.000Z,9,190.0,4.27157,-72.34153,[0.30359627772317316,0.9497408084245682,0.07630004564665409]
2005-05-01T00:00:00.000Z,9,177.0,4.77157,-72.34153,[0.302454533836179,0.9500766463632646,0.07665259941497056]
2005-05-01T00:00:00.000Z,6,257.0,5.27157,-72.34153,[0.2402661208627487,0.9678644680037143,0.07423316470051906]
2005-05-01T00:00:00.000Z,11,1342.0,5.77157,-72.34153,[0.1758276863402776,0.9818029196987313,0.07174713643952267]
2005-05-01T00:00:00.000Z,11,3317.0,6.27157,-72.34153,[0.17902524000929848,0.9828120318877814,0.045060774696217984]
2005-05-01T00:00:00.000Z,6,3467.0,6.77157,-72.34153,[0.23780721701248775,0.970158795772338,0.04732481930596771]
2005-05-01T00:00:00.000Z,9,2203.0,7.27157,-72.34153,[0.2592619797263217,0.9636495502156432,0.06451953376750928]
2005-05-01T00:00:00.000Z,10,97.0,11.27157,-72.34153,[0.3560256707592162,0.9276378203518679,0.11284412263510107]
2005-05-01T00:00:00.000Z,10,19.0,11.77157,-72.34153,[0.34268226047929884,0.9330576636208276,0.10941784457409191]
2005-05-01T00:00:00.000Z,2,109.0,-2.22843,-71.84153,[0.28984956796052747,0.9570504602470246,0.006453254531951365]
2005-05-01T00:00:00.000Z,2,140.0,-1.72843,-71.84153,[0.29076770905733285,0.956790348294318,0.002523644267290059]
2005-05-01T00:00:00.000Z,2,153.0,-1.22843,-71.84153,[0.29168461714144783,0.9565054048902573,0.004182647340141516]
2005-05-01T00:00:00.000Z,2,136.0,-0.72843,-71.84153,[0.291671887259154,0.9564636604837917,0.010236032269849555]
2005-05-01T00:00:00.000Z,8,192.0,-0.22843,-71.84153,[0.27912811071651333,0.9601138127369565,0.016400134131592806]
2005-05-01T00:00:00.000Z,8,216.0,0.27157,-71.84153,[0.2798010487719558,0.9597826672991506,0.022991404007618073]
2005-05-01T00:00:00.000Z,8,215.0,0.77157,-71.84153,[0.2790338440609038,0.9597895647853657,0.030726294890753222]
2005-05-01T00:00:00.000Z,0,232.0,1.27157,-71.84153,[0.268539089472504,0.9624440966694543,0.039851200877719595]
2005-05-01T00:00:00.000Z,0,233.0,1.77157,-71.84153,[0.285677849536657,0.9570207959478008,0.049993623668914966]
2005-05-01T00:00:00.000Z,0,159.0,2.27157,-71.84153,[0.2906363908382667,0.9551066126402581,0.05746169864664967]
2005-05-01T00:00:00.000Z,0,186.0,2.77157,-71.84153,[0.29402110143487725,0.9536121654903053,0.06461756525831143]
2005-05-01T00:00:00.000Z,9,222.0,3.27157,-71.84153,[0.2931828435105083,0.9534037506524926,0.07116957575293255]
2005-05-01T00:00:00.000Z,9,206.0,3.77157,-71.84153,[0.2975840552793375,0.9515900779084517,0.07694188501518992]
2005-05-01T00:00:00.000Z,9,189.0,4.27157,-71.84153,[0.301881169639714,0.9500713036963075,0.07894477379634784]
2005-05-01T00:00:00.000Z,9,149.0,4.77157,-71.84153,[0.30795772163581064,0.9480945587439564,0.07923855983662993]
2005-05-01T00:00:00.000Z,9,172.0,5.27157,-71.84153,[0.3075931564493332,0.9483155049777555,0.07800098155998185]
2005-05-01T00:00:00.000Z,9,213.0,5.77157,-71.84153,[0.3030443083711523,0.9502435871017916,0.07211984703096415]
2005-05-01T00:00:00.000Z,0,412.0,6.27157,-71.84153,[0.29863334140568165,0.9527825654371749,0.05498645651279217]
2005-05-01T00:00:00.000Z,4,325.0,6.77157,-71.84153,[0.33700294271667675,0.9403868879483738,0.045842312060724415]
2005-05-01T00:00:00.000Z,10,174.0,11.77157,-71.84153,[0.3540912871640353,0.9280919000404715,0.11517285024598621]
2005-05-01T00:00:00.000Z,2,107.0,-2.22843,-71.34153,[0.28644105997352315,0.9580585452902309,0.008680032120409794]
2005-05-01T00:00:00.000Z,2,121.0,-1.72843,-71.34153,[0.2882451633421918,0.9575416979208418,0.005350004925669469]
2005-05-01T00:00:00.000Z,2,140.0,-1.22843,-71.34153,[0.28985539366700247,0.9570696960702912,0.0012031733322026518]
2005-05-01T00:00:00.000Z,2,186.0,-0.72843,-71.34153,[0.2898468632876366,0.9570415297233283,0.007765708412612149]
2005-05-01T00:00:00.000Z,8,201.0,-0.22843,-71.34153,[0.2824317957199257,0.9591818293103631,0.01423021739973472]
2005-05-01T00:00:00.000Z,8,185.0,0.27157,-71.34153,[0.28239768355411915,0.9590659791472586,0.021071211772884277]
2005-05-01T00:00:00.000Z,8,228.0,0.77157,-71.34153,[0.2731853112150258,0.9615262528591855,0.028931830203481085]
2005-05-01T00:00:00.000Z,0,342.0,1.27157,-71.34153,[0.2757911638862266,0.9604021707096831,0.039584143522493696]
2005-05-01T00:00:00.000Z,0,222.0,1.77157,-71.34153,[0.2822741903374125,0.9579884683651955,0.05078755702595917]
2005-05-01T00:00:00.000Z,0,164.0,2.27157,-71.34153,[0.2871431350102082,0.9560436180991223,0.059408924484870666]
2005-05-01T00:00:00.000Z,9,189.0,2.77157,-71.34153,[0.29373812954995726,0.9535362766072477,0.06698119469283116]
2005-05-01T00:00:00.000Z,9,209.0,3.27157,-71.34153,[0.29548865958226284,0.9525032170625215,0.07364830985042764]
2005-05-01T00:00:00.000Z,9,171.0,3.77157,-71.34153,[0.2965736863748243,0.9517421722446833,0.07893596215299506]
2005-05-01T00:00:00.000Z,9,165.0,4.27157,-71.34153,[0.30181771137359836,0.9498715897569097,0.08154772880886658]
2005-05-01T00:00:00.000Z,9,131.0,4.77157,-71.34153,[0.30450638588086937,0.9490067439670704,0.0816214485462631]
2005-05-01T00:00:00.000Z,9,146.0,5.27157,-71.34153,[0.3096464058574881,0.9474255701609711,0.08064671316736072]
2005-05-01T00:00:00.000Z,5,151.0,5.77157,-71.34153,[0.31359441013791406,0.9466121227954878,0.07472640033397877]
2005-05-01T00:00:00.000Z,5,157.0,6.27157,-71.34153,[0.3202961788277682,0.945523775137323,0.05826790264283753]
2005-05-01T00:00:00.000Z,4,154.0,6.77157,-71.34153,[0.3281454225001093,0.9435683394233912,0.0447143213077072]
2005-05-01T00:00:00.000Z,2,97.0,-2.22843,-70.84153,[0.28643631220190674,0.9580426654328927,0.010415865898251156]
2005-05-01T00:00:00.000Z,2,137.0,-1.72843,-70.84153,[0.28644472718173536,0.9580708109904255,0.0070526163889442425]
2005-05-01T00:00:00.000Z,8,114.0,-1.22843,-70.84153,[0.28228315291759853,0.9593301020609575,0.0014060080413520234]
2005-05-01T00:00:00.000Z,8,155.0,-0.72843,-70.84153,[0.28228129227272597,0.9593237787199539,0.003893535065830703]
2005-05-01T00:00:00.000Z,8,183.0,-0.22843,-70.84153,[0.2806917517565077,0.9597498742751359,0.009608294579357378]
2005-05-01T00:00:00.000Z,8,193.0,0.27157,-70.84153,[0.2840092891959262,0.95866737081077,0.017192899499216988]
2005-05-01T00:00:00.000Z,8,250.0,0.77157,-70.84153,[0.282367605131692,0.9589638281972463,0.025630290311953585]
2005-05-01T00:00:00.000Z,0,316.0,1.27157,-70.84153,[0.2831495447584906,0.9583523053364297,0.0372450555028476]
2005-05-01T00:00:00.000Z,0,186.0,1.77157,-70.84153,[0.28707198410446433,0.9565413821496083,0.05116893762472704]
2005-05-01T00:00:00.000Z,0,191.0,2.27157,-70.84153,[0.28942758607978625,0.9552210825751118,0.061517118105931745]
2005-05-01T00:00:00.000Z,9,160.0,2.77157,-70.84153,[0.29120605774350733,0.9541410604095979,0.06938204936388867]
2005-05-01T00:00:00.000Z,9,240.0,3.27157,-70.84153,[0.2997714248618175,0.950960287857526,0.07623400654725622]
2005-05-01T00:00:00.000Z,9,186.0,3.77157,-70.84153,[0.296290464826649,0.9517208870189332,0.08024533422388412]
2005-05-01T00:00:00.000Z,9,176.0,4.27157,-70.84153,[0.2998063274718448,0.9503294908541496,0.08360636830252578]
2005-05-01T00:00:00.000Z,9,146.0,4.77157,-70.84153,[0.29883663584667064,0.9506388076178993,0.08356148949523884]
2005-05-01T00:00:00.000Z,9,123.0,5.27157,-70.84153,[0.3048756245771498,0.9487547421542647,0.08315823939025987]
2005-05-01T00:00:00.000Z,9,120.0,5.77157,-70.84153,[0.30571394667918134,0.9489633660859347,0.07750814558929431]
2005-05-01T00:00:00.000Z,5,126.0,6.27157,-70.84153,[0.30975658874112916,0.948772958847829,0.06229549173571597]
2005-05-01T00:00:00.000Z,5,122.0,6.77157,-70.84153,[0.3179591497336024,0.9468893360198488,0.04798504384258029]
2005-05-01T00:00:00.000Z,8,97.0,-3.72843,-70.34153,[0.2789097625164373,0.9602160526329254,0.013945488125821866]
2005-05-01T00:00:00.000Z,2,132.0,-2.22843,-70.34153,[0.28555044930783574,0.9583246139649336,0.008653043918419267]
2005-05-01T00:00:00.000Z,2,129.0,-1.72843,-70.34153,[0.2855571293212957,0.9583470324949546,0.00530011338513011]
2005-05-01T00:00:00.000Z,8,144.0,-1.22843,-70.34153,[0.28140691009989754,0.9595867815667004,0.0018329185715318997]
2005-05-01T00:00:00.000Z,8,134.0,-0.72843,-70.34153,[0.28140691009989754,0.9595867815667004,0.0018329185715318997]
2005-05-01T00:00:00.000Z,8,170.0,-0.22843,-70.34153,[0.2822786177633616,0.9593146894869798,0.005840247264069551]
2005-05-01T00:00:00.000Z,2,177.0,0.27157,-70.34153,[0.2847398050644777,0.9585515575071348,0.010107176286639858]
2005-05-01T00:00:00.000Z,8,190.0,0.77157,-70.34153,[0.28312722536842083,0.9589443188723527,0.01627167961887476]
2005-05-01T00:00:00.000Z,0,195.0,1.27157,-70.34153,[0.28551020379376,0.9578758363920422,0.03094843430436177]
2005-05-01T00:00:00.000Z,0,216.0,1.77157,-70.34153,[0.2853423193609227,0.9573125905276758,0.046177535652301996]
2005-05-01T00:00:00.000Z,0,168.0,2.27157,-70.34153,[0.2860429673411946,0.956387936606437,0.059173774159895984]
2005-05-01T00:00:00.000Z,9,193.0,2.77157,-70.34153,[0.2934998333141547,0.9533227668549987,0.07094751609812085]
2005-05-01T00:00:00.000Z,9,177.0,3.27157,-70.34153,[0.2984979603172594,0.9511837989214162,0.07841140450125024]
2005-05-01T00:00:00.000Z,9,174.0,3.77157,-70.34153,[0.29505211991668406,0.9519606133160939,0.08194655104101113]
2005-05-01T00:00:00.000Z,9,118.0,4.27157,-70.34153,[0.29591844845413773,0.9514057286148128,0.0852021796869838]
2005-05-01T00:00:00.000Z,9,116.0,4.77157,-70.34153,[0.2959014907496211,0.9513512079950082,0.08586726278734287]
2005-05-01T00:00:00.000Z,9,124.0,5.27157,-70.34153,[0.3002407807677064,0.9500156048172201,0.08559102854721182]
2005-05-01T00:00:00.000Z,9,105.0,5.77157,-70.34153,[0.30199554838437925,0.9497703863687169,0.08206644827843168]
2005-05-01T00:00:00.000Z,9,104.0,6.27157,-70.34153,[0.3042522736969338,0.9500814494625442,0.06910711495495411]
2005-05-01T00:00:00.000Z,0,109.0,6.77157,-70.34153,[0.31060048700866477,0.9489933699010127,0.05421181931922452]
2005-05-01T00:00:00.000Z,8,140.0,-3.72843,-69.84153,[0.2814481724185899,0.9594824059724656,0.013432753683614518]
2005-05-01T00:00:00.000Z,8,128.0,-3.22843,-69.84153,[0.2823211916167586,0.9592504124251232,0.011549503293412856]
2005-05-01T00:00:00.000Z,8,61.0,-2.72843,-69.84153,[0.2813420301565632,0.9595581788990007,0.009734648191728992]
2005-05-01T00:00:00.000Z,8,111.0,-2.22843,-69.84153,[0.27880283930673366,0.960320890945416,0.007263828763547084]
2005-05-01T00:00:00.000Z,8,145.0,-1.72843,-69.84153,[0.2788080170874947,0.9603387255235929,0.003952450816949159]
2005-05-01T00:00:00.000Z,8,68.0,-1.22843,-69.84153,[0.2823990144646183,0.9592943621126346,0.0022635035510522837]
2005-05-01T00:00:00.000Z,8,122.0,-0.72843,-69.84153,[0.2823996575142626,0.959296546517915,7.545029017556635E-4]
2005-05-01T00:00:00.000Z,2,188.0,0.77157,-69.84153,[0.28732129387843963,0.9577376462614655,0.013604227929850363]
2005-05-01T00:00:00.000Z,0,195.0,1.77157,-69.84153,[0.2873866462367095,0.9572270041952757,0.033546654142460004]
2005-05-01T00:00:00.000Z,0,182.0,2.27157,-69.84153,[0.28952956445285616,0.9559938448915062,0.04741729470661871]
2005-05-01T00:00:00.000Z,0,180.0,2.77157,-69.84153,[0.2917710799882786,0.9542888706383549,0.06482583017784686]
2005-05-01T00:00:00.000Z,9,198.0,3.27157,-69.84153,[0.2898976613626754,0.9539273988990677,0.07734250814468359]
2005-05-01T00:00:00.000Z,9,149.0,3.77157,-69.84153,[0.2915996985780423,0.9529258074286212,0.08307840468921583]
2005-05-01T00:00:00.000Z,9,188.0,4.27157,-69.84153,[0.2880266397944695,0.953882902133015,0.08454622278377584]
2005-05-01T00:00:00.000Z,9,143.0,4.77157,-69.84153,[0.2888829892835171,0.9534237060763986,0.08677473822584734]
2005-05-01T00:00:00.000Z,9,100.0,5.27157,-69.84153,[0.2907599637673083,0.9526794267375822,0.08865976167904667]
2005-05-01T00:00:00.000Z,9,112.0,5.77157,-69.84153,[0.2917733801953212,0.9526842944256321,0.0852110894434063]
2005-05-01T00:00:00.000Z,9,98.0,6.27157,-69.84153,[0.29963894451024015,0.9514654543963222,0.07021390192254881]
2005-05-01T00:00:00.000Z,2,169.0,0.77157,-69.34153,[0.29083748983225727,0.9567022691850567,0.01158976463241326]
2005-05-01T00:00:00.000Z,2,182.0,1.77157,-69.34153,[0.2888524080171602,0.957027978260629,0.02572421444983012]
2005-05-01T00:00:00.000Z,0,167.0,2.27157,-69.34153,[0.29412720339395404,0.9550872110208171,0.036022320415664034]
2005-05-01T00:00:00.000Z,0,128.0,2.77157,-69.34153,[0.2929221655199649,0.9544654831549418,0.05649996825572357]
2005-05-01T00:00:00.000Z,9,182.0,3.27157,-69.34153,[0.29092605126236554,0.9537124687999351,0.07612200439045354]
2005-05-01T00:00:00.000Z,9,123.0,3.77157,-69.34153,[0.2897417119668153,0.9534142371134451,0.08397042822283553]
2005-05-01T00:00:00.000Z,9,172.0,4.27157,-69.34153,[0.28970142878182437,0.9532816826330222,0.08559857310798812]
2005-05-01T00:00:00.000Z,9,142.0,4.77157,-69.34153,[0.28962699975909106,0.953036769018594,0.08852749803957123]
2005-05-01T00:00:00.000Z,9,117.0,5.27157,-69.34153,[0.28775499074511773,0.9533920070725032,0.0907785555709126]
2005-05-01T00:00:00.000Z,9,83.0,5.77157,-69.34153,[0.29319454572679915,0.9520586934274715,0.08729949957033908]
2005-05-01T00:00:00.000Z,2,139.0,1.77157,-68.84153,[0.2888834031768236,0.9571306716575513,0.021148445364642932]
2005-05-01T00:00:00.000Z,0,178.0,2.27157,-68.84153,[0.289715855381785,0.9566089564492901,0.031048793557896956]
2005-05-01T00:00:00.000Z,0,155.0,2.77157,-68.84153,[0.29047693595161195,0.9555162366829341,0.051106468430584355]
2005-05-01T00:00:00.000Z,9,154.0,3.27157,-68.84153,[0.29422902566151565,0.9529507249037148,0.0728985347161367]
2005-05-01T00:00:00.000Z,9,118.0,3.77157,-68.84153,[0.2939462030089351,0.9520347172080436,0.08500309975071818]
2005-05-01T00:00:00.000Z,9,168.0,4.27157,-68.84153,[0.29487514043889174,0.9514930182191749,0.08780482806377408]
2005-05-01T00:00:00.000Z,9,130.0,4.77157,-68.84153,[0.2989066708339493,0.9498589762056611,0.09177541856346072]
2005-05-01T00:00:00.000Z,9,118.0,5.27157,-68.84153,[0.2955795059515052,0.950707216903722,0.0937472313652162]
2005-05-01T00:00:00.000Z,7,76.0,5.77157,-68.84153,[0.3042311333090732,0.9483541921099681,0.0898206203102978]
2005-05-01T00:00:00.000Z,2,140.0,1.77157,-68.34153,[0.28980491587767354,0.9569030241243938,0.01870061910003101]
2005-05-01T00:00:00.000Z,0,115.0,2.27157,-68.34153,[0.2874411356099659,0.9574084973168445,0.0273233018640652]
2005-05-01T00:00:00.000Z,0,126.0,2.77157,-68.34153,[0.2940466220947482,0.9548255481503622,0.042950630193614905]
2005-05-01T00:00:00.000Z,0,132.0,3.27157,-68.34153,[0.2937247002164238,0.9537802063207469,0.0634753378370324]
2005-05-01T00:00:00.000Z,9,110.0,3.77157,-68.34153,[0.3007739486849752,0.9500461257355673,0.0833510093957256]
2005-05-01T00:00:00.000Z,7,121.0,4.27157,-68.34153,[0.3042066534869874,0.9482778832140155,0.09070484100307975]
2005-05-01T00:00:00.000Z,7,109.0,4.77157,-68.34153,[0.3083853949854121,0.9465405736596043,0.09465405736596044]
2005-05-01T00:00:00.000Z,7,89.0,5.27157,-68.34153,[0.30864564226848223,0.946287188933039,0.09632457407060324]
2005-05-01T00:00:00.000Z,7,65.0,5.77157,-68.34153,[0.3157619838341977,0.9438537560261343,0.09713113198378037]
2005-05-01T00:00:00.000Z,2,136.0,2.27157,-67.84153,[0.2906792761295726,0.9564993539056125,0.02479000619067298]
2005-05-01T00:00:00.000Z,0,120.0,2.77157,-67.84153,[0.29567510006881215,0.9545765402970641,0.03687633270521141]
2005-05-01T00:00:00.000Z,0,103.0,3.27157,-67.84153,[0.3031769283225029,0.9509239449229796,0.06186599312263621]
2005-05-01T00:00:00.000Z,9,95.0,3.77157,-67.84153,[0.30532535656530696,0.9485291408003103,0.0840767250247849]
2005-05-01T00:00:00.000Z,7,110.0,4.27157,-67.84153,[0.30870978372588115,0.9465586751006797,0.09340740882588242]
2005-05-01T00:00:00.000Z,7,101.0,4.77157,-67.84153,[0.3140365024183221,0.9444101409723165,0.0973168062439196]
2005-05-01T00:00:00.000Z,7,80.0,5.77157,-67.84153,[0.32762783469795254,0.939278360626864,0.10205960606058521]
2005-05-01T00:00:00.000Z,5,54.0,6.27157,-67.84153,[0.32970445393595404,0.9394804332583637,0.0931208278500114]
2005-05-01T00:00:00.000Z,2,114.0,2.27157,-67.34153,[0.3020171846610988,0.9530320049305785,0.022707217957852983]
