2009-04-01T00:00:00.000Z,0,10.0,1.77157,-78.84153,[0.3069304110463931,0.9517133267893757,0.005955366184482255]
2009-04-01T00:00:00.000Z,0,235.0,1.27157,-78.34153,[0.31481145142326195,0.9491330326492373,0.006343215812259755]
2009-04-01T00:00:00.000Z,0,57.0,1.77157,-78.34153,[0.3096539347041966,0.9508332716195776,0.005525423370186407]
2009-04-01T00:00:00.000Z,0,1772.0,1.27157,-77.84153,[0.2795970654243518,0.9601039725935386,0.005083583007715487]
2009-04-01T00:00:00.000Z,0,528.0,1.77157,-77.84153,[0.307909283639201,0.9514050898964076,0.004497551334055745]
2009-04-01T00:00:00.000Z,0,116.0,2.27157,-77.84153,[0.30836351777783394,0.951261626798041,0.0036411928298489614]
2009-04-01T00:00:00.000Z,0,167.0,7.27157,-77.84153,[0.2783384878202464,0.9603232288937583,0.017520908795059333]
2009-04-01T00:00:00.000Z,0,2201.0,0.77157,-77.34153,[0.1934731344094393,0.9811034094017131,0.0020606606031774604]
2009-04-01T00:00:00.000Z,0,2447.0,1.27157,-77.34153,[0.23820041716279214,0.9712132950985342,0.002301453305920697]
2009-04-01T00:00:00.000Z,0,1706.0,1.77157,-77.34153,[0.21929847177403158,0.9756544254436507,0.002573400434083024]
2009-04-01T00:00:00.000Z,0,2096.0,2.27157,-77.34153,[0.28534008433244745,0.9584205251972931,0.003336638082919748]
2009-04-01T00:00:00.000Z,0,57.0,2.77157,-77.34153,[0.3045245601873274,0.9524978724656255,0.003548970438273364]
2009-04-01T00:00:00.000Z,0,74.0,3.27157,-77.34153,[0.29706488536272074,0.9548514172373167,0.003350355849955497]
2009-04-01T00:00:00.000Z,0,28.0,4.27157,-77.34153,[0.28814012298044933,0.9575784538147264,0.004332934180157133]
2009-04-01T00:00:00.000Z,0,14.0,5.27157,-77.34153,[0.2755671249707795,0.9612806685027192,0.0014953254843375634]
2009-04-01T00:00:00.000Z,0,499.0,6.27157,-77.34153,[0.2927444943218778,0.9561502685265897,0.008793465799022186]
2009-04-01T00:00:00.000Z,0,695.0,6.77157,-77.34153,[0.30660912736537305,0.9517420868032955,0.013335787324070128]
2009-04-01T00:00:00.000Z,0,345.0,7.27157,-77.34153,[0.30789062682646834,0.9512441754190887,0.018381529959789155]
2009-04-01T00:00:00.000Z,0,279.0,0.27157,-76.84153,[0.29088259249563686,0.9567584066422755,8.177422278993808E-4]
2009-04-01T00:00:00.000Z,0,485.0,0.77157,-76.84153,[0.20697936238963482,0.9783450735903504,6.786208602938846E-4]
2009-04-01T00:00:00.000Z,0,3335.0,1.27157,-76.84153,[0.17024670287231702,0.9854014457642721,2.254923216851881E-4]
2009-04-01T00:00:00.000Z,0,2008.0,1.77157,-76.84153,[0.17346610699672987,0.9848398332717566,1.1191361741724508E-4]
2009-04-01T00:00:00.000Z,0,1013.0,2.27157,-76.84153,[0.2135960695704465,0.9769209708248318,0.001461446791797792]
2009-04-01T00:00:00.000Z,0,2856.0,2.77157,-76.84153,[0.25364113707668423,0.9672950636697186,0.0025364113707668423]
2009-04-01T00:00:00.000Z,0,1911.0,3.27157,-76.84153,[0.2636032891713904,0.964626883518014,0.0028777651656265333]
2009-04-01T00:00:00.000Z,0,794.0,3.77157,-76.84153,[0.28505413577894806,0.9585087274798093,0.0022713476954497854]
2009-04-01T00:00:00.000Z,0,70.0,4.27157,-76.84153,[0.29724889779440944,0.9547994898850729,0.001013348515208214]
2009-04-01T00:00:00.000Z,0,24.0,4.77157,-76.84153,[0.2970665063227116,0.9548566274658585,5.583956885765255E-4]
2009-04-01T00:00:00.000Z,0,133.0,5.27157,-76.84153,[0.29353980605806784,0.955942840106085,0.002769243453377998]
2009-04-01T00:00:00.000Z,0,76.0,5.77157,-76.84153,[0.291334374828644,0.9566036752036318,0.005804363023405934]
2009-04-01T00:00:00.000Z,0,38.0,6.27157,-76.84153,[0.2903404366966647,0.9568807388407587,0.009037834605343648]
2009-04-01T00:00:00.000Z,0,20.0,6.77157,-76.84153,[0.3123801984753608,0.9498671961047083,0.013073689788042879]
2009-04-01T00:00:00.000Z,0,15.0,7.27157,-76.84153,[0.3140823667223603,0.9492267083164666,0.01791432758342351]
2009-04-01T00:00:00.000Z,0,8.0,7.77157,-76.84153,[0.3317831032534708,0.9430250927598651,0.024972921750261248]
2009-04-01T00:00:00.000Z,0,294.0,0.77157,-76.34153,[0.27137801076090845,0.9624720127410185,0.0012648975077838953]
2009-04-01T00:00:00.000Z,0,1412.0,1.27157,-76.34153,[0.1999817209295087,0.9797987109227886,0.0013406595816503376]
2009-04-01T00:00:00.000Z,0,2388.0,1.77157,-76.34153,[0.14906362819904762,0.9888266633967359,0.00136546834991494]
2009-04-01T00:00:00.000Z,0,3852.0,2.27157,-76.34153,[0.1570141653115585,0.9875963441335709,1.1377838066054964E-4]
2009-04-01T00:00:00.000Z,0,2450.0,2.77157,-76.34153,[0.21801785888509695,0.9759438185694129,0.0013697457102728602]
2009-04-01T00:00:00.000Z,0,990.0,3.27157,-76.34153,[0.226031905360216,0.9741171961970732,0.0022947401559412794]
2009-04-01T00:00:00.000Z,0,962.0,3.77157,-76.34153,[0.24605039057310205,0.9692545759491824,0.002184559542471467]
2009-04-01T00:00:00.000Z,0,1899.0,4.27157,-76.34153,[0.2179954165216757,0.9759487108893481,0.0014533027768111712]
2009-04-01T00:00:00.000Z,0,1358.0,4.77157,-76.34153,[0.2508045585617079,0.9680375043128362,6.809173535611979E-4]
2009-04-01T00:00:00.000Z,0,407.0,5.27157,-76.34153,[0.23227329028270619,0.9726444030588322,0.0034617653840211017]
2009-04-01T00:00:00.000Z,0,480.0,5.77157,-76.34153,[0.22543408801387071,0.9742377672961248,0.006343873833556162]
2009-04-01T00:00:00.000Z,0,1095.0,6.27157,-76.34153,[0.22941013536525537,0.9732895346931875,0.008858411167569268]
2009-04-01T00:00:00.000Z,0,1485.0,6.77157,-76.34153,[0.25954678743396203,0.9656500563045226,0.012467312933509096]
2009-04-01T00:00:00.000Z,0,827.0,7.27157,-76.34153,[0.2970410572732979,0.9546922696799379,0.018146087934594463]
2009-04-01T00:00:00.000Z,0,201.0,7.77157,-76.34153,[0.31895664400318335,0.947419364779826,0.02575279570099777]
2009-04-01T00:00:00.000Z,0,165.0,8.27157,-76.34153,[0.3249068879927743,0.9451836741607978,0.032608836758547526]
2009-04-01T00:00:00.000Z,0,99.0,8.77157,-76.34153,[0.3476060489930511,0.9368106284919108,0.03944465804176467]
2009-04-01T00:00:00.000Z,0,267.0,0.27157,-75.84153,[0.31059384392728406,0.9505343676416127,0.003984977620199117]
2009-04-01T00:00:00.000Z,0,241.0,0.77157,-75.84153,[0.30190733796912783,0.9533304787409765,0.003599664414247293]
2009-04-01T00:00:00.000Z,0,250.0,1.27157,-75.84153,[0.24040957300029034,0.9706677595316887,0.002708840259158201]
2009-04-01T00:00:00.000Z,0,1712.0,1.77157,-75.84153,[0.25100187493922754,0.9679840825202618,0.0022078868628913535]
2009-04-01T00:00:00.000Z,0,1262.0,2.27157,-75.84153,[0.21560141745509157,0.9764804938706794,0.0013688978886037561]
2009-04-01T00:00:00.000Z,0,2705.0,2.77157,-75.84153,[0.17567591551292686,0.9844480548554579,0.0]
2009-04-01T00:00:00.000Z,0,1867.0,3.27157,-75.84153,[0.15568097944104745,0.9878067780027023,0.0010963449256411791]
2009-04-01T00:00:00.000Z,0,3782.0,3.77157,-75.84153,[0.17685476045201481,0.9842351886025171,0.0018674105140895974]
2009-04-01T00:00:00.000Z,0,2035.0,4.27157,-75.84153,[0.23115319570346332,0.9729134505727858,0.002760038157653293]
2009-04-01T00:00:00.000Z,0,1185.0,4.77157,-75.84153,[0.23550103648475648,0.9718725700785559,0.0017231783157421205]
2009-04-01T00:00:00.000Z,0,1530.0,5.27157,-75.84153,[0.25461024738439136,0.9670407987510451,0.0023907065482102474]
2009-04-01T00:00:00.000Z,0,1704.0,5.77157,-75.84153,[0.24253098667556672,0.9701239467022669,0.006184540160226951]
2009-04-01T00:00:00.000Z,0,488.0,6.27157,-75.84153,[0.20635323466769553,0.9784389329187362,0.008694658764088295]
2009-04-01T00:00:00.000Z,0,896.0,6.77157,-75.84153,[0.21968330591268412,0.9754849386900014,0.012976112369972013]
2009-04-01T00:00:00.000Z,0,2421.0,7.27157,-75.84153,[0.27557130486079423,0.9610833938120262,0.01947218724429579]
2009-04-01T00:00:00.000Z,0,131.0,7.77157,-75.84153,[0.3322475296474919,0.942767358494327,0.028307009746140102]
2009-04-01T00:00:00.000Z,0,43.0,8.27157,-75.84153,[0.33323890468448164,0.9421790614460523,0.03536168233162665]
2009-04-01T00:00:00.000Z,0,10.0,8.77157,-75.84153,[0.3381829832107842,0.940196662543457,0.04077383485520094]
2009-04-01T00:00:00.000Z,0,155.0,9.27157,-75.84153,[0.35413676747956613,0.9339733762049122,0.04775858519178656]
2009-04-01T00:00:00.000Z,0,228.0,0.27157,-75.34153,[0.3120102606826625,0.9500537151123769,0.006894608756658086]
2009-04-01T00:00:00.000Z,0,189.0,0.77157,-75.34153,[0.30035318762996477,0.9537933286569873,0.008139342107529578]
2009-04-01T00:00:00.000Z,0,244.0,1.27157,-75.34153,[0.2919767351022499,0.9563962346656377,0.007471845583325295]
2009-04-01T00:00:00.000Z,0,1357.0,1.77157,-75.34153,[0.22715573544745227,0.9738458757301667,0.004947946712716782]
2009-04-01T00:00:00.000Z,0,2437.0,2.27157,-75.34153,[0.26191712828455577,0.9650820312466963,0.004011343406159863]
2009-04-01T00:00:00.000Z,0,485.0,2.77157,-75.34153,[0.30588807158556797,0.9520612669831935,0.0034397052226489574]
2009-04-01T00:00:00.000Z,0,694.0,3.27157,-75.34153,[0.30320294620145294,0.9529235452045665,0.002165735330010378]
2009-04-01T00:00:00.000Z,0,442.0,3.77157,-75.34153,[0.2449250478057736,0.9695420095168643,1.1286868562478046E-4]
2009-04-01T00:00:00.000Z,0,2270.0,4.27157,-75.34153,[0.13830266983279677,0.9903877627857057,0.002109701743212154]
2009-04-01T00:00:00.000Z,0,4229.0,4.77157,-75.34153,[0.17346525642866717,0.984835004240175,0.003133565922582375]
2009-04-01T00:00:00.000Z,0,3209.0,5.27157,-75.34153,[0.19350344937981517,0.9810964363292384,0.0024895180621964524]
2009-04-01T00:00:00.000Z,0,1992.0,5.77157,-75.34153,[0.21521479344519437,0.9765660519771184,0.0011570687819634105]
2009-04-01T00:00:00.000Z,0,2185.0,6.27157,-75.34153,[0.2184830532743853,0.9758155021892235,0.007018626581871445]
2009-04-01T00:00:00.000Z,0,2092.0,6.77157,-75.34153,[0.26063035056453954,0.9653390237647965,0.013870456424893948]
2009-04-01T00:00:00.000Z,0,869.0,7.27157,-75.34153,[0.32572030987866585,0.945181117393365,0.023214974813170367]
2009-04-01T00:00:00.000Z,0,83.0,7.77157,-75.34153,[0.34773285728331155,0.9370485417318711,0.0319670205642904]
2009-04-01T00:00:00.000Z,0,30.0,8.27157,-75.34153,[0.3495152212373284,0.9361141939433341,0.03910659818040038]
2009-04-01T00:00:00.000Z,0,74.0,8.77157,-75.34153,[0.3488770764852332,0.9360715925413652,0.04532945113487713]
2009-04-01T00:00:00.000Z,0,180.0,9.27157,-75.34153,[0.33498691814507736,0.9408657845374374,0.05055037248543044]
2009-04-01T00:00:00.000Z,0,136.0,9.77157,-75.34153,[0.3361761605084754,0.9400926202790579,0.05666969562857156]
2009-04-01T00:00:00.000Z,0,79.0,10.27157,-75.34153,[0.32407008174775065,0.944030238134752,0.061526348853558455]
2009-04-01T00:00:00.000Z,0,205.0,0.27157,-74.84153,[0.30547560377252214,0.9521616932683141,0.00853026214308175]
2009-04-01T00:00:00.000Z,0,239.0,0.77157,-74.84153,[0.29936468575684716,0.9540821091868985,0.01039778107018057]
2009-04-01T00:00:00.000Z,0,226.0,1.27157,-74.84153,[0.3003485398561078,0.9537785693140524,0.009858768865505829]
2009-04-01T00:00:00.000Z,0,258.0,1.77157,-74.84153,[0.29391564982077034,0.955804436031324,0.007174319011373134]
2009-04-01T00:00:00.000Z,0,576.0,2.27157,-74.84153,[0.21551423399740754,0.9764794416686663,0.0064432090576544525]
2009-04-01T00:00:00.000Z,0,1998.0,2.77157,-74.84153,[0.2320778503016482,0.9726792255289668,0.005915709909649857]
2009-04-01T00:00:00.000Z,0,2106.0,3.27157,-74.84153,[0.235148838111604,0.9719485308612965,0.004591001125036078]
2009-04-01T00:00:00.000Z,0,361.0,3.77157,-74.84153,[0.3075630935019982,0.9515233205218068,0.0028834040015812325]
2009-04-01T00:00:00.000Z,0,289.0,4.27157,-74.84153,[0.29083091252975857,0.9567743489754506,4.748259796404221E-4]
2009-04-01T00:00:00.000Z,0,277.0,4.77157,-74.84153,[0.30124412271429457,0.9535443884342238,0.002253400917941574]
2009-04-01T00:00:00.000Z,0,325.0,5.27157,-74.84153,[0.3126832099652622,0.9498489963095702,0.0040117845806863835]
2009-04-01T00:00:00.000Z,0,379.0,5.77157,-74.84153,[0.2874516450790983,0.9577934260935963,0.001817876016310503]
2009-04-01T00:00:00.000Z,0,978.0,6.27157,-74.84153,[0.26404857065336823,0.9644954066125124,0.005192586954271258]
2009-04-01T00:00:00.000Z,0,1143.0,6.77157,-74.84153,[0.28463246725283375,0.9585251466380014,0.014625383692833354]
2009-04-01T00:00:00.000Z,0,322.0,7.27157,-74.84153,[0.3147277284663123,0.9488286131253769,0.025898259574903187]
2009-04-01T00:00:00.000Z,0,55.0,7.77157,-74.84153,[0.3507591541780549,0.9357665546778178,0.03617970296591825]
2009-04-01T00:00:00.000Z,0,27.0,8.27157,-74.84153,[0.3592163367966288,0.9322223273268915,0.04387659753951902]
2009-04-01T00:00:00.000Z,0,14.0,8.77157,-74.84153,[0.36591462421140347,0.9292471040970006,0.051052005989632235]
2009-04-01T00:00:00.000Z,0,48.0,9.27157,-74.84153,[0.35515825288179786,0.9330638420657686,0.057048067797389836]
2009-04-01T00:00:00.000Z,0,15.0,9.77157,-74.84153,[0.35231088721050485,0.9337470367327365,0.06319422557307307]
2009-04-01T00:00:00.000Z,0,5.0,10.27157,-74.84153,[0.3444629916620785,0.9363571463490303,0.06767970047445064]
2009-04-01T00:00:00.000Z,0,171.0,-0.72843,-74.34153,[0.3240210664563704,0.9460469093616655,0.002365117273404164]
2009-04-01T00:00:00.000Z,0,219.0,-0.22843,-74.34153,[0.3089250896343835,0.9510727478631582,0.0050909003535254205]
2009-04-01T00:00:00.000Z,0,201.0,0.27157,-74.34153,[0.30447226944695,0.9524811749868738,0.00873203489734649]
2009-04-01T00:00:00.000Z,0,242.0,0.77157,-74.34153,[0.29942150382443344,0.9540502669386891,0.011612545015244188]
2009-04-01T00:00:00.000Z,0,251.0,1.27157,-74.34153,[0.29844765460583816,0.9543516255646763,0.011915210545100002]
2009-04-01T00:00:00.000Z,0,298.0,1.77157,-74.34153,[0.3020522811700523,0.953244841715374,0.009417599641043455]
2009-04-01T00:00:00.000Z,0,313.0,2.27157,-74.34153,[0.30078073323275084,0.9536381386991867,0.01025918780018685]
2009-04-01T00:00:00.000Z,0,364.0,2.77157,-74.34153,[0.2640803068413428,0.9644672075944695,0.008037226729953911]
2009-04-01T00:00:00.000Z,0,899.0,3.27157,-74.34153,[0.1529889275754629,0.988195147005953,0.008046084339153974]
2009-04-01T00:00:00.000Z,0,3444.0,3.77157,-74.34153,[0.15152914798915001,0.9884362884215323,0.00571148327036027]
2009-04-01T00:00:00.000Z,0,2263.0,4.27157,-74.34153,[0.1723256742090572,0.9850357893498366,0.002890624212539024]
2009-04-01T00:00:00.000Z,0,2655.0,4.77157,-74.34153,[0.2025697537021219,0.9792676863460867,5.416303574923046E-4]
2009-04-01T00:00:00.000Z,0,1104.0,5.27157,-74.34153,[0.2742721988685969,0.9616457343047101,0.003498945746883335]
2009-04-01T00:00:00.000Z,0,744.0,5.77157,-74.34153,[0.30226783456588185,0.9532191636871631,0.0027170142432888255]
2009-04-01T00:00:00.000Z,0,119.0,6.27157,-74.34153,[0.312473392070574,0.9499191118945449,0.0037496807048468883]
2009-04-01T00:00:00.000Z,0,97.0,6.77157,-74.34153,[0.2710688541714196,0.9624590490215993,0.013937548372376637]
2009-04-01T00:00:00.000Z,0,575.0,7.27157,-74.34153,[0.2676010456601237,0.96314260648747,0.027312999288450646]
2009-04-01T00:00:00.000Z,0,1234.0,7.77157,-74.34153,[0.31704507072977406,0.947559515902896,0.040166988284185655]
2009-04-01T00:00:00.000Z,0,715.0,8.27157,-74.34153,[0.35272871269491624,0.9344216774900412,0.049382019777288275]
2009-04-01T00:00:00.000Z,0,14.0,8.77157,-74.34153,[0.3651350313877679,0.9292057005661127,0.05703661007539961]
2009-04-01T00:00:00.000Z,0,37.0,9.27157,-74.34153,[0.36820358380729534,0.9275162941581696,0.0643400726030049]
2009-04-01T00:00:00.000Z,0,95.0,9.77157,-74.34153,[0.3609696910837074,0.9299983013337184,0.06931119415600355]
2009-04-01T00:00:00.000Z,0,119.0,10.27157,-74.34153,[0.33882553347413574,0.9381005873412013,0.07186477507138252]
2009-04-01T00:00:00.000Z,0,5.0,10.77157,-74.34153,[0.31601215143609207,0.9455772157756998,0.07758897570279148]
2009-04-01T00:00:00.000Z,0,156.0,-1.22843,-73.84153,[0.32468483132474507,0.9458210303807791,0.001529312611312205]
2009-04-01T00:00:00.000Z,0,195.0,-0.72843,-73.84153,[0.3148333201593205,0.9491469467533757,2.323493137707162E-4]
2009-04-01T00:00:00.000Z,0,174.0,-0.22843,-73.84153,[0.30112948537436657,0.9535767036854941,0.0035359901691686983]
2009-04-01T00:00:00.000Z,0,241.0,0.27157,-73.84153,[0.29846047058253866,0.9543926074521482,0.007489882531729107]
2009-04-01T00:00:00.000Z,0,232.0,0.77157,-73.84153,[0.2965214606947951,0.9549569475608041,0.011500071859646046]
2009-04-01T00:00:00.000Z,0,267.0,1.27157,-73.84153,[0.29651347582532134,0.9549312320305975,0.013641874743294249]
2009-04-01T00:00:00.000Z,0,265.0,1.77157,-73.84153,[0.2804484048505177,0.9597815926955965,0.01296096213651795]
2009-04-01T00:00:00.000Z,0,554.0,2.27157,-73.84153,[0.2588142628220861,0.9658728021062531,0.01024243678402298]
2009-04-01T00:00:00.000Z,0,995.0,2.77157,-73.84153,[0.29196280051974327,0.9563505906788442,0.012299220336855328]
2009-04-01T00:00:00.000Z,0,363.0,3.27157,-73.84153,[0.27651956360172414,0.9609054835159914,0.01405641114975431]
2009-04-01T00:00:00.000Z,0,545.0,3.77157,-73.84153,[0.21169825703555442,0.977244927072235,0.013274052873580707]
2009-04-01T00:00:00.000Z,0,1499.0,4.27157,-73.84153,[0.164004747016448,0.9864053624902306,0.010339429703210851]
2009-04-01T00:00:00.000Z,0,3610.0,4.77157,-73.84153,[0.1443050608112041,0.9895204169911138,0.005039224345788079]
2009-04-01T00:00:00.000Z,0,2585.0,5.27157,-73.84153,[0.16509430926451465,0.9862776917100876,4.288163877000381E-4]
2009-04-01T00:00:00.000Z,0,2622.0,5.77157,-73.84153,[0.24227882345655952,0.9702066398778443,2.1826921032122479E-4]
2009-04-01T00:00:00.000Z,0,616.0,6.27157,-73.84153,[0.29820792718450123,0.9544912820867558,0.004292386830686002]
2009-04-01T00:00:00.000Z,0,101.0,6.77157,-73.84153,[0.32070141630968724,0.9470532799325783,0.015514075734836857]
2009-04-01T00:00:00.000Z,0,89.0,7.27157,-73.84153,[0.3291473529065879,0.9437916929221158,0.03031930813512297]
2009-04-01T00:00:00.000Z,0,59.0,7.77157,-73.84153,[0.33198644997661947,0.9422205360847222,0.04478234487094687]
2009-04-01T00:00:00.000Z,0,38.0,8.27157,-73.84153,[0.3461537464768326,0.9365791083752598,0.054746301747754376]
2009-04-01T00:00:00.000Z,0,29.0,8.77157,-73.84153,[0.37240102481663817,0.9258659961820556,0.06395024495127097]
2009-04-01T00:00:00.000Z,0,52.0,9.27157,-73.84153,[0.39465872445900724,0.915981566565331,0.07226521238404794]
2009-04-01T00:00:00.000Z,0,46.0,9.77157,-73.84153,[0.3304671573675322,0.9409484709777824,0.07353524913941652]
2009-04-01T00:00:00.000Z,0,931.0,10.27157,-73.84153,[0.1618103915137765,0.9840468995023,0.07395334189925934]
2009-04-01T00:00:00.000Z,0,2665.0,10.77157,-73.84153,[0.3076880650449378,0.948304231720531,0.07776335081409169]
2009-04-01T00:00:00.000Z,0,139.0,-1.72843,-73.34153,[0.31900936041044936,0.9477478089284987,0.002668078287069213]
2009-04-01T00:00:00.000Z,0,199.0,-1.22843,-73.34153,[0.31553317970692457,0.9489111375069049,0.002542758224744447]
2009-04-01T00:00:00.000Z,0,223.0,-0.72843,-73.34153,[0.31207884013625353,0.9500555096398863,0.0011515824359271348]
2009-04-01T00:00:00.000Z,0,171.0,-0.22843,-73.34153,[0.3025458900507986,0.9531332927164257,0.00170608584615112]
2009-04-01T00:00:00.000Z,0,209.0,0.27157,-73.34153,[0.2982068218507779,0.9544877441814672,0.005083070827001897]
2009-04-01T00:00:00.000Z,0,237.0,0.77157,-73.34153,[0.28611545400450417,0.9581540785267117,0.008871797023395479]
2009-04-01T00:00:00.000Z,0,249.0,1.27157,-73.34153,[0.2861080491486916,0.958129280870037,0.011422143047409005]
2009-04-01T00:00:00.000Z,0,294.0,1.77157,-73.34153,[0.2939041423776198,0.9557493484951607,0.01278819550803384]
2009-04-01T00:00:00.000Z,0,229.0,2.27157,-73.34153,[0.30351155360790405,0.9527524333180446,0.011980719221364634]
2009-04-01T00:00:00.000Z,0,267.0,2.77157,-73.34153,[0.30718044836804603,0.9515665017115412,0.012702950872362806]
2009-04-01T00:00:00.000Z,0,234.0,3.27157,-73.34153,[0.310559705708335,0.9504298918092818,0.015352196772751656]
2009-04-01T00:00:00.000Z,0,256.0,3.77157,-73.34153,[0.31726473437659475,0.9482160294338076,0.01514760197963441]
2009-04-01T00:00:00.000Z,0,300.0,4.27157,-73.34153,[0.24713506404162067,0.9689080314528961,0.011894818502937818]
2009-04-01T00:00:00.000Z,0,1229.0,4.77157,-73.34153,[0.18456160734818675,0.9827905591290945,0.007728517307705321]
2009-04-01T00:00:00.000Z,0,2684.0,5.27157,-73.34153,[0.1495958459880116,0.988735044577014,0.00490861369648163]
2009-04-01T00:00:00.000Z,0,3515.0,5.77157,-73.34153,[0.21006078429029296,0.9776765226276932,0.0048045817683418065]
2009-04-01T00:00:00.000Z,0,1301.0,6.27157,-73.34153,[0.21634332670262188,0.9762904438509181,0.007248050539275657]
2009-04-01T00:00:00.000Z,0,1945.0,6.77157,-73.34153,[0.2668726493807373,0.9636447548768884,0.012952814781659217]
2009-04-01T00:00:00.000Z,0,351.0,7.27157,-73.34153,[0.22351262163112304,0.974341428275478,0.026474310523298066]
2009-04-01T00:00:00.000Z,0,325.0,7.77157,-73.34153,[0.2314119764235843,0.9717056291572834,0.04729341848268397]
2009-04-01T00:00:00.000Z,0,1339.0,8.27157,-73.34153,[0.2650675420877315,0.9626137054764985,0.05580369307110136]
2009-04-01T00:00:00.000Z,0,1230.0,8.77157,-73.34153,[0.30443532937735895,0.9502819390685981,0.06544743315764275]
2009-04-01T00:00:00.000Z,0,809.0,9.27157,-73.34153,[0.3408165702284603,0.9372455681282658,0.0735853958447812]
2009-04-01T00:00:00.000Z,0,74.0,9.77157,-73.34153,[0.33215553104398043,0.940038626468099,0.07746020878400162]
2009-04-01T00:00:00.000Z,0,99.0,10.27157,-73.34153,[0.2669319775711885,0.9607146399972054,0.07599144586711311]
2009-04-01T00:00:00.000Z,0,1426.0,10.77157,-73.34153,[0.3285247943018752,0.9409445995287671,0.08182126952424061]
2009-04-01T00:00:00.000Z,0,146.0,-2.22843,-72.84153,[0.3083914973944926,0.9512517143896299,0.003854893717431158]
2009-04-01T00:00:00.000Z,0,165.0,-1.72843,-72.84153,[0.3107560238540825,0.9504808788210949,0.0040978816332406486]
2009-04-01T00:00:00.000Z,0,168.0,-1.22843,-72.84153,[0.31278660691573446,0.9498172056159117,0.0034372154606124665]
2009-04-01T00:00:00.000Z,0,178.0,-0.72843,-72.84153,[0.30597185449671777,0.9520388186384863,0.0018199069412444182]
2009-04-01T00:00:00.000Z,0,191.0,-0.22843,-72.84153,[0.3039525403832309,0.9526870668728131,4.5366050803467297E-4]
2009-04-01T00:00:00.000Z,0,247.0,0.27157,-72.84153,[0.2887725120611132,0.957391943833383,0.003331990523782075]
2009-04-01T00:00:00.000Z,0,264.0,0.77157,-72.84153,[0.2835936418009249,0.9589216915369797,0.006620863232706418]
2009-04-01T00:00:00.000Z,0,246.0,1.27157,-72.84153,[0.28358678915039626,0.9588985205124294,0.009600019710538706]
2009-04-01T00:00:00.000Z,0,259.0,1.77157,-72.84153,[0.28712536902852187,0.9578236248673472,0.011529358447477326]
2009-04-01T00:00:00.000Z,0,271.0,2.27157,-72.84153,[0.3022450874007374,0.9531474291813518,0.012565245206547511]
2009-04-01T00:00:00.000Z,0,193.0,2.77157,-72.84153,[0.3054948190137766,0.9520872367008303,0.014241111863800114]
2009-04-01T00:00:00.000Z,0,182.0,3.27157,-72.84153,[0.31302216890224627,0.9496178157708595,0.015592490061422755]
2009-04-01T00:00:00.000Z,0,203.0,3.77157,-72.84153,[0.3169010017073251,0.9483292148470142,0.015667015814744164]
2009-04-01T00:00:00.000Z,0,165.0,4.27157,-72.84153,[0.31943547240034204,0.9474984500897363,0.014410622815053023]
2009-04-01T00:00:00.000Z,0,293.0,4.77157,-72.84153,[0.23866326523215642,0.9710319124641659,0.011699179668242963]
2009-04-01T00:00:00.000Z,0,1653.0,5.27157,-72.84153,[0.16199959647256146,0.986724814878329,0.011413607933294103]
2009-04-01T00:00:00.000Z,0,2686.0,5.77157,-72.84153,[0.15569557238908707,0.9877327112363683,0.011957419959481887]
2009-04-01T00:00:00.000Z,0,2685.0,6.27157,-72.84153,[0.1642036034835244,0.9863698978485836,0.010564147916422548]
2009-04-01T00:00:00.000Z,0,1547.0,6.77157,-72.84153,[0.132862743982489,0.9909854207134272,0.017186832019753167]
2009-04-01T00:00:00.000Z,0,3795.0,7.27157,-72.84153,[0.19353185368151016,0.980633470888993,0.030056902415340685]
2009-04-01T00:00:00.000Z,0,1328.0,7.77157,-72.84153,[0.27688781090770626,0.9595010263699699,0.05187408375781109]
2009-04-01T00:00:00.000Z,0,973.0,8.27157,-72.84153,[0.3422713937583339,0.9375791393308646,0.061608850876500094]
2009-04-01T00:00:00.000Z,0,83.0,8.77157,-72.84153,[0.3773585801984348,0.9232965948497787,0.07158142139846597]
2009-04-01T00:00:00.000Z,0,223.0,10.77157,-72.84153,[0.33831152279440396,0.9372482187044969,0.08432727957060514]
2009-04-01T00:00:00.000Z,0,51.0,11.27157,-72.84153,[0.3676748519247689,0.9256150118385791,0.08973323309212891]
2009-04-01T00:00:00.000Z,0,149.0,-2.22843,-72.34153,[0.30542234778079197,0.9521990842577631,0.005838956648750435]
2009-04-01T00:00:00.000Z,0,147.0,-1.72843,-72.34153,[0.3064052116074841,0.9518838375306031,0.005745097717640327]
2009-04-01T00:00:00.000Z,0,145.0,-1.22843,-72.34153,[0.30739569595566274,0.9515704999803971,0.004633538064037563]
2009-04-01T00:00:00.000Z,0,205.0,-0.72843,-72.34153,[0.30567811025022945,0.952130706372011,0.00283035287268731]
2009-04-01T00:00:00.000Z,0,176.0,-0.22843,-72.34153,[0.29968064763205876,0.9540395149335203,3.36719828800066E-4]
2009-04-01T00:00:00.000Z,0,150.0,0.27157,-72.34153,[0.29604674583960355,0.9551696894070228,0.002681178075528485]
2009-04-01T00:00:00.000Z,0,218.0,0.77157,-72.34153,[0.28835272921521604,0.957507154264267,0.005723031266866884]
2009-04-01T00:00:00.000Z,0,234.0,1.27157,-72.34153,[0.2860247241733694,0.9581828259807874,0.008690751234498532]
2009-04-01T00:00:00.000Z,0,237.0,1.77157,-72.34153,[0.2910994314299624,0.9566282842030444,0.01111066532175429]
2009-04-01T00:00:00.000Z,0,203.0,2.27157,-72.34153,[0.3022424382564001,0.9531390749508949,0.0132443315640445]
2009-04-01T00:00:00.000Z,0,188.0,2.77157,-72.34153,[0.30449327398629455,0.952400014874425,0.014766779076778945]
2009-04-01T00:00:00.000Z,0,220.0,3.27157,-72.34153,[0.3137265332759046,0.9493739495774575,0.0162716373602055]
2009-04-01T00:00:00.000Z,0,180.0,3.77157,-72.34153,[0.3247968722072181,0.9456263179759965,0.017258579187394613]
2009-04-01T00:00:00.000Z,0,190.0,4.27157,-72.34153,[0.33327871323445046,0.9426678932726246,0.017393743062965848]
2009-04-01T00:00:00.000Z,0,177.0,4.77157,-72.34153,[0.33232202173359077,0.9430097221886763,0.017167927322030516]
2009-04-01T00:00:00.000Z,0,257.0,5.27157,-72.34153,[0.26044747984307687,0.9653282739137894,0.017562284191253347]
2009-04-01T00:00:00.000Z,0,1342.0,5.77157,-72.34153,[0.18110097990622445,0.9832932398935273,0.01835318655425496]
2009-04-01T00:00:00.000Z,0,3317.0,6.27157,-72.34153,[0.17260017604436734,0.984907298267159,0.012914838347375739]
2009-04-01T00:00:00.000Z,0,3467.0,6.77157,-72.34153,[0.21239977681631542,0.977038973355051,0.016768403432867007]
2009-04-01T00:00:00.000Z,0,2203.0,7.27157,-72.34153,[0.21799208770726658,0.9755685509275694,0.027302969400959626]
2009-04-01T00:00:00.000Z,0,97.0,11.27157,-72.34153,[0.3559192228878599,0.9301860541430949,0.08986329315466533]
2009-04-01T00:00:00.000Z,0,19.0,11.77157,-72.34153,[0.36489277325021646,0.9263651039204439,0.09327892724635815]
2009-04-01T00:00:00.000Z,0,109.0,-2.22843,-71.84153,[0.30181504930761666,0.9533346206912171,0.007795960683222569]
2009-04-01T00:00:00.000Z,0,140.0,-1.72843,-71.84153,[0.30542062258273656,0.9521937056991199,0.006737219615795659]
2009-04-01T00:00:00.000Z,0,153.0,-1.22843,-71.84153,[0.30542447351145624,0.9522057115357165,0.004491536375168475]
2009-04-01T00:00:00.000Z,0,136.0,-0.72843,-71.84153,[0.3054266223930006,0.9522124109899431,0.002470362387002211]
2009-04-01T00:00:00.000Z,0,192.0,-0.22843,-71.84153,[0.29089749621055516,0.9567541225176054,4.4242965203126263E-4]
2009-04-01T00:00:00.000Z,0,216.0,0.27157,-71.84153,[0.289060036687654,0.9573052926043597,0.0032972627759047983]
2009-04-01T00:00:00.000Z,0,215.0,0.77157,-71.84153,[0.28583522439741116,0.9582598519070298,0.0060233476405584735]
2009-04-01T00:00:00.000Z,0,232.0,1.27157,-71.84153,[0.2761460794492304,0.9610753316264556,0.00880623324227861]
2009-04-01T00:00:00.000Z,0,233.0,1.77157,-71.84153,[0.2908779085548356,0.956689699239288,0.011612996349147428]
2009-04-01T00:00:00.000Z,0,159.0,2.27157,-71.84153,[0.30056146239135995,0.9536611814222098,0.013898142809826042]
2009-04-01T00:00:00.000Z,0,186.0,2.77157,-71.84153,[0.3079033855520692,0.9512835941683332,0.01596961589243941]
2009-04-01T00:00:00.000Z,0,222.0,3.27157,-71.84153,[0.31794087734520365,0.9479348380106998,0.018252161477224655]
2009-04-01T00:00:00.000Z,0,206.0,3.77157,-71.84153,[0.32659190848924896,0.9449552646361726,0.019931712062211518]
2009-04-01T00:00:00.000Z,0,189.0,4.27157,-71.84153,[0.3362645745011615,0.9415408086032522,0.020664986578435015]
2009-04-01T00:00:00.000Z,0,149.0,4.77157,-71.84153,[0.3439544419302202,0.9387348667842833,0.021729973768154706]
2009-04-01T00:00:00.000Z,0,172.0,5.27157,-71.84153,[0.3464846052987921,0.9377681165152091,0.02322451158705672]
2009-04-01T00:00:00.000Z,0,213.0,5.77157,-71.84153,[0.3265214736792527,0.9449333556475344,0.022015462998070827]
2009-04-01T00:00:00.000Z,0,412.0,6.27157,-71.84153,[0.30276084971623246,0.9529126345650344,0.0171283030516753]
2009-04-01T00:00:00.000Z,0,325.0,6.77157,-71.84153,[0.3220138093025318,0.9465990847044239,0.01603993314261668]
2009-04-01T00:00:00.000Z,0,174.0,11.77157,-71.84153,[0.3471496977909655,0.9332792600032478,0.09207013724021258]
2009-04-01T00:00:00.000Z,0,107.0,-2.22843,-71.34153,[0.29763446837230245,0.9546349985570884,0.009259739016027186]
2009-04-01T00:00:00.000Z,0,121.0,-1.72843,-71.34153,[0.30117717469120514,0.9535424940407895,0.007001535795404399]
2009-04-01T00:00:00.000Z,0,140.0,-1.22843,-71.34153,[0.30182264713716267,0.9533586197395248,0.003229836445379231]
2009-04-01T00:00:00.000Z,0,186.0,-0.72843,-71.34153,[0.3018241746341049,0.953363444600715,5.568711709116326E-4]
2009-04-01T00:00:00.000Z,0,201.0,-0.22843,-71.34153,[0.29168653074322043,0.9565116800598437,0.0020913373902344107]
2009-04-01T00:00:00.000Z,0,185.0,0.27157,-71.34153,[0.29168434150108247,0.9565045009978893,0.004402782513223886]
2009-04-01T00:00:00.000Z,0,228.0,0.77157,-71.34153,[0.2807458833652145,0.9597591826671287,0.0066377902656116605]
2009-04-01T00:00:00.000Z,0,342.0,1.27157,-71.34153,[0.28351543383849437,0.9589170658012397,0.009851887662341505]
2009-04-01T00:00:00.000Z,0,222.0,1.77157,-71.34153,[0.29343521832528324,0.9558874536353925,0.013226814765419965]
2009-04-01T00:00:00.000Z,0,164.0,2.27157,-71.34153,[0.3022326014001724,0.9531080538537273,0.015507815128023829]
2009-04-01T00:00:00.000Z,0,189.0,2.77157,-71.34153,[0.31031076865645435,0.950470391403288,0.01769920680484962]
2009-04-01T00:00:00.000Z,0,209.0,3.27157,-71.34153,[0.320761131340096,0.9469528987724157,0.01981171693571181]
2009-04-01T00:00:00.000Z,0,171.0,3.77157,-71.34153,[0.3283960909474897,0.94428912598454,0.021772781121426974]
2009-04-01T00:00:00.000Z,0,165.0,4.27157,-71.34153,[0.3388852086082389,0.9405292383837353,0.023697407703402208]
2009-04-01T00:00:00.000Z,0,131.0,4.77157,-71.34153,[0.348543886342547,0.9369459310283522,0.02548492932397118]
2009-04-01T00:00:00.000Z,0,146.0,5.27157,-71.34153,[0.34976497131085643,0.936467503832293,0.026326395690064463]
2009-04-01T00:00:00.000Z,0,151.0,5.77157,-71.34153,[0.3506037437450232,0.9361999608962088,0.02463022715914858]
2009-04-01T00:00:00.000Z,0,157.0,6.27157,-71.34153,[0.3444827599103058,0.9385907081614129,0.0194707646905825]
2009-04-01T00:00:00.000Z,0,154.0,6.77157,-71.34153,[0.3356682259837385,0.9418383190605997,0.016353067419720597]
2009-04-01T00:00:00.000Z,0,97.0,-2.22843,-70.84153,[0.29162199049548604,0.9564766031549711,0.010446160853569648]
2009-04-01T00:00:00.000Z,0,137.0,-1.72843,-70.84153,[0.29601242401551703,0.9551627659682854,0.006382424012230479]
2009-04-01T00:00:00.000Z,0,114.0,-1.22843,-70.84153,[0.2908565797031677,0.9567650648130517,0.0017495132613724374]
2009-04-01T00:00:00.000Z,0,155.0,-0.72843,-70.84153,[0.2943180753168547,0.9557070086131575,9.92083399944454E-4]
2009-04-01T00:00:00.000Z,0,183.0,-0.22843,-70.84153,[0.2907671629598798,0.9567885513245856,0.003181980273900571]
2009-04-01T00:00:00.000Z,0,193.0,0.27157,-70.84153,[0.28824549321780535,0.9575427937576336,0.0051316432504685035]
2009-04-01T00:00:00.000Z,0,250.0,0.77157,-70.84153,[0.2875410059360859,0.957741145247191,0.007215857943643221]
2009-04-01T00:00:00.000Z,0,316.0,1.27157,-70.84153,[0.2909691966126882,0.9566714494689902,0.010801129268198276]
2009-04-01T00:00:00.000Z,0,186.0,1.77157,-70.84153,[0.2960866318767461,0.9550463539483012,0.014804331593837304]
2009-04-01T00:00:00.000Z,0,191.0,2.27157,-70.84153,[0.30227384267784213,0.9530649144133455,0.017256678331981287]
2009-04-01T00:00:00.000Z,0,160.0,2.77157,-70.84153,[0.3110000940948097,0.9502143096328503,0.019279710630231744]
2009-04-01T00:00:00.000Z,0,240.0,3.27157,-70.84153,[0.323920144931797,0.9458468232008472,0.021202045850081258]
2009-04-01T00:00:00.000Z,0,186.0,3.77157,-70.84153,[0.32796865843818035,0.9444061003931544,0.023101441999477668]
2009-04-01T00:00:00.000Z,0,176.0,4.27157,-70.84153,[0.3369196352942006,0.9411776768544515,0.02587933430520671]
2009-04-01T00:00:00.000Z,0,146.0,4.77157,-70.84153,[0.34259861882428,0.9390652789356164,0.027974779306874663]
2009-04-01T00:00:00.000Z,0,123.0,5.27157,-70.84153,[0.35386334142620246,0.9348517353280881,0.028861194513484595]
2009-04-01T00:00:00.000Z,0,120.0,5.77157,-70.84153,[0.3598645524769895,0.932606727546001,0.027243267176955195]
2009-04-01T00:00:00.000Z,0,126.0,6.27157,-70.84153,[0.3592266185311532,0.932973726573843,0.022721400960097674]
2009-04-01T00:00:00.000Z,0,122.0,6.77157,-70.84153,[0.3505059590712933,0.9363516335190263,0.019778550547594406]
2009-04-01T00:00:00.000Z,0,97.0,-3.72843,-70.34153,[0.2831268285651035,0.9590123027712716,0.011601813651727928]
2009-04-01T00:00:00.000Z,0,132.0,-2.22843,-70.34153,[0.2907131481507721,0.9567499875708245,0.010739030472733745]
2009-04-01T00:00:00.000Z,0,129.0,-1.72843,-70.34153,[0.29254730037734616,0.9562366982483405,0.005239653141086797]
2009-04-01T00:00:00.000Z,0,144.0,-1.22843,-70.34153,[0.2880454248882298,0.9576151672699262,0.0017391421880044065]
2009-04-01T00:00:00.000Z,0,134.0,-0.72843,-70.34153,[0.2908569970100871,0.9567664375331811,4.373789428723114E-4]
2009-04-01T00:00:00.000Z,0,170.0,-0.22843,-70.34153,[0.2898547642657171,0.9570676178584999,0.0024063414391870853]
2009-04-01T00:00:00.000Z,0,177.0,0.27157,-70.34153,[0.2889452791616937,0.9573356796376116,0.004361438176025565]
2009-04-01T00:00:00.000Z,0,190.0,0.77157,-70.34153,[0.2898501661195638,0.9570524353004466,0.006125135585922859]
2009-04-01T00:00:00.000Z,0,195.0,1.27157,-70.34153,[0.29075283950241493,0.9567414190419087,0.010423215001029967]
2009-04-01T00:00:00.000Z,0,216.0,1.77157,-70.34153,[0.294209468381004,0.9556277469217573,0.0147104734190502]
2009-04-01T00:00:00.000Z,0,168.0,2.27157,-70.34153,[0.3003326079736906,0.953668094722428,0.017818240547692838]
2009-04-01T00:00:00.000Z,0,193.0,2.77157,-70.34153,[0.31272342648160734,0.9496253500119138,0.02039002560942348]
2009-04-01T00:00:00.000Z,0,177.0,3.27157,-70.34153,[0.3217376583530386,0.9465615166038671,0.022498321761643635]
2009-04-01T00:00:00.000Z,0,174.0,3.77157,-70.34153,[0.32570732412286457,0.9451434350910761,0.024872195660291477]
2009-04-01T00:00:00.000Z,0,118.0,4.27157,-70.34153,[0.33043406812523196,0.9434132089952275,0.028015062297574014]
2009-04-01T00:00:00.000Z,0,116.0,4.77157,-70.34153,[0.3382635893032329,0.9405674623431619,0.03017603242705099]
2009-04-01T00:00:00.000Z,0,124.0,5.27157,-70.34153,[0.35437426238561676,0.9345997272071374,0.03069579878410624]
2009-04-01T00:00:00.000Z,0,105.0,5.77157,-70.34153,[0.35923569746443024,0.9327523372760645,0.030377474768044806]
2009-04-01T00:00:00.000Z,0,104.0,6.27157,-70.34153,[0.36071061509769087,0.9322591249355814,0.027942371592074647]
2009-04-01T00:00:00.000Z,0,109.0,6.77157,-70.34153,[0.35851988462558665,0.9331687777134066,0.0256812115937477]
2009-04-01T00:00:00.000Z,0,140.0,-3.72843,-69.84153,[0.2832370866344275,0.958975004934541,0.01198718756168176]
2009-04-01T00:00:00.000Z,0,128.0,-3.22843,-69.84153,[0.2846772701752578,0.9585200969571416,0.014073932458102635]
2009-04-01T00:00:00.000Z,0,61.0,-2.72843,-69.84153,[0.2864344569083186,0.9579998877120917,0.013838968142761459]
2009-04-01T00:00:00.000Z,0,111.0,-2.22843,-69.84153,[0.2847666866757202,0.9585354132631789,0.0108533718317916]
2009-04-01T00:00:00.000Z,0,145.0,-1.72843,-69.84153,[0.2856615187206405,0.9583135477081111,0.00571323037441281]
2009-04-01T00:00:00.000Z,0,68.0,-1.22843,-69.84153,[0.2865522088802806,0.95805757384124,0.003676518906388506]
2009-04-01T00:00:00.000Z,0,122.0,-0.72843,-69.84153,[0.289946330547949,0.9570408955680421,0.0019620428382943916]
2009-04-01T00:00:00.000Z,0,188.0,0.77157,-69.84153,[0.28994205022677305,0.9570267672898749,0.005777040850383072]
2009-04-01T00:00:00.000Z,0,195.0,1.77157,-69.84153,[0.29522897422989064,0.9553476918899834,0.012273564097197704]
2009-04-01T00:00:00.000Z,0,182.0,2.27157,-69.84153,[0.30637484136238,0.9517894887912174,0.015206104258794598]
2009-04-01T00:00:00.000Z,0,180.0,2.77157,-69.84153,[0.31003044145749065,0.9505328919410977,0.01919236066165418]
2009-04-01T00:00:00.000Z,0,198.0,3.27157,-69.84153,[0.3171806322520558,0.9480817444043268,0.023183020757332074]
2009-04-01T00:00:00.000Z,0,149.0,3.77157,-69.84153,[0.31995627654638703,0.9470705785773057,0.026178240808340757]
2009-04-01T00:00:00.000Z,0,188.0,4.27157,-69.84153,[0.32563293698675383,0.9450434149506877,0.029259771149534403]
2009-04-01T00:00:00.000Z,0,143.0,4.77157,-69.84153,[0.3340285666259572,0.942008619549462,0.03232146921668435]
2009-04-01T00:00:00.000Z,0,100.0,5.27157,-69.84153,[0.3427256559235813,0.9388234931906674,0.033905359532440005]
2009-04-01T00:00:00.000Z,0,112.0,5.77157,-69.84153,[0.3538030987805362,0.9346925836577995,0.03425115105215829]
2009-04-01T00:00:00.000Z,0,98.0,6.27157,-69.84153,[0.3696567028096167,0.9286497655948908,0.031040859016417295]
2009-04-01T00:00:00.000Z,0,169.0,0.77157,-69.34153,[0.29154987475307637,0.9565456564932393,0.004367788385813878]
2009-04-01T00:00:00.000Z,0,182.0,1.77157,-69.34153,[0.29920871761129897,0.9541433550493644,0.00919789761545845]
2009-04-01T00:00:00.000Z,0,167.0,2.27157,-69.34153,[0.3044317327744903,0.952468399231953,0.011192343116709202]
2009-04-01T00:00:00.000Z,0,128.0,2.77157,-69.34153,[0.30973344847655526,0.9506782122948283,0.016617086469362635]
2009-04-01T00:00:00.000Z,0,182.0,3.27157,-69.34153,[0.31340908781866883,0.9493446187380041,0.022793388204994096]
2009-04-01T00:00:00.000Z,0,123.0,3.77157,-69.34153,[0.31888272648727234,0.9474052018824758,0.027151246639314855]
2009-04-01T00:00:00.000Z,0,172.0,4.27157,-69.34153,[0.3251897494372385,0.9451558185082326,0.03053040453349613]
2009-04-01T00:00:00.000Z,0,142.0,4.77157,-69.34153,[0.329107340366582,0.943676961624608,0.034090330238688966]
2009-04-01T00:00:00.000Z,0,117.0,5.27157,-69.34153,[0.34326142863302117,0.9384913527519834,0.03749096454573423]
2009-04-01T00:00:00.000Z,0,83.0,5.77157,-69.34153,[0.36303789505982786,0.9309961350663181,0.03807470606725024]
2009-04-01T00:00:00.000Z,0,139.0,1.77157,-68.84153,[0.2966376729259042,0.9549748132112752,0.005403437164821304]
2009-04-01T00:00:00.000Z,0,178.0,2.27157,-68.84153,[0.30277736622898593,0.9530224848462177,0.008602899335657534]
2009-04-01T00:00:00.000Z,0,155.0,2.77157,-68.84153,[0.31176905909359226,0.9500453509833829,0.014624803135663056]
2009-04-01T00:00:00.000Z,0,154.0,3.27157,-68.84153,[0.31615340172377676,0.9484602051713303,0.02168561239260563]
2009-04-01T00:00:00.000Z,0,118.0,3.77157,-68.84153,[0.32128425653944115,0.9465794224925471,0.02763735540124225]
2009-04-01T00:00:00.000Z,0,168.0,4.27157,-68.84153,[0.32862793865218554,0.9439313131498946,0.03158091183501499]
2009-04-01T00:00:00.000Z,0,130.0,4.77157,-68.84153,[0.33581651390641964,0.941232200948979,0.03618304692090296]
2009-04-01T00:00:00.000Z,0,118.0,5.27157,-68.84153,[0.35150788401906463,0.935305943141637,0.04055860200219976]
2009-04-01T00:00:00.000Z,0,76.0,5.77157,-68.84153,[0.37417321308842105,0.926463126927837,0.040749000603465035]
2009-04-01T00:00:00.000Z,0,140.0,1.77157,-68.34153,[0.2975807992465678,0.9546923039025575,0.0028762456432753765]
2009-04-01T00:00:00.000Z,0,115.0,2.27157,-68.34153,[0.29947397261992587,0.9540862250382025,0.005900416560913038]
2009-04-01T00:00:00.000Z,0,126.0,2.77157,-68.34153,[0.3097568184757348,0.9507499428397553,0.01119194344127655]
2009-04-01T00:00:00.000Z,0,132.0,3.27157,-68.34153,[0.3168590467450486,0.9482893492839182,0.01864549625250647]
2009-04-01T00:00:00.000Z,0,110.0,3.77157,-68.34153,[0.32512329360164605,0.9452872984788072,0.02695862185380197]
2009-04-01T00:00:00.000Z,0,121.0,4.27157,-68.34153,[0.33936974349441146,0.9400660142092583,0.03322749056513227]
2009-04-01T00:00:00.000Z,0,109.0,4.77157,-68.34153,[0.35099098125150413,0.9355725120945265,0.03885107068335615]
2009-04-01T00:00:00.000Z,0,89.0,5.27157,-68.34153,[0.36604721981072796,0.9295838331275875,0.0433973508023028]
2009-04-01T00:00:00.000Z,0,65.0,5.77157,-68.34153,[0.3915844867359073,0.9189710008583414,0.0464100132427742]
2009-04-01T00:00:00.000Z,0,136.0,2.27157,-67.84153,[0.3064068388397888,0.951888892719197,0.0047312820703202686]
2009-04-01T00:00:00.000Z,0,120.0,2.77157,-67.84153,[0.31347814160775384,0.9495537889427598,0.008891380016510835]
2009-04-01T00:00:00.000Z,0,103.0,3.27157,-67.84153,[0.32308877625537463,0.9461885590335971,0.018462215786021408]
2009-04-01T00:00:00.000Z,0,95.0,3.77157,-67.84153,[0.33404398287876885,0.9421451770630065,0.027876205613474727]
2009-04-01T00:00:00.000Z,0,110.0,4.27157,-67.84153,[0.3436542879277775,0.9384405554950846,0.03508638184437449]
2009-04-01T00:00:00.000Z,0,101.0,4.77157,-67.84153,[0.3599176987228428,0.932062730140879,0.04145259012876879]
2009-04-01T00:00:00.000Z,0,80.0,5.77157,-67.84153,[0.4118026965859171,0.9097966552479564,0.051851568772778266]
2009-04-01T00:00:00.000Z,0,54.0,6.27157,-67.84153,[0.4187486871645231,0.9068266271708548,0.04811450147221508]
2009-04-01T00:00:00.000Z,0,114.0,2.27157,-67.34153,[0.31622460901706484,0.9486738270511945,0.004468391214371569]
