2009-05-01T00:00:00.000Z,2,10.0,1.77157,-78.84153,[0.30616578464315314,0.9518763304507054,0.013927090203692302]
2009-05-01T00:00:00.000Z,2,235.0,1.27157,-78.34153,[0.3133754618952914,0.9495867769883736,0.008987371737374395]
2009-05-01T00:00:00.000Z,2,57.0,1.77157,-78.34153,[0.3120008022901593,0.950024914838575,0.010400026743005312]
2009-05-01T00:00:00.000Z,8,1772.0,1.27157,-77.84153,[0.28184513919728876,0.9594478280174371,0.004814854461287016]
2009-05-01T00:00:00.000Z,2,528.0,1.77157,-77.84153,[0.3105903176030262,0.9505235757586952,0.006211806352060524]
2009-05-01T00:00:00.000Z,2,116.0,2.27157,-77.84153,[0.3113549365730179,0.9502691558604003,0.006828974445281805]
2009-05-01T00:00:00.000Z,0,167.0,7.27157,-77.84153,[0.27151333253143295,0.9612447821072504,0.04784327674041782]
2009-05-01T00:00:00.000Z,1,2201.0,0.77157,-77.34153,[0.19956187130096595,0.9798846375257012,0.0010754831387477207]
2009-05-01T00:00:00.000Z,1,2447.0,1.27157,-77.34153,[0.2422571770133261,0.9702104503801986,0.0017726134903414104]
2009-05-01T00:00:00.000Z,1,1706.0,1.77157,-77.34153,[0.22800097561978142,0.9736572275191685,0.002675521652681108]
2009-05-01T00:00:00.000Z,2,2096.0,2.27157,-77.34153,[0.2916762509379912,0.956509162995032,0.0038968891825723524]
2009-05-01T00:00:00.000Z,2,57.0,2.77157,-77.34153,[0.30679692494941874,0.9517677330817196,0.0037187506054475]
2009-05-01T00:00:00.000Z,2,74.0,3.27157,-77.34153,[0.29463551477500755,0.9556049205440358,0.0030247752467396213]
2009-05-01T00:00:00.000Z,2,28.0,4.27157,-77.34153,[0.2864515662690299,0.9580936856649751,0.0014105569551126475]
2009-05-01T00:00:00.000Z,8,14.0,5.27157,-77.34153,[0.27144099697151386,0.962284946126465,0.018096066464767593]
2009-05-01T00:00:00.000Z,0,499.0,6.27157,-77.34153,[0.28424936731031514,0.9581069407795565,0.03511961294953701]
2009-05-01T00:00:00.000Z,0,695.0,6.77157,-77.34153,[0.29672376578110204,0.9539948997943357,0.04299695323016724]
2009-05-01T00:00:00.000Z,0,345.0,7.27157,-77.34153,[0.2959326989968587,0.9539345713876013,0.04932211649947645]
2009-05-01T00:00:00.000Z,8,279.0,0.27157,-76.84153,[0.2832477135077327,0.9590462000925719,0.0010577715442197486]
2009-05-01T00:00:00.000Z,1,485.0,0.77157,-76.84153,[0.20984930410829744,0.9777336291973189,4.6893699242077646E-4]
2009-05-01T00:00:00.000Z,11,3335.0,1.27157,-76.84153,[0.1775222452173056,0.9841166077147278,5.957122322728377E-4]
2009-05-01T00:00:00.000Z,11,2008.0,1.77157,-76.84153,[0.18032780827473194,0.9836062269530833,8.196718557942362E-4]
2009-05-01T00:00:00.000Z,1,1013.0,2.27157,-76.84153,[0.22365574561245816,0.9746681966690282,1.177135503223464E-4]
2009-05-01T00:00:00.000Z,8,2856.0,2.77157,-76.84153,[0.26241077730747286,0.9649559947352072,7.156657562931079E-4]
2009-05-01T00:00:00.000Z,8,1911.0,3.27157,-76.84153,[0.26499353837097395,0.9642496153939404,0.0010506351741580466]
2009-05-01T00:00:00.000Z,8,794.0,3.77157,-76.84153,[0.2813063657917865,0.9596176833058523,7.940099034445587E-4]
2009-05-01T00:00:00.000Z,2,70.0,4.27157,-76.84153,[0.29392719910188664,0.9558243268504101,0.0025802769386806847]
2009-05-01T00:00:00.000Z,2,24.0,4.77157,-76.84153,[0.29344383211799363,0.9559155137177066,0.010781837771002039]
2009-05-01T00:00:00.000Z,2,133.0,5.27157,-76.84153,[0.2917806976414473,0.956330651585276,0.017196200811568186]
2009-05-01T00:00:00.000Z,2,76.0,5.77157,-76.84153,[0.2888851606003157,0.9570018061585748,0.02632312660296313]
2009-05-01T00:00:00.000Z,0,38.0,6.27157,-76.84153,[0.2839937681580048,0.958199446107914,0.03466065674369351]
2009-05-01T00:00:00.000Z,0,20.0,6.77157,-76.84153,[0.30493523133843575,0.9513522385951946,0.04408426939948921]
2009-05-01T00:00:00.000Z,0,15.0,7.27157,-76.84153,[0.30553775748992756,0.9508152602485059,0.05096096179029761]
2009-05-01T00:00:00.000Z,5,8.0,7.77157,-76.84153,[0.31468791692339726,0.9474967098639016,0.05675825701600183]
2009-05-01T00:00:00.000Z,8,294.0,0.77157,-76.34153,[0.26806407978668295,0.963391867530306,0.004214107804506807]
2009-05-01T00:00:00.000Z,1,1412.0,1.27157,-76.34153,[0.2050693124692462,0.9787399004214022,0.003845049608798366]
2009-05-01T00:00:00.000Z,11,2388.0,1.77157,-76.34153,[0.16100807252053287,0.98694261247319,0.004547556246763142]
2009-05-01T00:00:00.000Z,11,3852.0,2.27157,-76.34153,[0.16557338348085857,0.9861889118275955,0.0041091204659483155]
2009-05-01T00:00:00.000Z,1,2450.0,2.77157,-76.34153,[0.22598755002599905,0.974125281427859,0.003092461210882092]
2009-05-01T00:00:00.000Z,1,990.0,3.27157,-76.34153,[0.2303487269933035,0.9731058466859963,0.002115447492795644]
2009-05-01T00:00:00.000Z,8,962.0,3.77157,-76.34153,[0.24636145181901942,0.9691766547974633,0.0016269152478614493]
2009-05-01T00:00:00.000Z,1,1899.0,4.27157,-76.34153,[0.21539287710685606,0.9765221112357464,0.003236473282952759]
2009-05-01T00:00:00.000Z,8,1358.0,4.77157,-76.34153,[0.24676545859762408,0.9690333077349622,0.009014263327767091]
2009-05-01T00:00:00.000Z,1,407.0,5.27157,-76.34153,[0.2306291595954394,0.9728967946040622,0.016793385407434906]
2009-05-01T00:00:00.000Z,1,480.0,5.77157,-76.34153,[0.22470081805939723,0.9740837493539354,0.025891921674864555]
2009-05-01T00:00:00.000Z,1,1095.0,6.27157,-76.34153,[0.2240732419641935,0.9739867050202382,0.03377988572324526]
2009-05-01T00:00:00.000Z,8,1485.0,6.77157,-76.34153,[0.25282759905774665,0.9665621486101466,0.04284644709695441]
2009-05-01T00:00:00.000Z,0,827.0,7.27157,-76.34153,[0.28594266910130206,0.9568947588035699,0.05088428599755453]
2009-05-01T00:00:00.000Z,0,201.0,7.77157,-76.34153,[0.30572962244593954,0.9503954555435573,0.057252738285756465]
2009-05-01T00:00:00.000Z,5,165.0,8.27157,-76.34153,[0.3084716476618032,0.9492307687240047,0.06169432953236064]
2009-05-01T00:00:00.000Z,5,99.0,8.77157,-76.34153,[0.3199731226578488,0.9449565960506973,0.06836835786286409]
2009-05-01T00:00:00.000Z,2,267.0,0.27157,-75.84153,[0.3033873387281991,0.9528258606932505,0.008888300939302709]
2009-05-01T00:00:00.000Z,2,241.0,0.77157,-75.84153,[0.29772537677927147,0.9546115255462355,0.008742729318121464]
2009-05-01T00:00:00.000Z,8,250.0,1.27157,-75.84153,[0.24669172153404667,0.9690617386576665,0.007908299207072311]
2009-05-01T00:00:00.000Z,8,1712.0,1.77157,-75.84153,[0.25674976251642667,0.9664448607929645,0.007993152984001963]
2009-05-01T00:00:00.000Z,1,1262.0,2.27157,-75.84153,[0.22714664250437192,0.973830818396403,0.007611828977540123]
2009-05-01T00:00:00.000Z,1,2705.0,2.77157,-75.84153,[0.18814038687282858,0.9821164849336333,0.007099637240484097]
2009-05-01T00:00:00.000Z,11,1867.0,3.27157,-75.84153,[0.1666793924879566,0.9859907724639687,0.006338512108696942]
2009-05-01T00:00:00.000Z,1,3782.0,3.77157,-75.84153,[0.18567862138448388,0.982597424966337,0.005074446795600801]
2009-05-01T00:00:00.000Z,1,2035.0,4.27157,-75.84153,[0.23452435410766612,0.9721034477762761,0.0036351274886688247]
2009-05-01T00:00:00.000Z,1,1185.0,4.77157,-75.84153,[0.23652615233925298,0.9716123316681078,0.0049856002698960185]
2009-05-01T00:00:00.000Z,8,1530.0,5.27157,-75.84153,[0.2529346539118351,0.9673851455300992,0.013785538009412813]
2009-05-01T00:00:00.000Z,8,1704.0,5.77157,-75.84153,[0.2436097311166596,0.9695422464542434,0.025340308714144992]
2009-05-01T00:00:00.000Z,1,488.0,6.27157,-75.84153,[0.20749277330038005,0.977677813178062,0.03305817066141648]
2009-05-01T00:00:00.000Z,1,896.0,6.77157,-75.84153,[0.21354431968119159,0.9760428852443992,0.041702634157635844]
2009-05-01T00:00:00.000Z,0,2421.0,7.27157,-75.84153,[0.2653148738292023,0.9628718962718135,0.04985708670707094]
2009-05-01T00:00:00.000Z,5,131.0,7.77157,-75.84153,[0.3150044184805388,0.9473209801191294,0.05792388940557892]
2009-05-01T00:00:00.000Z,5,43.0,8.27157,-75.84153,[0.3149148287657447,0.9470431346823857,0.0627531009146338]
2009-05-01T00:00:00.000Z,5,10.0,8.77157,-75.84153,[0.3178903621787244,0.9456666529561334,0.06826638353262535]
2009-05-01T00:00:00.000Z,5,155.0,9.27157,-75.84153,[0.325049787374902,0.9426443833872158,0.07592234319399496]
2009-05-01T00:00:00.000Z,2,228.0,0.27157,-75.34153,[0.3041024292414082,0.9525387375071346,0.013844351837060216]
2009-05-01T00:00:00.000Z,2,189.0,0.77157,-75.34153,[0.30058259233957185,0.9536130086380928,0.016502573697074533]
2009-05-01T00:00:00.000Z,2,244.0,1.27157,-75.34153,[0.2943771060251709,0.9555385901220266,0.016974163774838482]
2009-05-01T00:00:00.000Z,1,1357.0,1.77157,-75.34153,[0.2391352007940892,0.9708889152240022,0.013750274045660128]
2009-05-01T00:00:00.000Z,8,2437.0,2.27157,-75.34153,[0.274374368049931,0.9615574443931671,0.011224405965678995]
2009-05-01T00:00:00.000Z,2,485.0,2.77157,-75.34153,[0.31429117603166606,0.949261560128162,0.011115175737705263]
2009-05-01T00:00:00.000Z,2,694.0,3.27157,-75.34153,[0.3150814203220608,0.9490101743564858,0.010167966153819492]
2009-05-01T00:00:00.000Z,8,442.0,3.77157,-75.34153,[0.25721419152976505,0.9663230406554016,0.007787218642644263]
2009-05-01T00:00:00.000Z,11,2270.0,4.27157,-75.34153,[0.14767018610172275,0.9890179691014541,0.00608053707477682]
2009-05-01T00:00:00.000Z,11,4229.0,4.77157,-75.34153,[0.18021352780631902,0.9836170614461024,0.004534404893191252]
2009-05-01T00:00:00.000Z,1,3209.0,5.27157,-75.34153,[0.2003909466727373,0.979689072622271,0.007265636662988135]
2009-05-01T00:00:00.000Z,1,1992.0,5.77157,-75.34153,[0.22081354234140993,0.9751603464482805,0.017426366044241]
2009-05-01T00:00:00.000Z,1,2185.0,6.27157,-75.34153,[0.22510307477619781,0.9738915411301822,0.0293916968101564]
2009-05-01T00:00:00.000Z,8,2092.0,6.77157,-75.34153,[0.2569109193902935,0.9656306970186892,0.03942253763057951]
2009-05-01T00:00:00.000Z,0,869.0,7.27157,-75.34153,[0.3089751448311554,0.9497280282079424,0.050507745077565246]
2009-05-01T00:00:00.000Z,5,83.0,7.77157,-75.34153,[0.3229835183354285,0.944639967604694,0.057766586254257644]
2009-05-01T00:00:00.000Z,5,30.0,8.27157,-75.34153,[0.3281691180270373,0.9424643354014914,0.06376524499742432]
2009-05-01T00:00:00.000Z,5,74.0,8.77157,-75.34153,[0.3234865597497817,0.9436964027232838,0.06923543275220147]
2009-05-01T00:00:00.000Z,5,180.0,9.27157,-75.34153,[0.3112376514618068,0.9474440272440295,0.07403336782933419]
2009-05-01T00:00:00.000Z,5,136.0,9.77157,-75.34153,[0.31863008313751057,0.9444287356306069,0.08080367216257012]
2009-05-01T00:00:00.000Z,7,79.0,10.27157,-75.34153,[0.32187871493436315,0.9426448080220634,0.08840168992304473]
2009-05-01T00:00:00.000Z,2,205.0,0.27157,-74.84153,[0.3040874277112125,0.9524917482783115,0.017038361708332526]
2009-05-01T00:00:00.000Z,2,239.0,0.77157,-74.84153,[0.2995543706762428,0.9538750940749379,0.01973534677396423]
2009-05-01T00:00:00.000Z,2,226.0,1.27157,-74.84153,[0.2995550630856155,0.9538772989236072,0.01961791981776384]
2009-05-01T00:00:00.000Z,2,258.0,1.77157,-74.84153,[0.29673274815810385,0.954809407379705,0.016990342838084975]
2009-05-01T00:00:00.000Z,1,576.0,2.27157,-74.84153,[0.2284808426707748,0.9734235901286135,0.015589057494724739]
2009-05-01T00:00:00.000Z,8,1998.0,2.77157,-74.84153,[0.24914604044801825,0.9683557926772729,0.01460511271591831]
2009-05-01T00:00:00.000Z,8,2106.0,3.27157,-74.84153,[0.2489554238853137,0.9684246871711006,0.013222034474291782]
2009-05-01T00:00:00.000Z,2,361.0,3.77157,-74.84153,[0.31881532135970897,0.9477283576356973,0.012951872430238176]
2009-05-01T00:00:00.000Z,2,289.0,4.27157,-74.84153,[0.2996502097199039,0.9539884227817349,0.010762946308306752]
2009-05-01T00:00:00.000Z,2,277.0,4.77157,-74.84153,[0.309625715211041,0.9508191254512283,0.008654892039363744]
2009-05-01T00:00:00.000Z,2,325.0,5.27157,-74.84153,[0.319115021558494,0.9476749125070429,0.008824013853700782]
2009-05-01T00:00:00.000Z,2,379.0,5.77157,-74.84153,[0.2974372984925582,0.9546208947666295,0.015165775298632415]
2009-05-01T00:00:00.000Z,8,978.0,6.27157,-74.84153,[0.2717771950616201,0.962023041933601,0.02547200489280457]
2009-05-01T00:00:00.000Z,0,1143.0,6.77157,-74.84153,[0.28281617788048113,0.9584326028171862,0.037708823717397484]
2009-05-01T00:00:00.000Z,0,322.0,7.27157,-74.84153,[0.30460947741104616,0.9511968811348653,0.049371647639857304]
2009-05-01T00:00:00.000Z,5,55.0,7.77157,-74.84153,[0.32718661178704267,0.9431357848665642,0.058684004391697325]
2009-05-01T00:00:00.000Z,5,27.0,8.27157,-74.84153,[0.3327947237429489,0.9407624699447318,0.0649126104261865]
2009-05-01T00:00:00.000Z,5,14.0,8.77157,-74.84153,[0.33632830256338314,0.9391138870871931,0.07034472243755269]
2009-05-01T00:00:00.000Z,5,48.0,9.27157,-74.84153,[0.3290072864193389,0.9413589262674324,0.07481695943841905]
2009-05-01T00:00:00.000Z,5,15.0,9.77157,-74.84153,[0.3288545415785391,0.9409218912069233,0.08075075931999715]
2009-05-01T00:00:00.000Z,5,5.0,10.27157,-74.84153,[0.33649997241787305,0.9374771161396184,0.08890683481777488]
2009-05-01T00:00:00.000Z,2,171.0,-0.72843,-74.34153,[0.3169322768508882,0.9483958284553096,0.009964158704024138]
2009-05-01T00:00:00.000Z,2,219.0,-0.22843,-74.34153,[0.30586659130413935,0.9519801271985422,0.013396482487351839]
2009-05-01T00:00:00.000Z,2,201.0,0.27157,-74.34153,[0.30130848304905794,0.9533588721474099,0.017890191181037816]
2009-05-01T00:00:00.000Z,2,242.0,0.77157,-74.34153,[0.3002744564493091,0.9536059886456574,0.021699521266844605]
2009-05-01T00:00:00.000Z,2,251.0,1.27157,-74.34153,[0.29926777375572944,0.9539160288463875,0.021977477135186378]
2009-05-01T00:00:00.000Z,2,298.0,1.77157,-74.34153,[0.3079264898492507,0.9512302806583443,0.018499459661485994]
2009-05-01T00:00:00.000Z,2,313.0,2.27157,-74.34153,[0.3070430383173727,0.9514693361297241,0.0207527112854825]
2009-05-01T00:00:00.000Z,8,364.0,2.77157,-74.34153,[0.2748363261218511,0.9613217750693823,0.018039917441478332]
2009-05-01T00:00:00.000Z,11,899.0,3.27157,-74.34153,[0.16781574343333566,0.9856044035972774,0.02053864322616944]
2009-05-01T00:00:00.000Z,11,3444.0,3.77157,-74.34153,[0.16457773730518607,0.9861906274178979,0.0184990479916682]
2009-05-01T00:00:00.000Z,1,2263.0,4.27157,-74.34153,[0.1850588815765,0.9826029647578032,0.01564046031388484]
2009-05-01T00:00:00.000Z,1,2655.0,4.77157,-74.34153,[0.21764698081133732,0.975938323531688,0.013197742453453431]
2009-05-01T00:00:00.000Z,2,1104.0,5.27157,-74.34153,[0.28494930937718355,0.9584658588141629,0.012128007795805747]
2009-05-01T00:00:00.000Z,2,744.0,5.77157,-74.34153,[0.31230910593076705,0.9498423560074833,0.016202502488137538]
2009-05-01T00:00:00.000Z,4,119.0,6.27157,-74.34153,[0.31997928843741114,0.947138693774737,0.023271220977266267]
2009-05-01T00:00:00.000Z,8,97.0,6.77157,-74.34153,[0.2754526778891117,0.9607522837664582,0.03287660994160366]
2009-05-01T00:00:00.000Z,0,575.0,7.27157,-74.34153,[0.26054394952063903,0.9643369417942323,0.04659520425037154]
2009-05-01T00:00:00.000Z,0,1234.0,7.77157,-74.34153,[0.2989242669323256,0.9524659151683986,0.05876191863270431]
2009-05-01T00:00:00.000Z,5,715.0,8.27157,-74.34153,[0.3246092105194562,0.9435773108647991,0.06550357904030603]
2009-05-01T00:00:00.000Z,5,14.0,8.77157,-74.34153,[0.335204086371171,0.9395156787022961,0.07034564629479505]
2009-05-01T00:00:00.000Z,5,37.0,9.27157,-74.34153,[0.3363584717924515,0.9387025436193593,0.07550174207256093]
2009-05-01T00:00:00.000Z,5,95.0,9.77157,-74.34153,[0.3318166717159688,0.9399504294872282,0.07994302019633838]
2009-05-01T00:00:00.000Z,5,119.0,10.27157,-74.34153,[0.32521272293038267,0.9417131005717915,0.08609948348084952]
2009-05-01T00:00:00.000Z,9,5.0,10.77157,-74.34153,[0.2973001330083565,0.9501945427521983,0.09350380653831447]
2009-05-01T00:00:00.000Z,2,156.0,-1.22843,-73.84153,[0.32200630364542904,0.9467226530399317,0.005306470921497707]
2009-05-01T00:00:00.000Z,2,195.0,-0.72843,-73.84153,[0.3126353105255471,0.9498385770165476,0.008114198899136338]
2009-05-01T00:00:00.000Z,2,174.0,-0.22843,-73.84153,[0.30133666161187167,0.9534480308813126,0.01153554407732946]
2009-05-01T00:00:00.000Z,2,241.0,0.27157,-73.84153,[0.29757066075680794,0.954560001957133,0.016337212747432592]
2009-05-01T00:00:00.000Z,2,232.0,0.77157,-73.84153,[0.2955638961200893,0.9550770604037396,0.021674685715473218]
2009-05-01T00:00:00.000Z,2,267.0,1.27157,-73.84153,[0.29726052749519877,0.9544849750041148,0.024384652646090525]
2009-05-01T00:00:00.000Z,8,265.0,1.77157,-73.84153,[0.2833397949022611,0.9587293468325487,0.023592374759208678]
2009-05-01T00:00:00.000Z,8,554.0,2.27157,-73.84153,[0.2686607866444467,0.962991910569705,0.02163242697656584]
2009-05-01T00:00:00.000Z,2,995.0,2.77157,-73.84153,[0.2970784487649148,0.9544689116945054,0.027083055369331595]
2009-05-01T00:00:00.000Z,0,363.0,3.27157,-73.84153,[0.27912824809382697,0.9597260615311156,0.0318324980804875]
2009-05-01T00:00:00.000Z,1,545.0,3.77157,-73.84153,[0.21832487493485925,0.9752644138573658,0.0345481120776041]
2009-05-01T00:00:00.000Z,11,1499.0,4.27157,-73.84153,[0.17411014623097654,0.9840447524017415,0.03662761594784988]
2009-05-01T00:00:00.000Z,11,3610.0,4.77157,-73.84153,[0.15730810575657792,0.9869815022469163,0.03349140316107788]
2009-05-01T00:00:00.000Z,11,2585.0,5.27157,-73.84153,[0.17810195050287025,0.983634955391669,0.02723912184161545]
2009-05-01T00:00:00.000Z,8,2622.0,5.77157,-73.84153,[0.2531904995354675,0.9671420883156597,0.023038054462236238]
2009-05-01T00:00:00.000Z,2,616.0,6.27157,-73.84153,[0.30471139825684795,0.95222311955265,0.0205449351854996]
2009-05-01T00:00:00.000Z,4,101.0,6.77157,-73.84153,[0.3251754938569863,0.9451143850231831,0.031932701375164484]
2009-05-01T00:00:00.000Z,5,89.0,7.27157,-73.84153,[0.3210636450480977,0.945867357174072,0.04746660363840581]
2009-05-01T00:00:00.000Z,5,59.0,7.77157,-73.84153,[0.31565721582936435,0.946971647488093,0.06004349214145518]
2009-05-01T00:00:00.000Z,5,38.0,8.27157,-73.84153,[0.32175753516871825,0.9444393838045829,0.06712926992728653]
2009-05-01T00:00:00.000Z,5,29.0,8.77157,-73.84153,[0.33561695290010024,0.9392530978688317,0.07186709309450909]
2009-05-01T00:00:00.000Z,5,52.0,9.27157,-73.84153,[0.3532976486161867,0.9323132394038259,0.07728386063479083]
2009-05-01T00:00:00.000Z,9,46.0,9.77157,-73.84153,[0.2950023749756411,0.9523698719686051,0.07723487376330761]
2009-05-01T00:00:00.000Z,11,931.0,10.27157,-73.84153,[0.16193495820011922,0.9832597461935297,0.08353047843847876]
2009-05-01T00:00:00.000Z,9,2665.0,10.77157,-73.84153,[0.2990890470207801,0.9498413876089618,0.09136235733212893]
2009-05-01T00:00:00.000Z,2,139.0,-1.72843,-73.34153,[0.3144469448515972,0.9492737957784066,0.0015425699181399108]
2009-05-01T00:00:00.000Z,2,199.0,-1.22843,-73.34153,[0.3112501775675016,0.950318983219406,0.004142112629225306]
2009-05-01T00:00:00.000Z,2,223.0,-0.72843,-73.34153,[0.3066858888946542,0.9517837931213406,0.0071677544914076265]
2009-05-01T00:00:00.000Z,2,171.0,-0.22843,-73.34153,[0.3000529065416914,0.9538646873329257,0.010507689334144836]
2009-05-01T00:00:00.000Z,2,209.0,0.27157,-73.34153,[0.2956013077941425,0.9551979514602881,0.014722104348963178]
2009-05-01T00:00:00.000Z,2,237.0,0.77157,-73.34153,[0.2864510095310951,0.9578921758719818,0.01970782945573934]
2009-05-01T00:00:00.000Z,2,249.0,1.27157,-73.34153,[0.285489889822565,0.9581040702445283,0.023067583097663255]
2009-05-01T00:00:00.000Z,2,294.0,1.77157,-73.34153,[0.2945564076995294,0.9552868594804346,0.025759246634115707]
2009-05-01T00:00:00.000Z,2,229.0,2.27157,-73.34153,[0.3016948782604037,0.9530283945047636,0.02677834384559397]
2009-05-01T00:00:00.000Z,2,267.0,2.77157,-73.34153,[0.30472854236596714,0.9519814152983312,0.02952795953158596]
2009-05-01T00:00:00.000Z,0,234.0,3.27157,-73.34153,[0.3039297597095141,0.9519978854714352,0.036424266922385345]
2009-05-01T00:00:00.000Z,0,256.0,3.77157,-73.34153,[0.30420757589314257,0.951836985509403,0.03826360915530934]
2009-05-01T00:00:00.000Z,8,300.0,4.27157,-73.34153,[0.249948148619087,0.9675026422623991,0.038269572994309976]
2009-05-01T00:00:00.000Z,11,1229.0,4.77157,-73.34153,[0.18793499102649852,0.9814382864717146,0.0382011648426412]
2009-05-01T00:00:00.000Z,11,2684.0,5.27157,-73.34153,[0.1615283138612107,0.9861043031688427,0.03881890123438773]
2009-05-01T00:00:00.000Z,1,3515.0,5.77157,-73.34153,[0.21390477766736735,0.9763718077397574,0.030705685826444666]
2009-05-01T00:00:00.000Z,1,1301.0,6.27157,-73.34153,[0.21805509811607113,0.9756853114683386,0.022139267614845994]
2009-05-01T00:00:00.000Z,8,1945.0,6.77157,-73.34153,[0.27388153969097007,0.9614264837284673,0.02545620949824784]
2009-05-01T00:00:00.000Z,1,351.0,7.27157,-73.34153,[0.22429808355107655,0.9737556223395294,0.038605150918887214]
2009-05-01T00:00:00.000Z,6,325.0,7.77157,-73.34153,[0.22414301264320188,0.9727371519564199,0.05951758636690845]
2009-05-01T00:00:00.000Z,6,1339.0,8.27157,-73.34153,[0.25111257232803014,0.9657324918166093,0.06559901118525192]
2009-05-01T00:00:00.000Z,9,1230.0,8.77157,-73.34153,[0.27796333979524224,0.9579397743356696,0.07132860909621712]
2009-05-01T00:00:00.000Z,9,809.0,9.27157,-73.34153,[0.3042996842026322,0.9496044619864243,0.07518688695279045]
2009-05-01T00:00:00.000Z,9,74.0,9.77157,-73.34153,[0.2954348885965436,0.9522184257952341,0.07744866800658393]
2009-05-01T00:00:00.000Z,6,99.0,10.27157,-73.34153,[0.24950543580252554,0.9651323903088601,0.07916127008643765]
2009-05-01T00:00:00.000Z,7,1426.0,10.77157,-73.34153,[0.31742555064236044,0.9438918260610567,0.09115503548635333]
2009-05-01T00:00:00.000Z,2,146.0,-2.22843,-72.84153,[0.30812931252525105,0.9513346074924102,0.0043348990735491595]
2009-05-01T00:00:00.000Z,2,165.0,-1.72843,-72.84153,[0.3081321040236635,0.9513432261110828,8.201234707854163E-4]
2009-05-01T00:00:00.000Z,2,168.0,-1.22843,-72.84153,[0.3074130183851684,0.9515723584365327,0.0026986639018545316]
2009-05-01T00:00:00.000Z,2,178.0,-0.72843,-72.84153,[0.2997902586966343,0.9539837301935532,0.006390877607873987]
2009-05-01T00:00:00.000Z,2,191.0,-0.22843,-72.84153,[0.2980627204813934,0.9544965718139563,0.009742127828963831]
2009-05-01T00:00:00.000Z,2,247.0,0.27157,-72.84153,[0.28816446728225525,0.9574867159896449,0.01343236759841588]
2009-05-01T00:00:00.000Z,8,264.0,0.77157,-72.84153,[0.27960856209463736,0.9599516625759209,0.017659488132292886]
2009-05-01T00:00:00.000Z,8,246.0,1.27157,-72.84153,[0.2812397655393323,0.9593904905091737,0.021773401203045075]
2009-05-01T00:00:00.000Z,8,259.0,1.77157,-72.84153,[0.2854707704530097,0.9580399056403007,0.025806557648952077]
2009-05-01T00:00:00.000Z,2,271.0,2.27157,-72.84153,[0.29966070155403685,0.9535714572707916,0.03008221771414556]
2009-05-01T00:00:00.000Z,0,193.0,2.77157,-72.84153,[0.2998843326257926,0.9533287928220724,0.03512263973555003]
2009-05-01T00:00:00.000Z,0,182.0,3.27157,-72.84153,[0.30287139771841753,0.9522182465232737,0.03936149682410562]
2009-05-01T00:00:00.000Z,0,203.0,3.77157,-72.84153,[0.3087683777865378,0.9502406665213605,0.041288794704013775]
2009-05-01T00:00:00.000Z,0,165.0,4.27157,-72.84153,[0.31015331634947235,0.9497691049300964,0.0417560495941313]
2009-05-01T00:00:00.000Z,1,293.0,4.77157,-72.84153,[0.233309803277279,0.9715259500571822,0.041277888272133974]
2009-05-01T00:00:00.000Z,11,1653.0,5.27157,-72.84153,[0.17144009485248524,0.9840931428933997,0.046572309231580636]
2009-05-01T00:00:00.000Z,11,2686.0,5.77157,-72.84153,[0.1589377251793792,0.9864647240472213,0.04032552200832183]
2009-05-01T00:00:00.000Z,11,2685.0,6.27157,-72.84153,[0.16568214069740733,0.985867489681736,0.0247935685724489]
2009-05-01T00:00:00.000Z,11,1547.0,6.77157,-72.84153,[0.13662102857877906,0.9901891062131694,0.02932965200682046]
2009-05-01T00:00:00.000Z,1,3795.0,7.27157,-72.84153,[0.19471320637053588,0.9800564720650305,0.03969985929888148]
2009-05-01T00:00:00.000Z,0,1328.0,7.77157,-72.84153,[0.2682604806225566,0.9613579672922641,0.061864151653773264]
2009-05-01T00:00:00.000Z,5,973.0,8.27157,-72.84153,[0.3256043448447641,0.9428471136691909,0.0708599383565044]
2009-05-01T00:00:00.000Z,5,83.0,8.77157,-72.84153,[0.35261349795187635,0.9325214109598403,0.07789441034895107]
2009-05-01T00:00:00.000Z,5,223.0,10.77157,-72.84153,[0.32984214194669836,0.9396241091618123,0.09116301266349706]
2009-05-01T00:00:00.000Z,10,51.0,11.27157,-72.84153,[0.3515149136223891,0.9307718839578755,0.10050355981034505]
2009-05-01T00:00:00.000Z,2,149.0,-2.22843,-72.34153,[0.3006267605098394,0.9537124816174214,0.007486873346030482]
2009-05-01T00:00:00.000Z,2,147.0,-1.72843,-72.34153,[0.30162635050210607,0.9534166251503353,0.004275929106734837]
2009-05-01T00:00:00.000Z,2,145.0,-1.22843,-72.34153,[0.3016291059288948,0.9534253348327134,1.1556670725245011E-4]
2009-05-01T00:00:00.000Z,2,205.0,-0.72843,-72.34153,[0.2951319260389013,0.9554465465539529,0.004363818361664689]
2009-05-01T00:00:00.000Z,2,176.0,-0.22843,-72.34153,[0.29174352149612237,0.9564611136108168,0.008237464136361101]
2009-05-01T00:00:00.000Z,2,150.0,0.27157,-72.34153,[0.2900487259846933,0.9569324109258779,0.012332780474939716]
2009-05-01T00:00:00.000Z,8,218.0,0.77157,-72.34153,[0.28481813056581773,0.9584356139675135,0.01672741401735755]
2009-05-01T00:00:00.000Z,8,234.0,1.27157,-72.34153,[0.28240710224132426,0.9590545192115373,0.021462939770340642]
2009-05-01T00:00:00.000Z,2,237.0,1.77157,-72.34153,[0.2866216824278329,0.9576803833501403,0.026387392985419537]
2009-05-01T00:00:00.000Z,0,203.0,2.27157,-72.34153,[0.2932935967636541,0.9554955457065918,0.03173528371231726]
2009-05-01T00:00:00.000Z,0,188.0,2.77157,-72.34153,[0.29445795015741594,0.9549675481575803,0.03648969107833076]
2009-05-01T00:00:00.000Z,0,220.0,3.27157,-72.34153,[0.29909539136048574,0.9533665599615483,0.04042461148856565]
2009-05-01T00:00:00.000Z,0,180.0,3.77157,-72.34153,[0.31090299994210485,0.9494499305924279,0.04340684191499387]
2009-05-01T00:00:00.000Z,5,190.0,4.27157,-72.34153,[0.31918020097653904,0.9466180865463896,0.04514640105067397]
2009-05-01T00:00:00.000Z,5,177.0,4.77157,-72.34153,[0.3155267949226834,0.9477986349414967,0.04604985655628351]
2009-05-01T00:00:00.000Z,6,257.0,5.27157,-72.34153,[0.2459179504967917,0.9682276794921992,0.04538195994675093]
2009-05-01T00:00:00.000Z,11,1342.0,5.77157,-72.34153,[0.1752336328750473,0.9835296155029065,0.04430202408601548]
2009-05-01T00:00:00.000Z,11,3317.0,6.27157,-72.34153,[0.16671018900582704,0.9856587817132841,0.026162547909673588]
2009-05-01T00:00:00.000Z,1,3467.0,6.77157,-72.34153,[0.2109141962024628,0.9771609834699206,0.02591552091636644]
2009-05-01T00:00:00.000Z,1,2203.0,7.27157,-72.34153,[0.22035865894875822,0.9747885504235707,0.03506199351746251]
2009-05-01T00:00:00.000Z,10,97.0,11.27157,-72.34153,[0.3714208070048364,0.9227686485448876,0.10268692899545477]
2009-05-01T00:00:00.000Z,10,19.0,11.77157,-72.34153,[0.3546029533936839,0.9289598497355664,0.10625602582324825]
2009-05-01T00:00:00.000Z,2,109.0,-2.22843,-71.84153,[0.29367143643664156,0.9558495016065206,0.010431572259525491]
2009-05-01T00:00:00.000Z,2,140.0,-1.72843,-71.84153,[0.29463733268380543,0.9555805384339636,0.007394373214072338]
2009-05-01T00:00:00.000Z,2,153.0,-1.22843,-71.84153,[0.29464483690246673,0.9556048764404327,0.001933962249938971]
2009-05-01T00:00:00.000Z,2,136.0,-0.72843,-71.84153,[0.294643997987768,0.9556021556360044,0.003071578357401443]
2009-05-01T00:00:00.000Z,8,192.0,-0.22843,-71.84153,[0.28227960030102583,0.9593007930548805,0.007759877458474414]
2009-05-01T00:00:00.000Z,8,216.0,0.27157,-71.84153,[0.2804507786645205,0.9597897166247934,0.012290671574939148]
2009-05-01T00:00:00.000Z,8,215.0,0.77157,-71.84153,[0.27970011369838227,0.9599307902128479,0.0173414070492997]
2009-05-01T00:00:00.000Z,8,232.0,1.27157,-71.84153,[0.26923158450536294,0.9628076005562156,0.022712952602304277]
2009-05-01T00:00:00.000Z,0,233.0,1.77157,-71.84153,[0.2838222991319674,0.9584633990527944,0.028156974120234858]
2009-05-01T00:00:00.000Z,0,159.0,2.27157,-71.84153,[0.2889642071876305,0.9567673159243986,0.033105741847086805]
2009-05-01T00:00:00.000Z,0,186.0,2.77157,-71.84153,[0.2925006558891763,0.9555021425713092,0.03819714447493949]
2009-05-01T00:00:00.000Z,0,222.0,3.27157,-71.84153,[0.2970791515671371,0.9539025882351043,0.04258908149419505]
2009-05-01T00:00:00.000Z,0,206.0,3.77157,-71.84153,[0.3069896181968876,0.95060105711932,0.04598917832447583]
2009-05-01T00:00:00.000Z,5,189.0,4.27157,-71.84153,[0.3169500445353822,0.9472347338585948,0.04784378999260333]
2009-05-01T00:00:00.000Z,5,149.0,4.77157,-71.84153,[0.3235238078202904,0.9449336877468105,0.049322120135621636]
2009-05-01T00:00:00.000Z,5,172.0,5.27157,-71.84153,[0.31621553803017605,0.9474396845560619,0.04863926023899273]
2009-05-01T00:00:00.000Z,0,213.0,5.77157,-71.84153,[0.2970453722906197,0.9538588448854162,0.043787564839653105]
2009-05-01T00:00:00.000Z,0,412.0,6.27157,-71.84153,[0.28070056015179,0.9592535671302908,0.03224576682735439]
2009-05-01T00:00:00.000Z,2,325.0,6.77157,-71.84153,[0.3051490482811135,0.9519707761047865,0.025213087386933706]
2009-05-01T00:00:00.000Z,10,174.0,11.77157,-71.84153,[0.36652490690573414,0.924055751213048,0.10853783334778958]
2009-05-01T00:00:00.000Z,2,107.0,-2.22843,-71.34153,[0.28722480469532946,0.9577885510657485,0.011958386810272472]
2009-05-01T00:00:00.000Z,2,121.0,-1.72843,-71.34153,[0.28816000223553545,0.9575433537320907,0.00863358761561721]
2009-05-01T00:00:00.000Z,2,140.0,-1.22843,-71.34153,[0.2872443947953837,0.9578538768079528,0.002570669681048181]
2009-05-01T00:00:00.000Z,2,186.0,-0.72843,-71.34153,[0.2872443104704298,0.9578535956154021,0.002682437140579889]
2009-05-01T00:00:00.000Z,8,201.0,-0.22843,-71.34153,[0.2799920082433985,0.9599725996916519,0.007555339904980594]
2009-05-01T00:00:00.000Z,8,185.0,0.27157,-71.34153,[0.2774730314117777,0.9606536426168718,0.012381266740286495]
2009-05-01T00:00:00.000Z,8,228.0,0.77157,-71.34153,[0.26873338478201025,0.9630527013820612,0.017659622428532105]
2009-05-01T00:00:00.000Z,8,342.0,1.27157,-71.34153,[0.271146881713518,0.9622407631540697,0.023918241191802192]
2009-05-01T00:00:00.000Z,8,222.0,1.77157,-71.34153,[0.2775250777584473,0.9602367690442276,0.030416748522325825]
2009-05-01T00:00:00.000Z,0,164.0,2.27157,-71.34153,[0.28283714700123747,0.9585036648375271,0.03569135426444187]
2009-05-01T00:00:00.000Z,0,189.0,2.77157,-71.34153,[0.29223130989780727,0.9554593999393152,0.041209180809807976]
2009-05-01T00:00:00.000Z,0,209.0,3.27157,-71.34153,[0.299485848850936,0.9530150461496838,0.04550327625952205]
2009-05-01T00:00:00.000Z,0,171.0,3.77157,-71.34153,[0.30592126064610403,0.9508363506568098,0.04819145727552527]
2009-05-01T00:00:00.000Z,5,165.0,4.27157,-71.34153,[0.3143894075190125,0.9479680608397706,0.05015831005456001]
2009-05-01T00:00:00.000Z,5,131.0,4.77157,-71.34153,[0.3198051198024332,0.9460901460821981,0.051362640453118065]
2009-05-01T00:00:00.000Z,5,146.0,5.27157,-71.34153,[0.31547262140325455,0.9476128362605335,0.05006932892725897]
2009-05-01T00:00:00.000Z,0,151.0,5.77157,-71.34153,[0.30989161252562164,0.9497058543560876,0.045010872998018044]
2009-05-01T00:00:00.000Z,0,157.0,6.27157,-71.34153,[0.304175643133993,0.9520001044651688,0.03424878424600303]
2009-05-01T00:00:00.000Z,2,154.0,6.77157,-71.34153,[0.30225053033380905,0.9528967101363597,0.02514908992853831]
2009-05-01T00:00:00.000Z,8,97.0,-2.22843,-70.84153,[0.28124935583844113,0.9595566258017404,0.012242619018849793]
2009-05-01T00:00:00.000Z,8,137.0,-1.72843,-70.84153,[0.2812618102863018,0.9595991174473826,0.007831211188363697]
2009-05-01T00:00:00.000Z,8,114.0,-1.22843,-70.84153,[0.27733616366018116,0.9607717098227704,0.0015407564647787844]
2009-05-01T00:00:00.000Z,8,155.0,-0.72843,-70.84153,[0.27733552544000206,0.9607694988457214,0.00264129071847621]
2009-05-01T00:00:00.000Z,8,183.0,-0.22843,-70.84153,[0.2757304264354164,0.9612116459401965,0.00670101833169737]
2009-05-01T00:00:00.000Z,8,193.0,0.27157,-70.84153,[0.2741221791775434,0.9616206045548223,0.011951727012140893]
2009-05-01T00:00:00.000Z,8,250.0,0.77157,-70.84153,[0.2725116731529647,0.9619990389616708,0.017182462925709022]
2009-05-01T00:00:00.000Z,8,316.0,1.27157,-70.84153,[0.2733344402693006,0.9616103199835636,0.024369576602323192]
2009-05-01T00:00:00.000Z,8,186.0,1.77157,-70.84153,[0.2773498204286963,0.9602270675399885,0.03226539743632643]
2009-05-01T00:00:00.000Z,0,191.0,2.27157,-70.84153,[0.2823196119537318,0.9585476152895479,0.038498128902781606]
2009-05-01T00:00:00.000Z,0,160.0,2.77157,-70.84153,[0.2893490405955811,0.9562081575932092,0.04408051790323305]
2009-05-01T00:00:00.000Z,0,240.0,3.27157,-70.84153,[0.3005599809380297,0.9525439395882174,0.04820519694275323]
2009-05-01T00:00:00.000Z,0,186.0,3.77157,-70.84153,[0.30557827726569325,0.9508185627228688,0.05065547596212069]
2009-05-01T00:00:00.000Z,5,176.0,4.27157,-70.84153,[0.31221162877851516,0.9485513607164049,0.05267081676339836]
2009-05-01T00:00:00.000Z,5,146.0,4.77157,-70.84153,[0.3164986786976104,0.9470983188299706,0.05322932323550721]
2009-05-01T00:00:00.000Z,0,123.0,5.27157,-70.84153,[0.3105120262996661,0.9491788076660249,0.05139914980793716]
2009-05-01T00:00:00.000Z,0,120.0,5.77157,-70.84153,[0.3017458158543688,0.9522776698065631,0.04600763199908817]
2009-05-01T00:00:00.000Z,0,126.0,6.27157,-70.84153,[0.2965951009710811,0.9543117180100051,0.036338560080808026]
2009-05-01T00:00:00.000Z,2,122.0,6.77157,-70.84153,[0.3007452510586059,0.9533057014687885,0.02757777207820424]
2009-05-01T00:00:00.000Z,8,97.0,-3.72843,-70.34153,[0.2789604192531077,0.9601428383595334,0.01751611934845095]
2009-05-01T00:00:00.000Z,8,132.0,-2.22843,-70.34153,[0.2754279290874902,0.9612761319535724,0.009362372293092551]
2009-05-01T00:00:00.000Z,8,129.0,-1.72843,-70.34153,[0.275437257144445,0.9613086879784385,0.004463607724475196]
2009-05-01T00:00:00.000Z,8,144.0,-1.22843,-70.34153,[0.27127973328118515,0.962500493681645,3.255356799374222E-4]
2009-05-01T00:00:00.000Z,8,134.0,-0.72843,-70.34153,[0.2712788277093211,0.9624972807126713,0.0026042767460094825]
2009-05-01T00:00:00.000Z,8,170.0,-0.22843,-70.34153,[0.27241309710824446,0.9621630589863193,0.005775157658694782]
2009-05-01T00:00:00.000Z,8,177.0,0.27157,-70.34153,[0.2724056791405246,0.9621368587243329,0.009370755362434046]
2009-05-01T00:00:00.000Z,8,190.0,0.77157,-70.34153,[0.2705333925523262,0.9626208265114901,0.013146401806759628]
2009-05-01T00:00:00.000Z,8,195.0,1.27157,-70.34153,[0.2704922699326367,0.962474502651872,0.02183491817528513]
2009-05-01T00:00:00.000Z,8,216.0,1.77157,-70.34153,[0.2756034602696669,0.9607690348046158,0.03107401563996643]
2009-05-01T00:00:00.000Z,0,168.0,2.27157,-70.34153,[0.278897264845265,0.9595393992890666,0.038735731228509034]
2009-05-01T00:00:00.000Z,0,193.0,2.77157,-70.34153,[0.28879634811701965,0.9562867402629717,0.045960197034965386]
2009-05-01T00:00:00.000Z,0,177.0,3.27157,-70.34153,[0.29926241204183734,0.9528240015584936,0.050679688169537204]
2009-05-01T00:00:00.000Z,0,174.0,3.77157,-70.34153,[0.30148509551536673,0.951997166992754,0.052991803327124075]
2009-05-01T00:00:00.000Z,0,118.0,4.27157,-70.34153,[0.30797801933772223,0.949794807728548,0.055130416438699134]
2009-05-01T00:00:00.000Z,0,116.0,4.77157,-70.34153,[0.3107765346971404,0.9488728416798621,0.055301679938502546]
2009-05-01T00:00:00.000Z,0,124.0,5.27157,-70.34153,[0.3080992629933339,0.9498758410020899,0.05301632600941896]
2009-05-01T00:00:00.000Z,0,105.0,5.77157,-70.34153,[0.3007764882876583,0.9524588795775846,0.04853438788278123]
2009-05-01T00:00:00.000Z,0,104.0,6.27157,-70.34153,[0.29369272391230666,0.9550618350125393,0.040018436044539495]
2009-05-01T00:00:00.000Z,2,109.0,6.77157,-70.34153,[0.3040900190980796,0.952132044816459,0.03120624166025237]
2009-05-01T00:00:00.000Z,8,140.0,-3.72843,-69.84153,[0.281540779568535,0.9594043488373925,0.01667587694367477]
2009-05-01T00:00:00.000Z,8,128.0,-3.22843,-69.84153,[0.27826797702802625,0.9604034849177405,0.013859261112679908]
2009-05-01T00:00:00.000Z,8,61.0,-2.72843,-69.84153,[0.27614205829774985,0.9610613367527988,0.01032814784971899]
2009-05-01T00:00:00.000Z,8,111.0,-2.22843,-69.84153,[0.2687466104917025,0.9631878520022619,0.006664915940194223]
2009-05-01T00:00:00.000Z,8,145.0,-1.72843,-69.84153,[0.2663736592156569,0.963866132342598,0.002674434329474467]
2009-05-01T00:00:00.000Z,8,68.0,-1.22843,-69.84153,[0.26720088169806855,0.9636401275697412,0.0011804055014774113]
2009-05-01T00:00:00.000Z,8,122.0,-0.72843,-69.84153,[0.2672009140056422,0.9636402440846054,0.0010730960401833024]
2009-05-01T00:00:00.000Z,8,188.0,0.77157,-69.84153,[0.26957231634446993,0.9629123139824465,0.011429866213005525]
2009-05-01T00:00:00.000Z,8,195.0,1.77157,-69.84153,[0.2747852986730219,0.9612011642825229,0.02419424342897922]
2009-05-01T00:00:00.000Z,0,182.0,2.27157,-69.84153,[0.2820181410512362,0.9588616795742031,0.0324044373835342]
2009-05-01T00:00:00.000Z,0,180.0,2.77157,-69.84153,[0.28698661623984456,0.9569942806130226,0.0424338187436346]
2009-05-01T00:00:00.000Z,0,198.0,3.27157,-69.84153,[0.29070897915463284,0.9555085826477854,0.049916309211435014]
2009-05-01T00:00:00.000Z,0,149.0,3.77157,-69.84153,[0.2975175036269683,0.9532003096971716,0.0537820102710289]
2009-05-01T00:00:00.000Z,0,188.0,4.27157,-69.84153,[0.2994579004227396,0.9525064755754065,0.05528453546265962]
2009-05-01T00:00:00.000Z,0,143.0,4.77157,-69.84153,[0.3031496514102781,0.9512626992529417,0.05656470507157297]
2009-05-01T00:00:00.000Z,0,100.0,5.27157,-69.84153,[0.2955513692723493,0.953721533921158,0.05535904493678235]
2009-05-01T00:00:00.000Z,0,112.0,5.77157,-69.84153,[0.29046320433734085,0.9555005795189746,0.05147591150225461]
2009-05-01T00:00:00.000Z,0,98.0,6.27157,-69.84153,[0.2943785821409721,0.9547715991112137,0.04186220141472379]
2009-05-01T00:00:00.000Z,8,169.0,0.77157,-69.34153,[0.26790936225080547,0.9634020666538966,0.009001754571627064]
2009-05-01T00:00:00.000Z,8,182.0,1.77157,-69.34153,[0.27626148062222594,0.9609094978164381,0.018235441606289222]
2009-05-01T00:00:00.000Z,8,167.0,2.27157,-69.34153,[0.2828005993100633,0.9588707820356832,0.024303176503208564]
2009-05-01T00:00:00.000Z,0,128.0,2.77157,-69.34153,[0.285939897945286,0.9575661698632835,0.036130390205489624]
2009-05-01T00:00:00.000Z,0,182.0,3.27157,-69.34153,[0.2867152690241652,0.9568288629062257,0.047674748221460034]
2009-05-01T00:00:00.000Z,0,123.0,3.77157,-69.34153,[0.29398453213625747,0.9543190197038511,0.05336949968012058]
2009-05-01T00:00:00.000Z,0,172.0,4.27157,-69.34153,[0.2965920102061108,0.9534126305092987,0.05511384097699759]
2009-05-01T00:00:00.000Z,0,142.0,4.77157,-69.34153,[0.30155885957915923,0.9516876557060918,0.05790388748573209]
2009-05-01T00:00:00.000Z,0,117.0,5.27157,-69.34153,[0.2953281537448609,0.953616862855543,0.0582765860633943]
2009-05-01T00:00:00.000Z,0,83.0,5.77157,-69.34153,[0.29420469311708186,0.954207616839813,0.054142612725729136]
2009-05-01T00:00:00.000Z,8,139.0,1.77157,-68.84153,[0.2754176587117649,0.96124028712446,0.012736705956235765]
2009-05-01T00:00:00.000Z,8,178.0,2.27157,-68.84153,[0.27697350434987855,0.9606836902844212,0.019300909555089965]
2009-05-01T00:00:00.000Z,0,155.0,2.77157,-68.84153,[0.2816716250638595,0.9589987234664478,0.03134555827558903]
2009-05-01T00:00:00.000Z,0,154.0,3.27157,-68.84153,[0.28848813134882645,0.9564491123949553,0.04449374641187669]
2009-05-01T00:00:00.000Z,0,118.0,3.77157,-68.84153,[0.2961290687252834,0.9536932365411218,0.05269521070852951]
2009-05-01T00:00:00.000Z,0,168.0,4.27157,-68.84153,[0.29942547094728933,0.9525119698436411,0.055365464439310105]
2009-05-01T00:00:00.000Z,0,130.0,4.77157,-68.84153,[0.30669376893536854,0.9499466176387632,0.059500888505064006]
2009-05-01T00:00:00.000Z,0,118.0,5.27157,-68.84153,[0.3012810767232177,0.9515934385559744,0.060824670206385455]
2009-05-01T00:00:00.000Z,0,76.0,5.77157,-68.84153,[0.3054787328637234,0.9505044587618457,0.056780433617792454]
2009-05-01T00:00:00.000Z,8,140.0,1.77157,-68.34153,[0.2694572053068615,0.9629606102002183,0.009983872547226344]
2009-05-01T00:00:00.000Z,8,115.0,2.27157,-68.34153,[0.27353856748337224,0.9617268682153484,0.016064963487118687]
2009-05-01T00:00:00.000Z,8,126.0,2.77157,-68.34153,[0.28171578980575673,0.9591490898055921,0.025869621165042253]
2009-05-01T00:00:00.000Z,0,132.0,3.27157,-68.34153,[0.2860209592343006,0.9574524002167515,0.03843061537202186]
2009-05-01T00:00:00.000Z,0,110.0,3.77157,-68.34153,[0.29853285525089956,0.9530520586500416,0.050694258438832004]
2009-05-01T00:00:00.000Z,0,121.0,4.27157,-68.34153,[0.3071458265318564,0.94998263076024,0.056519399306047935]
2009-05-01T00:00:00.000Z,5,109.0,4.77157,-68.34153,[0.31424714893211503,0.9473797810979261,0.060994096065790586]
2009-05-01T00:00:00.000Z,5,89.0,5.27157,-68.34153,[0.3152426294775763,0.9468911453680706,0.06339750297611775]
2009-05-01T00:00:00.000Z,5,65.0,5.77157,-68.34153,[0.3262050303018482,0.9431580223944742,0.06358634286318636]
2009-05-01T00:00:00.000Z,8,136.0,2.27157,-67.84153,[0.2761304658312753,0.961020991318297,0.013806523291563767]
2009-05-01T00:00:00.000Z,8,120.0,2.77157,-67.84153,[0.28174701716641154,0.9592554086405062,0.021158433584870594]
2009-05-01T00:00:00.000Z,0,103.0,3.27157,-67.84153,[0.2909230757435085,0.9560487336456519,0.03653194348076882]
2009-05-01T00:00:00.000Z,0,95.0,3.77157,-67.84153,[0.3011737215954803,0.9522071423375899,0.05095044162329553]
2009-05-01T00:00:00.000Z,0,110.0,4.27157,-67.84153,[0.307395659568123,0.9498180492273463,0.057910118637740024]
2009-05-01T00:00:00.000Z,5,101.0,4.77157,-67.84153,[0.31842909374319583,0.9458523451186781,0.06297819854032095]
2009-05-01T00:00:00.000Z,5,80.0,5.77157,-67.84153,[0.3451855981795289,0.9360548961309645,0.0681772266867041]
2009-05-01T00:00:00.000Z,5,54.0,6.27157,-67.84153,[0.3564653459169649,0.9322939816289849,0.061322010556345]
2009-05-01T00:00:00.000Z,8,114.0,2.27157,-67.34153,[0.28250152641964016,0.9591912292387782,0.012044638723317992]
