2008-12-01T00:00:00.000Z,8,10.0,1.77157,-78.84153,[0.27436363140647807,0.961379014888022,0.02179420781736943]
2008-12-01T00:00:00.000Z,8,235.0,1.27157,-78.34153,[0.28408913135486863,0.9586593396716084,0.01629834060362593]
2008-12-01T00:00:00.000Z,8,57.0,1.77157,-78.34153,[0.2815752428451706,0.959359127796589,0.018586191919029046]
2008-12-01T00:00:00.000Z,8,1772.0,1.27157,-77.84153,[0.25353417225596137,0.9672272827033591,0.013849443770810224]
2008-12-01T00:00:00.000Z,8,528.0,1.77157,-77.84153,[0.2808620698959998,0.9596120721446659,0.016160714339253958]
2008-12-01T00:00:00.000Z,8,116.0,2.27157,-77.84153,[0.2792896005673876,0.9600580019503949,0.01691011253435355]
2008-12-01T00:00:00.000Z,8,167.0,7.27157,-77.84153,[0.2476381498263499,0.9685170012276312,0.025498334918560607]
2008-12-01T00:00:00.000Z,11,2201.0,0.77157,-77.34153,[0.16813535939804533,0.985734754117952,0.007582575031676553]
2008-12-01T00:00:00.000Z,1,2447.0,1.27157,-77.34153,[0.20959191234028002,0.9777298109695783,0.010753930580810178]
2008-12-01T00:00:00.000Z,1,1706.0,1.77157,-77.34153,[0.1952713705582215,0.9806485312649147,0.014055247001718143]
2008-12-01T00:00:00.000Z,8,2096.0,2.27157,-77.34153,[0.26073219171453094,0.965263858687838,0.01686438005983349]
2008-12-01T00:00:00.000Z,8,57.0,2.77157,-77.34153,[0.27889241239398144,0.9601394908899518,0.018739806366394007]
2008-12-01T00:00:00.000Z,8,74.0,3.27157,-77.34153,[0.2701276128963938,0.9625976046863557,0.020902731950316188]
2008-12-01T00:00:00.000Z,0,28.0,4.27157,-77.34153,[0.2622479525318533,0.963994450018275,0.0440535098126631]
2008-12-01T00:00:00.000Z,8,14.0,5.27157,-77.34153,[0.2488582751923128,0.9680079030949963,0.0320976387594983]
2008-12-01T00:00:00.000Z,8,499.0,6.27157,-77.34153,[0.2658949790629975,0.9640017169216244,7.415397822474034E-4]
2008-12-01T00:00:00.000Z,8,695.0,6.77157,-77.34153,[0.2758401290578686,0.9611304496860108,0.011852505545455291]
2008-12-01T00:00:00.000Z,8,345.0,7.27157,-77.34153,[0.27767548598515773,0.9604305044663102,0.021669577141586818]
2008-12-01T00:00:00.000Z,8,279.0,0.27157,-76.84153,[0.26358234860813,0.9645992332042205,0.00852436531668846]
2008-12-01T00:00:00.000Z,1,485.0,0.77157,-76.84153,[0.185999933050205,0.9825172934063771,0.00798705594862645]
2008-12-01T00:00:00.000Z,11,3335.0,1.27157,-76.84153,[0.14854638075123464,0.9888634981396058,0.009107953272338473]
2008-12-01T00:00:00.000Z,11,2008.0,1.77157,-76.84153,[0.15253180084523027,0.9882342026592383,0.011278759921654351]
2008-12-01T00:00:00.000Z,1,1013.0,2.27157,-76.84153,[0.1946326054199475,0.9807743580379478,0.014135328885247584]
2008-12-01T00:00:00.000Z,1,2856.0,2.77157,-76.84153,[0.2351131113577345,0.9718008602786359,0.018025338537426314]
2008-12-01T00:00:00.000Z,8,1911.0,3.27157,-76.84153,[0.24484949097582043,0.9693356560549604,0.020907239640401105]
2008-12-01T00:00:00.000Z,8,794.0,3.77157,-76.84153,[0.26277187791794804,0.9645917685238009,0.02266407447042302]
2008-12-01T00:00:00.000Z,8,70.0,4.27157,-76.84153,[0.27336239725856293,0.9616305674313083,0.023230401348059693]
2008-12-01T00:00:00.000Z,8,24.0,4.77157,-76.84153,[0.26978041192075314,0.9622876110244186,0.03494399823697945]
2008-12-01T00:00:00.000Z,8,133.0,5.27157,-76.84153,[0.270647142376194,0.9621825573452882,0.030900657987833178]
2008-12-01T00:00:00.000Z,8,76.0,5.77157,-76.84153,[0.26703365988986705,0.9634574448826404,0.021042252399321525]
2008-12-01T00:00:00.000Z,8,38.0,6.27157,-76.84153,[0.2642003099078089,0.964438529663465,0.007517894997376675]
2008-12-01T00:00:00.000Z,2,20.0,6.77157,-76.84153,[0.2853210166197276,0.9584142257110541,0.00583861539800987]
2008-12-01T00:00:00.000Z,2,15.0,7.27157,-76.84153,[0.28873188282041057,0.9572572422738227,0.01710181152090124]
2008-12-01T00:00:00.000Z,2,8.0,7.77157,-76.84153,[0.30682849482989194,0.9513973104613439,0.026446784442427252]
2008-12-01T00:00:00.000Z,8,294.0,0.77157,-76.34153,[0.252540075212968,0.9675090881492374,0.01223416364365045]
2008-12-01T00:00:00.000Z,11,1412.0,1.27157,-76.34153,[0.18049322666521345,0.983525965660744,0.009943339433053677]
2008-12-01T00:00:00.000Z,11,2388.0,1.77157,-76.34153,[0.13346678444860194,0.9909908745308693,0.011122232037383495]
2008-12-01T00:00:00.000Z,11,3852.0,2.27157,-76.34153,[0.139867596270426,0.9900863704497085,0.012885439971369953]
2008-12-01T00:00:00.000Z,1,2450.0,2.77157,-76.34153,[0.19692907484019223,0.9802691725378456,0.017067186486149993]
2008-12-01T00:00:00.000Z,1,990.0,3.27157,-76.34153,[0.2064644705123685,0.9782220367591362,0.021308899897800597]
2008-12-01T00:00:00.000Z,1,962.0,3.77157,-76.34153,[0.229039155392207,0.9731370943737185,0.023350821208278666]
2008-12-01T00:00:00.000Z,1,1899.0,4.27157,-76.34153,[0.2002098291147032,0.9795212069590317,0.02131265922833937]
2008-12-01T00:00:00.000Z,1,1358.0,4.77157,-76.34153,[0.22842583464695246,0.9732456177611861,0.02479123987400574]
2008-12-01T00:00:00.000Z,1,407.0,5.27157,-76.34153,[0.21274168315503292,0.9766777272117421,0.029010229521140855]
2008-12-01T00:00:00.000Z,1,480.0,5.77157,-76.34153,[0.2050117995940813,0.9784161017664622,0.025924772541262135]
2008-12-01T00:00:00.000Z,1,1095.0,6.27157,-76.34153,[0.20795278618487126,0.9780279475257226,0.014729989021428382]
2008-12-01T00:00:00.000Z,1,1485.0,6.77157,-76.34153,[0.23123621125432572,0.9728970547244211,0.001065604660158183]
2008-12-01T00:00:00.000Z,8,827.0,7.27157,-76.34153,[0.2719377796966735,0.9622413743113062,0.011890396845036736]
2008-12-01T00:00:00.000Z,2,201.0,7.77157,-76.34153,[0.2976183416721088,0.954431233638142,0.022007793081500766]
2008-12-01T00:00:00.000Z,2,165.0,8.27157,-76.34153,[0.30511715366202924,0.9519198089905256,0.02742626100332847]
2008-12-01T00:00:00.000Z,2,99.0,8.77157,-76.34153,[0.31083476546337296,0.9499669236633421,0.030734224000872837]
2008-12-01T00:00:00.000Z,2,267.0,0.27157,-75.84153,[0.2926490023806654,0.9559867411101736,0.021116633897271544]
2008-12-01T00:00:00.000Z,8,241.0,0.77157,-75.84153,[0.28459167092766724,0.9585047476843833,0.016620153582175768]
2008-12-01T00:00:00.000Z,1,250.0,1.27157,-75.84153,[0.22777493034457477,0.9736261728454374,0.013063562181527084]
2008-12-01T00:00:00.000Z,1,1712.0,1.77157,-75.84153,[0.23369419954575057,0.9722132476247973,0.013726698128658165]
2008-12-01T00:00:00.000Z,1,1262.0,2.27157,-75.84153,[0.20232769958963065,0.9792213527100355,0.01374934091133954]
2008-12-01T00:00:00.000Z,11,2705.0,2.77157,-75.84153,[0.16072510744997998,0.9868521597428769,0.01703686138969788]
2008-12-01T00:00:00.000Z,11,1867.0,3.27157,-75.84153,[0.13961228338161394,0.9899780094332625,0.021259143151291213]
2008-12-01T00:00:00.000Z,11,3782.0,3.77157,-75.84153,[0.16400350666772331,0.9861648766948068,0.024118162745253427]
2008-12-01T00:00:00.000Z,1,2035.0,4.27157,-75.84153,[0.21628479921009797,0.9760832130155198,0.021964673909419277]
2008-12-01T00:00:00.000Z,1,1185.0,4.77157,-75.84153,[0.2193640477224787,0.9754462223598546,0.019598006293987946]
2008-12-01T00:00:00.000Z,1,1530.0,5.27157,-75.84153,[0.2351337897600781,0.9716558076850286,0.024435472269184588]
2008-12-01T00:00:00.000Z,1,1704.0,5.77157,-75.84153,[0.22491613479040612,0.9738515365008683,0.03202994170837197]
2008-12-01T00:00:00.000Z,1,488.0,6.27157,-75.84153,[0.18793854443592292,0.9819510931178695,0.021240391708438628]
2008-12-01T00:00:00.000Z,1,896.0,6.77157,-75.84153,[0.19652408045959982,0.9804725981399706,0.007195143929395184]
2008-12-01T00:00:00.000Z,8,2421.0,7.27157,-75.84153,[0.24808389487239021,0.9687085418826665,0.007625089409497707]
2008-12-01T00:00:00.000Z,2,131.0,7.77157,-75.84153,[0.3095824024296671,0.950695213431403,0.01836701566653622]
2008-12-01T00:00:00.000Z,2,43.0,8.27157,-75.84153,[0.30886695090518157,0.9508031137939358,0.02397176335383499]
2008-12-01T00:00:00.000Z,2,10.0,8.77157,-75.84153,[0.3126627714553524,0.9494832691989744,0.026898194309026634]
2008-12-01T00:00:00.000Z,4,155.0,9.27157,-75.84153,[0.31892773358344284,0.9473334901256341,0.029057860170935906]
2008-12-01T00:00:00.000Z,2,228.0,0.27157,-75.34153,[0.2976919313940908,0.9542295630345469,0.02873073291361574]
2008-12-01T00:00:00.000Z,2,189.0,0.77157,-75.34153,[0.29428747935752575,0.9552847474457181,0.02873901165600837]
2008-12-01T00:00:00.000Z,8,244.0,1.27157,-75.34153,[0.28354597776081003,0.9585461191509165,0.02812500589125444]
2008-12-01T00:00:00.000Z,1,1357.0,1.77157,-75.34153,[0.2145312319886765,0.9764488548762956,0.022890703619410327]
2008-12-01T00:00:00.000Z,8,2437.0,2.27157,-75.34153,[0.24710436504997202,0.9687876741912456,0.01974525533810524]
2008-12-01T00:00:00.000Z,8,485.0,2.77157,-75.34153,[0.2849950637055941,0.9582959017100601,0.02113713389149823]
2008-12-01T00:00:00.000Z,2,694.0,3.27157,-75.34153,[0.28845046659568435,0.9571846095603729,0.024371121055227207]
2008-12-01T00:00:00.000Z,1,442.0,3.77157,-75.34153,[0.23303415417273962,0.9720853288348567,0.027298286631663785]
2008-12-01T00:00:00.000Z,11,2270.0,4.27157,-75.34153,[0.12092945732156188,0.9922996591432836,0.026785309705803898]
2008-12-01T00:00:00.000Z,11,4229.0,4.77157,-75.34153,[0.15652669840684852,0.987404720771969,0.023050164491419473]
2008-12-01T00:00:00.000Z,11,3209.0,5.27157,-75.34153,[0.18116319138328307,0.9831417093361096,0.024744240774302085]
2008-12-01T00:00:00.000Z,1,1992.0,5.77157,-75.34153,[0.2018818500983907,0.9787867226680402,0.034932365073204685]
2008-12-01T00:00:00.000Z,1,2185.0,6.27157,-75.34153,[0.20626725015506336,0.9781059926707844,0.027613196391726224]
2008-12-01T00:00:00.000Z,1,2092.0,6.77157,-75.34153,[0.23576542980421367,0.9717358931119618,0.012000672778322587]
2008-12-01T00:00:00.000Z,2,869.0,7.27157,-75.34153,[0.29463277843880326,0.9555960456589323,0.005265300603278993]
2008-12-01T00:00:00.000Z,2,83.0,7.77157,-75.34153,[0.31933360133308514,0.9475117441014533,0.0157335898467031]
2008-12-01T00:00:00.000Z,2,30.0,8.27157,-75.34153,[0.31824700926139016,0.9477721151726072,0.021139034921741975]
2008-12-01T00:00:00.000Z,4,74.0,8.77157,-75.34153,[0.3185952695277639,0.9475866656175038,0.024011775828379264]
2008-12-01T00:00:00.000Z,2,180.0,9.27157,-75.34153,[0.3034453954589186,0.9525447564217933,0.024070292647305192]
2008-12-01T00:00:00.000Z,2,136.0,9.77157,-75.34153,[0.3092733646315917,0.950644696450612,0.02499293979864154]
2008-12-01T00:00:00.000Z,2,79.0,10.27157,-75.34153,[0.30653558894839283,0.9515138169959407,0.025639593871148104]
2008-12-01T00:00:00.000Z,0,205.0,0.27157,-74.84153,[0.29664724354639466,0.9543302796259984,0.03541370194274789]
2008-12-01T00:00:00.000Z,0,239.0,0.77157,-74.84153,[0.2922917335008712,0.9556569567977702,0.03585140793721623]
2008-12-01T00:00:00.000Z,0,226.0,1.27157,-74.84153,[0.29423750123127934,0.9551225137624731,0.034136147603785146]
2008-12-01T00:00:00.000Z,0,258.0,1.77157,-74.84153,[0.2844831015151389,0.9582588682615206,0.028448310151513893]
2008-12-01T00:00:00.000Z,1,576.0,2.27157,-74.84153,[0.20683441881835266,0.978062757071891,0.024754119273473055]
2008-12-01T00:00:00.000Z,1,1998.0,2.77157,-74.84153,[0.2193427262770919,0.97535141227783,0.02404976085068622]
2008-12-01T00:00:00.000Z,1,2106.0,3.27157,-74.84153,[0.22230369607382983,0.9746319680084164,0.02595368274359491]
2008-12-01T00:00:00.000Z,0,361.0,3.77157,-74.84153,[0.3012532942528314,0.9529685881942157,0.03312586024453444]
2008-12-01T00:00:00.000Z,0,289.0,4.27157,-74.84153,[0.2836064135210267,0.9583533390231361,0.03356009226665483]
2008-12-01T00:00:00.000Z,0,277.0,4.77157,-74.84153,[0.291711856472145,0.9559713850653426,0.03198286619152433]
2008-12-01T00:00:00.000Z,0,325.0,5.27157,-74.84153,[0.30002344515353985,0.9533563527465765,0.033130002051703626]
2008-12-01T00:00:00.000Z,0,379.0,5.77157,-74.84153,[0.2775966406456052,0.9597875753495825,0.04180807705269844]
2008-12-01T00:00:00.000Z,8,978.0,6.27157,-74.84153,[0.2513261358311084,0.967388962487844,0.031524097209850235]
2008-12-01T00:00:00.000Z,8,1143.0,6.77157,-74.84153,[0.265935649118327,0.9638810466003035,0.014545051829328906]
2008-12-01T00:00:00.000Z,2,322.0,7.27157,-74.84153,[0.29040732019151555,0.956897683389668,0.00322674800212795]
2008-12-01T00:00:00.000Z,2,55.0,7.77157,-74.84153,[0.31828973411402545,0.9478993541497984,0.013358875701866032]
2008-12-01T00:00:00.000Z,4,27.0,8.27157,-74.84153,[0.32107339708294447,0.9468746364882471,0.018447126086947357]
2008-12-01T00:00:00.000Z,4,14.0,8.77157,-74.84153,[0.32353593336461767,0.945990935598719,0.020631276910207504]
2008-12-01T00:00:00.000Z,4,48.0,9.27157,-74.84153,[0.3210610095276379,0.9468381044615065,0.020431155151758775]
2008-12-01T00:00:00.000Z,2,15.0,9.77157,-74.84153,[0.31824700926139016,0.9477721151726072,0.021139034921741975]
2008-12-01T00:00:00.000Z,2,5.0,10.27157,-74.84153,[0.3154589418462988,0.9486878800579168,0.021839465204743762]
2008-12-01T00:00:00.000Z,4,171.0,-0.72843,-74.34153,[0.31567539777397036,0.9482084981824878,0.03535091533124238]
2008-12-01T00:00:00.000Z,0,219.0,-0.22843,-74.34153,[0.30542451220452904,0.9513798023842226,0.03990412209262238]
2008-12-01T00:00:00.000Z,0,201.0,0.27157,-74.34153,[0.3009175589981965,0.952711962851433,0.04229111639974654]
2008-12-01T00:00:00.000Z,0,242.0,0.77157,-74.34153,[0.29949992339506076,0.9530598337493987,0.044460647542755145]
2008-12-01T00:00:00.000Z,0,251.0,1.27157,-74.34153,[0.3019433490819587,0.9524622247102714,0.0405699943940238]
2008-12-01T00:00:00.000Z,2,298.0,1.77157,-74.34153,[0.30510287995397684,0.9518267451846073,0.030628088335148258]
2008-12-01T00:00:00.000Z,0,313.0,2.27157,-74.34153,[0.3031304168221945,0.9523546166303591,0.03365463682829088]
2008-12-01T00:00:00.000Z,8,364.0,2.77157,-74.34153,[0.2618133872479902,0.9646368801270395,0.030486714426210416]
2008-12-01T00:00:00.000Z,11,899.0,3.27157,-74.34153,[0.14516928628404804,0.9887514380763902,0.03600655525942924]
2008-12-01T00:00:00.000Z,11,3444.0,3.77157,-74.34153,[0.141158312642799,0.9892845077716163,0.0372893209231394]
2008-12-01T00:00:00.000Z,11,2263.0,4.27157,-74.34153,[0.16391783210351774,0.9857524423759492,0.03772355588135751]
2008-12-01T00:00:00.000Z,1,2655.0,4.77157,-74.34153,[0.19808607539908252,0.9794863949291649,0.03699065938391707]
2008-12-01T00:00:00.000Z,8,1104.0,5.27157,-74.34153,[0.2691404304295532,0.962346665107352,0.03810938027510901]
2008-12-01T00:00:00.000Z,0,744.0,5.77157,-74.34153,[0.299093382281735,0.9530047693995967,0.04821885706747363]
2008-12-01T00:00:00.000Z,0,119.0,6.27157,-74.34153,[0.30916506846148784,0.9503118156030234,0.036392493298603175]
2008-12-01T00:00:00.000Z,8,97.0,6.77157,-74.34153,[0.26401228815971306,0.9644085236908527,0.01461886223694279]
2008-12-01T00:00:00.000Z,8,575.0,7.27157,-74.34153,[0.2475314699833137,0.9688785434540005,0.0015935502359440796]
2008-12-01T00:00:00.000Z,2,1234.0,7.77157,-74.34153,[0.2862971575064578,0.9580810388995635,0.010707964552406886]
2008-12-01T00:00:00.000Z,2,715.0,8.27157,-74.34153,[0.3123693545480186,0.9498342225330492,0.015502775373864628]
2008-12-01T00:00:00.000Z,4,14.0,8.77157,-74.34153,[0.3239450544370482,0.9459195589561807,0.017198537435566923]
2008-12-01T00:00:00.000Z,4,37.0,9.27157,-74.34153,[0.3272699374082274,0.9447829214960142,0.01672182161939848]
2008-12-01T00:00:00.000Z,4,95.0,9.77157,-74.34153,[0.3221941039452278,0.946518942725541,0.01711287365276851]
2008-12-01T00:00:00.000Z,2,119.0,10.27157,-74.34153,[0.30614862277666327,0.9518229738206786,0.017494207015809327]
2008-12-01T00:00:00.000Z,8,5.0,10.77157,-74.34153,[0.28269329774272023,0.9590545349040219,0.01728868101897628]
2008-12-01T00:00:00.000Z,4,156.0,-1.22843,-73.84153,[0.3228746120310443,0.9459030300613186,0.031928711634181046]
2008-12-01T00:00:00.000Z,0,195.0,-0.72843,-73.84153,[0.3131350972525689,0.9488584267691049,0.0401758237984428]
2008-12-01T00:00:00.000Z,0,174.0,-0.22843,-73.84153,[0.3039012809922424,0.9515982196320795,0.04587853315365513]
2008-12-01T00:00:00.000Z,0,241.0,0.27157,-73.84153,[0.3038590830620822,0.9514660863449756,0.04880516546479777]
2008-12-01T00:00:00.000Z,0,232.0,0.77157,-73.84153,[0.30659115170515716,0.950432570285987,0.051766736768678455]
2008-12-01T00:00:00.000Z,0,267.0,1.27157,-73.84153,[0.30940975980158963,0.9495678835290164,0.050857006496123354]
2008-12-01T00:00:00.000Z,0,265.0,1.77157,-73.84153,[0.29254308463125495,0.9551707943984348,0.045467539659556494]
2008-12-01T00:00:00.000Z,0,554.0,2.27157,-73.84153,[0.27157406373117365,0.9615819853142413,0.04009505490279988]
2008-12-01T00:00:00.000Z,0,995.0,2.77157,-73.84153,[0.30242648561423635,0.9518602535268793,0.050002785470082904]
2008-12-01T00:00:00.000Z,0,363.0,3.27157,-73.84153,[0.28421184832596846,0.9569664766418685,0.058641178831813745]
2008-12-01T00:00:00.000Z,6,545.0,3.77157,-73.84153,[0.20718182402100666,0.9762126623362688,0.06391032537597155]
2008-12-01T00:00:00.000Z,11,1499.0,4.27157,-73.84153,[0.15222162966176483,0.9858162682857151,0.07067432805724795]
2008-12-01T00:00:00.000Z,11,3610.0,4.77157,-73.84153,[0.13937826781002569,0.9875605471325752,0.07278642874523564]
2008-12-01T00:00:00.000Z,11,2585.0,5.27157,-73.84153,[0.16347687976674774,0.9841749991362988,0.06837310038893031]
2008-12-01T00:00:00.000Z,6,2622.0,5.77157,-73.84153,[0.244456062037475,0.9677781086141135,0.06038846098733972]
2008-12-01T00:00:00.000Z,2,616.0,6.27157,-73.84153,[0.30050456775600076,0.9533248356397265,0.02947477752702536]
2008-12-01T00:00:00.000Z,4,101.0,6.77157,-73.84153,[0.32327026309454376,0.9462144197146866,0.01321396695860909]
2008-12-01T00:00:00.000Z,2,89.0,7.27157,-73.84153,[0.3138038811367037,0.9494874785864234,8.075835176312229E-4]
2008-12-01T00:00:00.000Z,2,59.0,7.77157,-73.84153,[0.30324039770706396,0.9528790025326842,0.008177269151651163]
2008-12-01T00:00:00.000Z,2,38.0,8.27157,-73.84153,[0.30893353079625074,0.95100807054816,0.011988465374182865]
2008-12-01T00:00:00.000Z,4,29.0,8.77157,-73.84153,[0.32909497243259817,0.9442033936338908,0.013283469796370328]
2008-12-01T00:00:00.000Z,4,52.0,9.27157,-73.84153,[0.34590760171666624,0.9381810492603105,0.012816001070797346]
2008-12-01T00:00:00.000Z,2,46.0,9.77157,-73.84153,[0.2844259315706259,0.9586207323306281,0.012172961680388927]
2008-12-01T00:00:00.000Z,11,931.0,10.27157,-73.84153,[0.13157035815597143,0.991237698310666,0.011707531869811015]
2008-12-01T00:00:00.000Z,8,2665.0,10.77157,-73.84153,[0.2722835733049691,0.9621448955860461,0.01178370086151757]
2008-12-01T00:00:00.000Z,4,139.0,-1.72843,-73.34153,[0.32003389992660414,0.9470632816346545,0.02548418092008144]
2008-12-01T00:00:00.000Z,4,199.0,-1.22843,-73.34153,[0.31675356795822707,0.9478880179723725,0.03428531128836241]
2008-12-01T00:00:00.000Z,0,223.0,-0.72843,-73.34153,[0.3141576255665881,0.9484003790689453,0.042915117152869775]
2008-12-01T00:00:00.000Z,0,171.0,-0.22843,-73.34153,[0.3083846328982485,0.9499664553647197,0.04962511333994804]
2008-12-01T00:00:00.000Z,0,209.0,0.27157,-73.34153,[0.3048100713746702,0.9509132728599751,0.05343002795525108]
2008-12-01T00:00:00.000Z,0,237.0,0.77157,-73.34153,[0.29773770355255263,0.9529950905048241,0.05614817322900501]
2008-12-01T00:00:00.000Z,0,249.0,1.27157,-73.34153,[0.3011395172108385,0.9518370622428856,0.05762983701917223]
2008-12-01T00:00:00.000Z,5,294.0,1.77157,-73.34153,[0.31172236653872115,0.9483553535851093,0.05874767677075899]
2008-12-01T00:00:00.000Z,5,229.0,2.27157,-73.34153,[0.3160916660141956,0.9470685413020745,0.05610023843381716]
2008-12-01T00:00:00.000Z,5,267.0,2.77157,-73.34153,[0.3179095783541092,0.9464204688932677,0.05676086724636586]
2008-12-01T00:00:00.000Z,5,234.0,3.27157,-73.34153,[0.32174800686430743,0.9442872538622968,0.06928060530947923]
2008-12-01T00:00:00.000Z,5,256.0,3.77157,-73.34153,[0.3212469108402851,0.9439716918537608,0.07561658055163634]
2008-12-01T00:00:00.000Z,6,300.0,4.27157,-73.34153,[0.24404482624215,0.9667018359883222,0.07700443546475606]
2008-12-01T00:00:00.000Z,11,1229.0,4.77157,-73.34153,[0.17456772526418138,0.981353698782425,0.08044269502038627]
2008-12-01T00:00:00.000Z,11,2684.0,5.27157,-73.34153,[0.14985634760971753,0.9847702842924294,0.08815079271159854]
2008-12-01T00:00:00.000Z,6,3515.0,5.77157,-73.34153,[0.2119325497313868,0.9746568358525867,0.07161457037626533]
2008-12-01T00:00:00.000Z,1,1301.0,6.27157,-73.34153,[0.21911516534135173,0.9751198457599421,0.03361295468325448]
2008-12-01T00:00:00.000Z,8,1945.0,6.77157,-73.34153,[0.2680053989756666,0.9632159852074171,0.01969954214692934]
2008-12-01T00:00:00.000Z,1,351.0,7.27157,-73.34153,[0.20996169367938633,0.9777004119817889,0.0042416503773613405]
2008-12-01T00:00:00.000Z,1,325.0,7.77157,-73.34153,[0.21211377265753922,0.9772384526008057,0.0035713033151524463]
2008-12-01T00:00:00.000Z,1,1339.0,8.27157,-73.34153,[0.2376100516405343,0.9713410907342211,0.006160260598087927]
2008-12-01T00:00:00.000Z,8,1230.0,8.77157,-73.34153,[0.26829209022939554,0.9633073756943382,0.0076324473944569425]
2008-12-01T00:00:00.000Z,2,809.0,9.27157,-73.34153,[0.29661874155159945,0.9549676557271006,0.007355180176686002]
2008-12-01T00:00:00.000Z,2,74.0,9.77157,-73.34153,[0.28558624935437826,0.9583270794234786,0.007050037117953272]
2008-12-01T00:00:00.000Z,1,99.0,10.27157,-73.34153,[0.2238787013813424,0.9745963368590775,0.0063487989943962755]
2008-12-01T00:00:00.000Z,2,1426.0,10.77157,-73.34153,[0.28659019043163764,0.9580300651571887,0.006667608512082997]
2008-12-01T00:00:00.000Z,2,146.0,-2.22843,-72.84153,[0.30890955149401406,0.9509342536662746,0.017289713703023176]
2008-12-01T00:00:00.000Z,2,165.0,-1.72843,-72.84153,[0.3115639894152433,0.949805146836768,0.02825001844324781]
2008-12-01T00:00:00.000Z,0,168.0,-1.22843,-72.84153,[0.3121352962898868,0.9493137394681144,0.037080734446467756]
2008-12-01T00:00:00.000Z,0,178.0,-0.72843,-72.84153,[0.30813567471050013,0.9502810120842905,0.044926651808935514]
2008-12-01T00:00:00.000Z,0,191.0,-0.22843,-72.84153,[0.3073166011926737,0.9502088013888417,0.051572671004747536]
2008-12-01T00:00:00.000Z,0,247.0,0.27157,-72.84153,[0.2967469356067255,0.9533287380121575,0.05572767255291656]
2008-12-01T00:00:00.000Z,0,264.0,0.77157,-72.84153,[0.29521469300088704,0.9535903178679448,0.05927723597557494]
2008-12-01T00:00:00.000Z,0,246.0,1.27157,-72.84153,[0.2961541878940767,0.9530993904051436,0.06240391816339473]
2008-12-01T00:00:00.000Z,0,259.0,1.77157,-72.84153,[0.30441646841421616,0.9502568974812394,0.0658972119861362]
2008-12-01T00:00:00.000Z,5,271.0,2.27157,-72.84153,[0.3169629472120447,0.9460497126710649,0.06726389261446444]
2008-12-01T00:00:00.000Z,5,193.0,2.77157,-72.84153,[0.3198361297782847,0.9448032799197603,0.07107469550628548]
2008-12-01T00:00:00.000Z,5,182.0,3.27157,-72.84153,[0.3227182743369515,0.9434254533298619,0.07616645861745674]
2008-12-01T00:00:00.000Z,5,203.0,3.77157,-72.84153,[0.32110052917695786,0.9435415549661379,0.08138663412600586]
2008-12-01T00:00:00.000Z,7,165.0,4.27157,-72.84153,[0.3136268471718136,0.9457618932223952,0.08469145211565707]
2008-12-01T00:00:00.000Z,6,293.0,4.77157,-72.84153,[0.22420613997953392,0.9707773704873013,0.0855739665157488]
2008-12-01T00:00:00.000Z,11,1653.0,5.27157,-72.84153,[0.1605315617389904,0.9819180526368247,0.10033222608686901]
2008-12-01T00:00:00.000Z,11,2686.0,5.77157,-72.84153,[0.16217290287428474,0.9828237131088119,0.08807666276793051]
2008-12-01T00:00:00.000Z,11,2685.0,6.27157,-72.84153,[0.17378303843893092,0.9839186735145353,0.04127347162924609]
2008-12-01T00:00:00.000Z,11,1547.0,6.77157,-72.84153,[0.1352455407976631,0.9904746958417093,0.02585576515249442]
2008-12-01T00:00:00.000Z,11,3795.0,7.27157,-72.84153,[0.17786086668671233,0.9840231381779648,0.007998476845082923]
2008-12-01T00:00:00.000Z,8,1328.0,7.77157,-72.84153,[0.25957785624078084,0.9657176177093456,0.002969746660381815]
2008-12-01T00:00:00.000Z,2,973.0,8.27157,-72.84153,[0.31481770685678623,0.9491518923144898,7.048157616196707E-4]
2008-12-01T00:00:00.000Z,4,83.0,8.77157,-72.84153,[0.33711259535361704,0.9414635390239195,0.0012258639831040621]
2008-12-01T00:00:00.000Z,2,223.0,10.77157,-72.84153,[0.29301912562309496,0.9561062306187839,8.171848124946871E-4]
2008-12-01T00:00:00.000Z,2,51.0,11.27157,-72.84153,[0.3253519572916967,0.9455922054620097,0.0012185466565232087]
2008-12-01T00:00:00.000Z,2,149.0,-2.22843,-72.34153,[0.30150606653619666,0.9532579020937646,0.01983592543001294]
2008-12-01T00:00:00.000Z,2,147.0,-1.72843,-72.34153,[0.30538649792641503,0.9517496495526243,0.030194228930318475]
2008-12-01T00:00:00.000Z,0,145.0,-1.22843,-72.34153,[0.30626466937547747,0.9511540486642187,0.03883204864534356]
2008-12-01T00:00:00.000Z,0,205.0,-0.72843,-72.34153,[0.30605804033193745,0.9508826138557142,0.046375970233503504]
2008-12-01T00:00:00.000Z,0,176.0,-0.22843,-72.34153,[0.30656646456641107,0.9503560401558743,0.05329540076308377]
2008-12-01T00:00:00.000Z,0,150.0,0.27157,-72.34153,[0.3015795599915407,0.9516771328915933,0.057968989352459574]
2008-12-01T00:00:00.000Z,0,218.0,0.77157,-72.34153,[0.30354408716712633,0.9507898450176525,0.062126143910470215]
2008-12-01T00:00:00.000Z,9,234.0,1.27157,-72.34153,[0.30336229203202275,0.950535181700338,0.066739704247045]
2008-12-01T00:00:00.000Z,5,237.0,1.77157,-72.34153,[0.30857574665927046,0.9485402329214929,0.07108048327715491]
2008-12-01T00:00:00.000Z,5,203.0,2.27157,-72.34153,[0.3175390583323786,0.9453174265297248,0.07445743436759222]
2008-12-01T00:00:00.000Z,5,188.0,2.77157,-72.34153,[0.317136484097622,0.9452871263450356,0.07652907434788177]
2008-12-01T00:00:00.000Z,5,220.0,3.27157,-72.34153,[0.3211261952675764,0.943616973786263,0.080405058891997]
2008-12-01T00:00:00.000Z,5,180.0,3.77157,-72.34153,[0.322483517119522,0.9427391707363804,0.08513070624342936]
2008-12-01T00:00:00.000Z,5,190.0,4.27157,-72.34153,[0.3249431094002273,0.9414701496690997,0.08969912449603233]
2008-12-01T00:00:00.000Z,7,177.0,4.77157,-72.34153,[0.3163192073839541,0.9440534483939714,0.09330190574387172]
2008-12-01T00:00:00.000Z,6,257.0,5.27157,-72.34153,[0.24803357208357346,0.9641697189327145,0.0941068552905323]
2008-12-01T00:00:00.000Z,6,1342.0,5.77157,-72.34153,[0.18130307711591515,0.9793012924509287,0.08998984849549074]
2008-12-01T00:00:00.000Z,11,3317.0,6.27157,-72.34153,[0.1718963897973236,0.9841396362442192,0.043827018467409225]
2008-12-01T00:00:00.000Z,1,3467.0,6.77157,-72.34153,[0.19972861800076203,0.9795678849138496,0.02356348864053934]
2008-12-01T00:00:00.000Z,1,2203.0,7.27157,-72.34153,[0.19770315165093016,0.9801914150272432,0.011758134808713213]
2008-12-01T00:00:00.000Z,2,97.0,11.27157,-72.34153,[0.3144442884352896,0.9492657764084215,0.004390354215888949]
2008-12-01T00:00:00.000Z,2,19.0,11.77157,-72.34153,[0.3213331853507637,0.9469591598594476,0.003651513469895042]
2008-12-01T00:00:00.000Z,2,109.0,-2.22843,-71.84153,[0.2962164416289669,0.9548492114630712,0.022777249110106163]
2008-12-01T00:00:00.000Z,0,140.0,-1.72843,-71.84153,[0.29903093794769375,0.9537274611816597,0.03137559462557241]
2008-12-01T00:00:00.000Z,0,153.0,-1.22843,-71.84153,[0.30021251347141387,0.9531461929605726,0.03721265376109541]
2008-12-01T00:00:00.000Z,0,136.0,-0.72843,-71.84153,[0.3054758839855578,0.951140820591396,0.04489569810090774]
2008-12-01T00:00:00.000Z,0,192.0,-0.22843,-71.84153,[0.29522648357325315,0.9539867547621985,0.052446116493601445]
2008-12-01T00:00:00.000Z,0,216.0,0.27157,-71.84153,[0.3008172012861141,0.9518044259443453,0.05981092009946565]
2008-12-01T00:00:00.000Z,0,215.0,0.77157,-71.84153,[0.30099752983279066,0.951388270765605,0.06527515058726793]
2008-12-01T00:00:00.000Z,9,232.0,1.27157,-71.84153,[0.2927083630549469,0.9536627312435366,0.06963626379129785]
2008-12-01T00:00:00.000Z,5,233.0,1.77157,-71.84153,[0.30955165469853557,0.9479266624425973,0.07491872732392572]
2008-12-01T00:00:00.000Z,5,159.0,2.27157,-71.84153,[0.3134385427510629,0.9463900186165815,0.07811666007323001]
2008-12-01T00:00:00.000Z,5,186.0,2.77157,-71.84153,[0.31812380369637444,0.944545193214332,0.08143478063733446]
2008-12-01T00:00:00.000Z,5,222.0,3.27157,-71.84153,[0.32325239054638694,0.9424050462852358,0.08591053917982823]
2008-12-01T00:00:00.000Z,7,206.0,3.77157,-71.84153,[0.3201386071423714,0.943111031851851,0.08973769451172264]
2008-12-01T00:00:00.000Z,7,189.0,4.27157,-71.84153,[0.32637628308264843,0.9405118081198457,0.09442489411322424]
2008-12-01T00:00:00.000Z,7,149.0,4.77157,-71.84153,[0.32777430322131357,0.9397027552428533,0.09758451689060399]
2008-12-01T00:00:00.000Z,7,172.0,5.27157,-71.84153,[0.32217795972059526,0.9416552722335545,0.09739974612402552]
2008-12-01T00:00:00.000Z,7,213.0,5.77157,-71.84153,[0.30800989938410944,0.9476272307664334,0.08445432725048162]
2008-12-01T00:00:00.000Z,0,412.0,6.27157,-71.84153,[0.2815763312573241,0.9580753983035223,0.05297453011790336]
2008-12-01T00:00:00.000Z,2,325.0,6.77157,-71.84153,[0.2972385969297222,0.9544793192245261,0.024868567870614207]
2008-12-01T00:00:00.000Z,2,174.0,11.77157,-71.84153,[0.29905800783276204,0.9541928654586181,0.00896010373662361]
2008-12-01T00:00:00.000Z,2,107.0,-2.22843,-71.34153,[0.2933832326474638,0.9557181063515866,0.023003912559857956]
2008-12-01T00:00:00.000Z,2,121.0,-1.72843,-71.34153,[0.2964252028161078,0.9546469459514955,0.027951882242735638]
2008-12-01T00:00:00.000Z,2,140.0,-1.22843,-71.34153,[0.29666049280481077,0.9545221199788377,0.02966604928048108]
2008-12-01T00:00:00.000Z,0,186.0,-0.72843,-71.34153,[0.3001418700640298,0.9531222744018046,0.038376918500553435]
2008-12-01T00:00:00.000Z,0,201.0,-0.22843,-71.34153,[0.2957713640913534,0.9540640499289182,0.04776074556338976]
2008-12-01T00:00:00.000Z,0,185.0,0.27157,-71.34153,[0.2978814508974195,0.9529879229882288,0.05550369221799573]
2008-12-01T00:00:00.000Z,0,228.0,0.77157,-71.34153,[0.2940248170184149,0.9538165064077377,0.06150999172025239]
2008-12-01T00:00:00.000Z,9,342.0,1.27157,-71.34153,[0.2976410704621968,0.9522142612794583,0.06854045367615529]
2008-12-01T00:00:00.000Z,9,222.0,1.77157,-71.34153,[0.3087809535160816,0.9480540213423442,0.07647153301921708]
2008-12-01T00:00:00.000Z,5,164.0,2.27157,-71.34153,[0.31262014538045485,0.9463753817353847,0.0815001935427645]
2008-12-01T00:00:00.000Z,5,189.0,2.77157,-71.34153,[0.3209710118110957,0.9431609731679891,0.08616837163236339]
2008-12-01T00:00:00.000Z,7,209.0,3.27157,-71.34153,[0.32425990060523613,0.9416008652190512,0.09079277216946613]
2008-12-01T00:00:00.000Z,7,171.0,3.77157,-71.34153,[0.3219285407877386,0.9420777065687699,0.0940829921526957]
2008-12-01T00:00:00.000Z,7,165.0,4.27157,-71.34153,[0.32333351155297974,0.9412875201194856,0.09712489265954373]
2008-12-01T00:00:00.000Z,7,131.0,4.77157,-71.34153,[0.32664776997305717,0.9398945411868426,0.09949615981937948]
2008-12-01T00:00:00.000Z,7,146.0,5.27157,-71.34153,[0.32553089033545235,0.9404225720801956,0.09815816501685862]
2008-12-01T00:00:00.000Z,5,151.0,5.77157,-71.34153,[0.31805594478471555,0.9443437125075146,0.0839962417887048]
2008-12-01T00:00:00.000Z,0,157.0,6.27157,-71.34153,[0.3078248994884691,0.9498254680714241,0.0554563923981172]
2008-12-01T00:00:00.000Z,2,154.0,6.77157,-71.34153,[0.2984972720320043,0.9540206929650336,0.027274456620963537]
2008-12-01T00:00:00.000Z,2,97.0,-2.22843,-70.84153,[0.2899077184540298,0.9568057019699537,0.021825752187793875]
2008-12-01T00:00:00.000Z,2,137.0,-1.72843,-70.84153,[0.2919831358364575,0.9561890478919106,0.02117434954539196]
2008-12-01T00:00:00.000Z,2,114.0,-1.22843,-70.84153,[0.2888348542746344,0.9571852728868697,0.019255656951642292]
2008-12-01T00:00:00.000Z,2,155.0,-0.72843,-70.84153,[0.29191834157708296,0.9560891419869577,0.026023728125088786]
2008-12-01T00:00:00.000Z,0,183.0,-0.22843,-70.84153,[0.2923137810186837,0.9557290418462432,0.03368459585957488]
2008-12-01T00:00:00.000Z,0,193.0,0.27157,-70.84153,[0.29534536565274955,0.9543709070504535,0.04412807227988141]
2008-12-01T00:00:00.000Z,0,250.0,0.77157,-70.84153,[0.2978128435414615,0.953235597634678,0.051472377289252594]
2008-12-01T00:00:00.000Z,0,316.0,1.27157,-70.84153,[0.3027102344717078,0.9510345161748931,0.062448883016998]
2008-12-01T00:00:00.000Z,9,186.0,1.77157,-70.84153,[0.30880640795475783,0.9481321744235923,0.07539218944207955]
2008-12-01T00:00:00.000Z,7,191.0,2.27157,-70.84153,[0.31005881266521684,0.9471327793132797,0.08248048883789558]
2008-12-01T00:00:00.000Z,7,160.0,2.77157,-70.84153,[0.3190261861966458,0.9435291838866049,0.0893026969083275]
2008-12-01T00:00:00.000Z,7,240.0,3.27157,-70.84153,[0.32564823651055747,0.9407615721416105,0.09445046553198927]
2008-12-01T00:00:00.000Z,7,186.0,3.77157,-70.84153,[0.3229862964498806,0.9414174222105046,0.09702107742196026]
2008-12-01T00:00:00.000Z,7,176.0,4.27157,-70.84153,[0.3240517587396274,0.940754911999926,0.09985315821628053]
2008-12-01T00:00:00.000Z,7,146.0,4.77157,-70.84153,[0.3251178664319702,0.9403409059878522,0.1002863572609385]
2008-12-01T00:00:00.000Z,7,123.0,5.27157,-70.84153,[0.3243970418902879,0.940875711536199,0.09756769267581454]
2008-12-01T00:00:00.000Z,7,120.0,5.77157,-70.84153,[0.3133275641329764,0.9460082224784095,0.08303180449523874]
2008-12-01T00:00:00.000Z,0,126.0,6.27157,-70.84153,[0.3047445441288264,0.9507088480930183,0.05730138725511137]
2008-12-01T00:00:00.000Z,2,122.0,6.77157,-70.84153,[0.3010375723295827,0.9530919278388335,0.031498525907844376]
2008-12-01T00:00:00.000Z,8,97.0,-3.72843,-70.34153,[0.27638714676458304,0.9610255370325768,0.006329476643463733]
2008-12-01T00:00:00.000Z,8,132.0,-2.22843,-70.34153,[0.2848856842037185,0.9583510755971832,0.02008389497834644]
2008-12-01T00:00:00.000Z,2,129.0,-1.72843,-70.34153,[0.28852725432435145,0.9573356407850128,0.016139838747645713]
2008-12-01T00:00:00.000Z,2,144.0,-1.22843,-70.34153,[0.2853749879299434,0.9582825470176699,0.0159898825921836]
2008-12-01T00:00:00.000Z,2,134.0,-0.72843,-70.34153,[0.2864768758095989,0.9579070534883461,0.018576234915778676]
2008-12-01T00:00:00.000Z,2,170.0,-0.22843,-70.34153,[0.2888452343070343,0.9571538156448784,0.02061562064465892]
2008-12-01T00:00:00.000Z,2,177.0,0.27157,-70.34153,[0.29263869616458393,0.9559530741376407,0.022722534055132398]
2008-12-01T00:00:00.000Z,2,190.0,0.77157,-70.34153,[0.29477942977151644,0.9551317744171577,0.02878161361548665]
2008-12-01T00:00:00.000Z,0,195.0,1.27157,-70.34153,[0.2998860975912133,0.9527877195122407,0.047580353279235814]
2008-12-01T00:00:00.000Z,9,216.0,1.77157,-70.34153,[0.30367023152968486,0.9504639136460609,0.06635314114132877]
2008-12-01T00:00:00.000Z,9,168.0,2.27157,-70.34153,[0.3083573666540022,0.9480477468891677,0.07823812400985859]
2008-12-01T00:00:00.000Z,7,193.0,2.77157,-70.34153,[0.3179140198623672,0.9439223215218548,0.08911412294211529]
2008-12-01T00:00:00.000Z,7,177.0,3.27157,-70.34153,[0.32330522875320916,0.9414251871740955,0.09587672300957237]
2008-12-01T00:00:00.000Z,7,174.0,3.77157,-70.34153,[0.31878459689755156,0.9427093137826428,0.09836427445126786]
2008-12-01T00:00:00.000Z,7,118.0,4.27157,-70.34153,[0.3217092653846739,0.9414360285481738,0.10100174610914181]
2008-12-01T00:00:00.000Z,7,116.0,4.77157,-70.34153,[0.3206119350910818,0.9419528945699225,0.09966308990040605]
2008-12-01T00:00:00.000Z,7,124.0,5.27157,-70.34153,[0.31920718943638776,0.9429453756913982,0.09466144238458396]
2008-12-01T00:00:00.000Z,9,105.0,5.77157,-70.34153,[0.30732982544711274,0.9480947124797031,0.08163819301452262]
2008-12-01T00:00:00.000Z,0,104.0,6.27157,-70.34153,[0.29853851948521404,0.9525353539995156,0.059591541048994084]
2008-12-01T00:00:00.000Z,0,109.0,6.77157,-70.34153,[0.3047560962099824,0.9517767312404066,0.035281378830463346]
2008-12-01T00:00:00.000Z,8,140.0,-3.72843,-69.84153,[0.278210491380575,0.9605137877321753,0.003490854074357025]
2008-12-01T00:00:00.000Z,8,128.0,-3.22843,-69.84153,[0.2789235080038185,0.9602633748833751,0.009794260586393627]
2008-12-01T00:00:00.000Z,8,61.0,-2.72843,-69.84153,[0.28047365264246404,0.9596282444816873,0.02116985041017832]
2008-12-01T00:00:00.000Z,8,111.0,-2.22843,-69.84153,[0.2816681537745232,0.9591942533943223,0.024686745523867477]
2008-12-01T00:00:00.000Z,8,145.0,-1.72843,-69.84153,[0.28246654288805423,0.9590724479454864,0.019816451264627062]
2008-12-01T00:00:00.000Z,8,68.0,-1.22843,-69.84153,[0.28356455469334535,0.9588233386323624,0.015778105572431277]
2008-12-01T00:00:00.000Z,8,122.0,-0.72843,-69.84153,[0.2837444851910457,0.9587460144150568,0.017179841876801598]
2008-12-01T00:00:00.000Z,2,188.0,0.77157,-69.84153,[0.2953088923412924,0.9551396986663675,0.02237887699773856]
2008-12-01T00:00:00.000Z,0,195.0,1.77157,-69.84153,[0.29920423138815155,0.9531960889282615,0.04352061547464023]
2008-12-01T00:00:00.000Z,0,182.0,2.27157,-69.84153,[0.30807897310160376,0.9495090225670523,0.05932927099183228]
2008-12-01T00:00:00.000Z,5,180.0,2.77157,-69.84153,[0.31451717135481744,0.9459896316718538,0.07862929283870436]
2008-12-01T00:00:00.000Z,7,198.0,3.27157,-69.84153,[0.3163083312140666,0.9440209885070979,0.09366649808044451]
2008-12-01T00:00:00.000Z,7,149.0,3.77157,-69.84153,[0.315405419272516,0.9437617409360499,0.09916248201252643]
2008-12-01T00:00:00.000Z,7,188.0,4.27157,-69.84153,[0.31391271807270943,0.9441905973280713,0.09981443457468182]
2008-12-01T00:00:00.000Z,7,143.0,4.77157,-69.84153,[0.31651269771138957,0.943380258548344,0.09926429352349417]
2008-12-01T00:00:00.000Z,7,100.0,5.27157,-69.84153,[0.30727058963765924,0.947017559469192,0.09350148020614708]
2008-12-01T00:00:00.000Z,9,112.0,5.77157,-69.84153,[0.29725121546323374,0.9514379455575159,0.08004717770742201]
2008-12-01T00:00:00.000Z,0,98.0,6.27157,-69.84153,[0.2985549245686404,0.9525876970672574,0.05866546183158109]
2008-12-01T00:00:00.000Z,2,169.0,0.77157,-69.34153,[0.2907393435789184,0.9565894480890688,0.02018073090724257]
2008-12-01T00:00:00.000Z,0,182.0,1.77157,-69.34153,[0.2984525213860807,0.953877666390807,0.03230309643237579]
2008-12-01T00:00:00.000Z,0,167.0,2.27157,-69.34153,[0.2993582567563546,0.9532506058280781,0.04120578357705115]
2008-12-01T00:00:00.000Z,0,128.0,2.77157,-69.34153,[0.30274981056822037,0.9508236238158171,0.06539868954852572]
2008-12-01T00:00:00.000Z,7,182.0,3.27157,-69.34153,[0.307055775921951,0.9474522580004169,0.08972719366435221]
2008-12-01T00:00:00.000Z,7,123.0,3.77157,-69.34153,[0.3050427351695127,0.9473006814834475,0.09782815842741012]
2008-12-01T00:00:00.000Z,7,172.0,4.27157,-69.34153,[0.30785126736293056,0.9463132343062847,0.09858427744735092]
2008-12-01T00:00:00.000Z,7,142.0,4.77157,-69.34153,[0.3075519781192196,0.9464971729715518,0.09774907831696125]
2008-12-01T00:00:00.000Z,7,117.0,5.27157,-69.34153,[0.30280452160212284,0.9484733069638479,0.09331563467271646]
2008-12-01T00:00:00.000Z,9,83.0,5.77157,-69.34153,[0.2981325690952148,0.9512401037279227,0.07911533545639553]
2008-12-01T00:00:00.000Z,0,139.0,1.77157,-68.84153,[0.2918624490747891,0.956021880433955,0.02895643195545152]
2008-12-01T00:00:00.000Z,0,178.0,2.27157,-68.84153,[0.2920103343109436,0.9556701850176335,0.037742047161928284]
2008-12-01T00:00:00.000Z,0,155.0,2.77157,-68.84153,[0.29607343842262845,0.9532403644901096,0.060607974453573354]
2008-12-01T00:00:00.000Z,9,154.0,3.27157,-68.84153,[0.2999922369741065,0.9501699645794658,0.08474488873276316]
2008-12-01T00:00:00.000Z,7,118.0,3.77157,-68.84153,[0.3023978176257544,0.9482164126326951,0.0971658103921513]
2008-12-01T00:00:00.000Z,7,168.0,4.27157,-68.84153,[0.3062279431857891,0.9468427208847962,0.09855611964600108]
2008-12-01T00:00:00.000Z,7,130.0,4.77157,-68.84153,[0.3059422926654563,0.9470198448537597,0.09773805303854462]
2008-12-01T00:00:00.000Z,7,118.0,5.27157,-68.84153,[0.3008777427658349,0.9491008333578653,0.093167548146023]
2008-12-01T00:00:00.000Z,9,76.0,5.77157,-68.84153,[0.30643172364240434,0.948534839213702,0.07988277375868785]
2008-12-01T00:00:00.000Z,0,140.0,1.77157,-68.34153,[0.2863837459560003,0.9576310240267836,0.030449497099669598]
2008-12-01T00:00:00.000Z,0,115.0,2.27157,-68.34153,[0.28579400496899376,0.9575807098761903,0.03689133769320876]
2008-12-01T00:00:00.000Z,0,126.0,2.77157,-68.34153,[0.2906523544660063,0.9554910077917923,0.050578086879517634]
2008-12-01T00:00:00.000Z,9,132.0,3.27157,-68.34153,[0.29294727264747317,0.9535146521466774,0.07065198928556707]
2008-12-01T00:00:00.000Z,9,110.0,3.77157,-68.34153,[0.29464238665444936,0.95130662047735,0.09056256302983656]
2008-12-01T00:00:00.000Z,7,121.0,4.27157,-68.34153,[0.30259803041405436,0.9480637911071514,0.09802795509991419]
2008-12-01T00:00:00.000Z,7,109.0,4.77157,-68.34153,[0.30704032535013437,0.9466111162681502,0.098252904112043]
2008-12-01T00:00:00.000Z,7,89.0,5.27157,-68.34153,[0.30576391540703296,0.9475193576301592,0.09335681523644389]
2008-12-01T00:00:00.000Z,5,65.0,5.77157,-68.34153,[0.3168764065644119,0.9446952045890332,0.08450037508384318]
2008-12-01T00:00:00.000Z,0,136.0,2.27157,-67.84153,[0.2889310788804014,0.9566576273166046,0.03640076584320018]
2008-12-01T00:00:00.000Z,0,120.0,2.77157,-67.84153,[0.2914574359472348,0.9555232017721108,0.04503303127969039]
2008-12-01T00:00:00.000Z,9,103.0,3.27157,-67.84153,[0.2932839759814383,0.9537413017380881,0.06604573257566497]
2008-12-01T00:00:00.000Z,9,95.0,3.77157,-67.84153,[0.2934892504562708,0.9518570285068242,0.08850004038855115]
2008-12-01T00:00:00.000Z,7,110.0,4.27157,-67.84153,[0.29558415912806046,0.9504167578117636,0.09663328279186592]
2008-12-01T00:00:00.000Z,7,101.0,4.77157,-67.84153,[0.304615058188332,0.9474339072169413,0.09787061755480628]
2008-12-01T00:00:00.000Z,5,80.0,5.77157,-67.84153,[0.3281089794448553,0.9405790744085853,0.08749572785196141]
2008-12-01T00:00:00.000Z,5,54.0,6.27157,-67.84153,[0.3274099399767496,0.9423607128482091,0.06898563679952915]
2008-12-01T00:00:00.000Z,0,114.0,2.27157,-67.34153,[0.29302535266182445,0.955467881442058,0.034889399966738635]
