2005-07-01T00:00:00.000Z,0,10.0,1.77157,-78.84153,[0.285603474424481,0.95833353332277,0.0052435012882619545]
2005-07-01T00:00:00.000Z,0,235.0,1.27157,-78.34153,[0.29294669020259057,0.9561134101494,0.00542066710217392]
2005-07-01T00:00:00.000Z,0,57.0,1.77157,-78.34153,[0.289097979726263,0.9572855281986373,0.005174516368641283]
2005-07-01T00:00:00.000Z,0,1772.0,1.27157,-77.84153,[0.2828168332938094,0.9591702814262387,0.0026476469499845984]
2005-07-01T00:00:00.000Z,0,528.0,1.77157,-77.84153,[0.30320178740324105,0.9529199032673291,0.0035119898154815565]
2005-07-01T00:00:00.000Z,0,116.0,2.27157,-77.84153,[0.29487446937773,0.9555283377927205,0.0038266152514667253]
2005-07-01T00:00:00.000Z,0,167.0,7.27157,-77.84153,[0.26862945173134034,0.9590826610006489,0.08943526726316511]
2005-07-01T00:00:00.000Z,0,2201.0,0.77157,-77.34153,[0.18700244726394538,0.9823546280321181,0.00307725546130543]
2005-07-01T00:00:00.000Z,0,2447.0,1.27157,-77.34153,[0.26225467007706826,0.9649953394097948,0.00254616184540843]
2005-07-01T00:00:00.000Z,0,1706.0,1.77157,-77.34153,[0.2373762579161494,0.9714166862414729,0.0014607769717916886]
2005-07-01T00:00:00.000Z,0,2096.0,2.27157,-77.34153,[0.29841249433286865,0.9544367227650455,7.248886502013004E-4]
2005-07-01T00:00:00.000Z,0,57.0,2.77157,-77.34153,[0.3016290354309231,0.9534251119942971,6.934000814503979E-4]
2005-07-01T00:00:00.000Z,0,74.0,3.27157,-77.34153,[0.2835281320035101,0.958960014035038,0.0027367580309219123]
2005-07-01T00:00:00.000Z,0,28.0,4.27157,-77.34153,[0.27306811806164255,0.961492722217048,0.0310732686070145]
2005-07-01T00:00:00.000Z,0,14.0,5.27157,-77.34153,[0.2630010898403368,0.9629567462658002,0.05953764829062743]
2005-07-01T00:00:00.000Z,0,499.0,6.27157,-77.34153,[0.2833091635093957,0.9556236015297696,0.08074311160017779]
2005-07-01T00:00:00.000Z,0,695.0,6.77157,-77.34153,[0.2958938277052417,0.9510873033382768,0.08876814831157251]
2005-07-01T00:00:00.000Z,0,345.0,7.27157,-77.34153,[0.296708733345515,0.9503603037984165,0.09369749474068895]
2005-07-01T00:00:00.000Z,0,279.0,0.27157,-76.84153,[0.26662706093081223,0.9637818003343213,0.005886571475095854]
2005-07-01T00:00:00.000Z,0,485.0,0.77157,-76.84153,[0.1969997240475126,0.9803904395580888,0.005068998747421376]
2005-07-01T00:00:00.000Z,0,3335.0,1.27157,-76.84153,[0.1645855827749101,0.986346223012759,0.005719640819837301]
2005-07-01T00:00:00.000Z,0,2008.0,1.77157,-76.84153,[0.17636464729713716,0.9843053964015896,0.00619659571584536]
2005-07-01T00:00:00.000Z,0,1013.0,2.27157,-76.84153,[0.22095166486375697,0.9752758970599165,0.004157692618404029]
2005-07-01T00:00:00.000Z,0,2856.0,2.77157,-76.84153,[0.2645401794044959,0.9643691994654807,0.003246629474509723]
2005-07-01T00:00:00.000Z,0,1911.0,3.27157,-76.84153,[0.26547889319964546,0.9641075595145019,0.004191771997889139]
2005-07-01T00:00:00.000Z,0,794.0,3.77157,-76.84153,[0.2808137390960353,0.9597288834165704,0.008007138745308636]
2005-07-01T00:00:00.000Z,0,70.0,4.27157,-76.84153,[0.28922951791729395,0.9571068398255491,0.01711090659434373]
2005-07-01T00:00:00.000Z,0,24.0,4.77157,-76.84153,[0.2870691041401733,0.9568970138005777,0.04403901029423113]
2005-07-01T00:00:00.000Z,0,133.0,5.27157,-76.84153,[0.2930533172054416,0.9543585386728154,0.057615388024164174]
2005-07-01T00:00:00.000Z,0,76.0,5.77157,-76.84153,[0.29078223679038623,0.9539894153161518,0.07314291648496639]
2005-07-01T00:00:00.000Z,0,38.0,6.27157,-76.84153,[0.286476931415465,0.954550087880436,0.082250212730612]
2005-07-01T00:00:00.000Z,0,20.0,6.77157,-76.84153,[0.30636124043884116,0.9475559555580516,0.09099726063592346]
2005-07-01T00:00:00.000Z,0,15.0,7.27157,-76.84153,[0.30690812732304334,0.9468684076299818,0.09616454656122025]
2005-07-01T00:00:00.000Z,0,8.0,7.77157,-76.84153,[0.32184863446817624,0.9413207373692896,0.10163033941450297]
2005-07-01T00:00:00.000Z,0,294.0,0.77157,-76.34153,[0.2563568692244881,0.9665346826166511,0.009584513579113742]
2005-07-01T00:00:00.000Z,0,1412.0,1.27157,-76.34153,[0.1900148861058365,0.9817435782134886,0.008595911514311652]
2005-07-01T00:00:00.000Z,0,2388.0,1.77157,-76.34153,[0.13800459743666524,0.9903859345454801,0.009509560495635757]
2005-07-01T00:00:00.000Z,0,3852.0,2.27157,-76.34153,[0.15056052660307023,0.9885640777736471,0.008520091815522579]
2005-07-01T00:00:00.000Z,0,2450.0,2.77157,-76.34153,[0.2211571932553433,0.9752091128121255,0.007528755515075517]
2005-07-01T00:00:00.000Z,0,990.0,3.27157,-76.34153,[0.22896741912719878,0.9734050792638349,0.00751482811494396]
2005-07-01T00:00:00.000Z,0,962.0,3.77157,-76.34153,[0.2502217660399755,0.9681477676686902,0.008886380476186046]
2005-07-01T00:00:00.000Z,0,1899.0,4.27157,-76.34153,[0.21714043285559523,0.9760240884988743,0.015066887177735178]
2005-07-01T00:00:00.000Z,0,1358.0,4.77157,-76.34153,[0.250086246204257,0.967676060763319,0.032556272591455084]
2005-07-01T00:00:00.000Z,0,407.0,5.27157,-76.34153,[0.23896820562892446,0.9695281485516364,0.053938537841957235]
2005-07-01T00:00:00.000Z,0,480.0,5.77157,-76.34153,[0.2377512525446623,0.9685728367213583,0.07308215841766959]
2005-07-01T00:00:00.000Z,0,1095.0,6.27157,-76.34153,[0.23232861142777678,0.9691747466913629,0.0819983334450977]
2005-07-01T00:00:00.000Z,0,1485.0,6.77157,-76.34153,[0.251975698286794,0.9636965302898438,0.08830201005752124]
2005-07-01T00:00:00.000Z,0,827.0,7.27157,-76.34153,[0.28900709955618475,0.9524864331676595,0.09614827631149338]
2005-07-01T00:00:00.000Z,0,201.0,7.77157,-76.34153,[0.3104199544653617,0.9450053964351417,0.10297695168426574]
2005-07-01T00:00:00.000Z,0,165.0,8.27157,-76.34153,[0.31890029552958205,0.941734446726347,0.10695248178591397]
2005-07-01T00:00:00.000Z,0,99.0,8.77157,-76.34153,[0.33696708938833564,0.9346966967132279,0.11311616074873458]
2005-07-01T00:00:00.000Z,0,267.0,0.27157,-75.84153,[0.28243730254353777,0.9591340233315241,0.01706151868426269]
2005-07-01T00:00:00.000Z,0,241.0,0.77157,-75.84153,[0.2751454856623546,0.9612966760485584,0.01427103141402254]
2005-07-01T00:00:00.000Z,0,250.0,1.27157,-75.84153,[0.22775362926870005,0.9736467651236927,0.011843188721972403]
2005-07-01T00:00:00.000Z,0,1712.0,1.77157,-75.84153,[0.24847112521195452,0.9685549201223275,0.012785407413819018]
2005-07-01T00:00:00.000Z,0,1262.0,2.27157,-75.84153,[0.2232377911371503,0.9746830334348804,0.01256474999296529]
2005-07-01T00:00:00.000Z,0,2705.0,2.77157,-75.84153,[0.18262924241943296,0.9831145582188957,0.011503270464081167]
2005-07-01T00:00:00.000Z,0,1867.0,3.27157,-75.84153,[0.16285769638953557,0.9865872042148676,0.011093205406243726]
2005-07-01T00:00:00.000Z,0,3782.0,3.77157,-75.84153,[0.18106465011325515,0.9834073809276171,0.011203375225757662]
2005-07-01T00:00:00.000Z,0,2035.0,4.27157,-75.84153,[0.23807528583377585,0.9711585917179768,0.013082354815618378]
2005-07-01T00:00:00.000Z,0,1185.0,4.77157,-75.84153,[0.2486655036617658,0.9683608556059148,0.021040927232918644]
2005-07-01T00:00:00.000Z,0,1530.0,5.27157,-75.84153,[0.27342605454703695,0.9607887750055605,0.046077353636630305]
2005-07-01T00:00:00.000Z,0,1704.0,5.77157,-75.84153,[0.27116391800331496,0.9596043506039641,0.07503079284557744]
2005-07-01T00:00:00.000Z,0,488.0,6.27157,-75.84153,[0.21644643035713818,0.9728196705062584,0.08229721417974704]
2005-07-01T00:00:00.000Z,0,896.0,6.77157,-75.84153,[0.21583819019322503,0.9723844238601995,0.08878292565680082]
2005-07-01T00:00:00.000Z,0,2421.0,7.27157,-75.84153,[0.2640592274571017,0.959816942956104,0.09499558099805276]
2005-07-01T00:00:00.000Z,0,131.0,7.77157,-75.84153,[0.32067755011488,0.9411943979906043,0.10639085507421468]
2005-07-01T00:00:00.000Z,0,43.0,8.27157,-75.84153,[0.3250960054709906,0.9391662380273061,0.11081229433796132]
2005-07-01T00:00:00.000Z,0,10.0,8.77157,-75.84153,[0.33024052399963344,0.9370429002533769,0.11354206001824854]
2005-07-01T00:00:00.000Z,0,155.0,9.27157,-75.84153,[0.3491370793317749,0.9294102042142022,0.11958249093489015]
2005-07-01T00:00:00.000Z,0,228.0,0.27157,-75.34153,[0.2802304556334417,0.9596463358222759,0.023447854450961446]
2005-07-01T00:00:00.000Z,0,189.0,0.77157,-75.34153,[0.27508287118772556,0.9610920067423006,0.025131027738137895]
2005-07-01T00:00:00.000Z,0,244.0,1.27157,-75.34153,[0.2734224505541108,0.9615739122428182,0.02481481063852434]
2005-07-01T00:00:00.000Z,0,1357.0,1.77157,-75.34153,[0.2201831877882448,0.9752616589992412,0.019597456504712885]
2005-07-01T00:00:00.000Z,0,2437.0,2.27157,-75.34153,[0.27907684507673425,0.9601267605850948,0.01651418028206363]
2005-07-01T00:00:00.000Z,0,485.0,2.77157,-75.34153,[0.3550741819296308,0.9347012061863008,0.015999390015801546]
2005-07-01T00:00:00.000Z,0,694.0,3.27157,-75.34153,[0.37281838869006645,0.92777705887757,0.015368086251346252]
2005-07-01T00:00:00.000Z,0,442.0,3.77157,-75.34153,[0.27818325844267106,0.9604245529038824,0.014097975088497357]
2005-07-01T00:00:00.000Z,0,2270.0,4.27157,-75.34153,[0.13834913862373052,0.9902885712014393,0.013713554968843461]
2005-07-01T00:00:00.000Z,0,4229.0,4.77157,-75.34153,[0.18362054447952827,0.9828407348743982,0.01753811610733956]
2005-07-01T00:00:00.000Z,0,3209.0,5.27157,-75.34153,[0.2148743789871508,0.9761436073987708,0.031187481292992175]
2005-07-01T00:00:00.000Z,0,1992.0,5.77157,-75.34153,[0.23804620049337405,0.9696332145751047,0.05608418336231325]
2005-07-01T00:00:00.000Z,0,2185.0,6.27157,-75.34153,[0.23815188486496094,0.968165200280168,0.07707025821760546]
2005-07-01T00:00:00.000Z,0,2092.0,6.77157,-75.34153,[0.25723186795233927,0.9624019887182348,0.08725925865452198]
2005-07-01T00:00:00.000Z,0,869.0,7.27157,-75.34153,[0.31771370735666,0.942705270368484,0.10180753104348449]
2005-07-01T00:00:00.000Z,0,83.0,7.77157,-75.34153,[0.33148766186222256,0.9370675953702404,0.10963690865831811]
2005-07-01T00:00:00.000Z,0,30.0,8.27157,-75.34153,[0.3338359483031607,0.9356810382018167,0.11425652878544798]
2005-07-01T00:00:00.000Z,0,74.0,8.77157,-75.34153,[0.33970793897471646,0.9330006774657706,0.11877816316968079]
2005-07-01T00:00:00.000Z,0,180.0,9.27157,-75.34153,[0.32883525462292984,0.9370036825277034,0.11786209843115765]
2005-07-01T00:00:00.000Z,0,136.0,9.77157,-75.34153,[0.3365997216006299,0.9342118588985904,0.11810516547390523]
2005-07-01T00:00:00.000Z,0,79.0,10.27157,-75.34153,[0.3336527504100884,0.9353984125531952,0.11707114049476786]
2005-07-01T00:00:00.000Z,0,205.0,0.27157,-74.84153,[0.2758124716873851,0.9608221349765466,0.027355171372273442]
2005-07-01T00:00:00.000Z,0,239.0,0.77157,-74.84153,[0.275792858014745,0.9607538086579233,0.029839882998316677]
2005-07-01T00:00:00.000Z,0,226.0,1.27157,-74.84153,[0.27714842753410135,0.9604041427610288,0.028506695403507566]
2005-07-01T00:00:00.000Z,0,258.0,1.77157,-74.84153,[0.2812679218117152,0.9593453598723233,0.02334173624993487]
2005-07-01T00:00:00.000Z,0,576.0,2.27157,-74.84153,[0.2151747702059074,0.9763844411493862,0.01931945517440136]
2005-07-01T00:00:00.000Z,0,1998.0,2.77157,-74.84153,[0.24774029047647989,0.9686645357630363,0.01771343076906831]
2005-07-01T00:00:00.000Z,0,2106.0,3.27157,-74.84153,[0.264995385286757,0.9640784493289635,0.018171112133949046]
2005-07-01T00:00:00.000Z,0,361.0,3.77157,-74.84153,[0.3611780295925856,0.932248197137089,0.02153438817948246]
2005-07-01T00:00:00.000Z,0,289.0,4.27157,-74.84153,[0.3330868361735952,0.94264891185887,0.02159139965710261]
2005-07-01T00:00:00.000Z,0,277.0,4.77157,-74.84153,[0.34311551936991763,0.9389840740008816,0.024096662429032387]
2005-07-01T00:00:00.000Z,0,325.0,5.27157,-74.84153,[0.35264571081425067,0.9352215920495146,0.0316476919961507]
2005-07-01T00:00:00.000Z,0,379.0,5.77157,-74.84153,[0.3155015574497141,0.9477228250806083,0.04775158707347024]
2005-07-01T00:00:00.000Z,0,978.0,6.27157,-74.84153,[0.2771444470841874,0.9585533149151441,0.06607948180478351]
2005-07-01T00:00:00.000Z,0,1143.0,6.77157,-74.84153,[0.2897519320318913,0.9533406704892425,0.08476664364540822]
2005-07-01T00:00:00.000Z,0,322.0,7.27157,-74.84153,[0.3176911292461743,0.9426382776537946,0.10249597016555405]
2005-07-01T00:00:00.000Z,0,55.0,7.77157,-74.84153,[0.34342635812914385,0.9321572577791049,0.11463500037899646]
2005-07-01T00:00:00.000Z,0,27.0,8.27157,-74.84153,[0.35147612401735767,0.9283817620596412,0.12071386880044423]
2005-07-01T00:00:00.000Z,0,14.0,8.77157,-74.84153,[0.3637752505653449,0.9230487650399567,0.12509414228624616]
2005-07-01T00:00:00.000Z,0,48.0,9.27157,-74.84153,[0.35523106468050974,0.9265305089089585,0.12390361878031525]
2005-07-01T00:00:00.000Z,0,15.0,9.77157,-74.84153,[0.3469099171828393,0.9299113057817776,0.12214120000812467]
2005-07-01T00:00:00.000Z,0,5.0,10.27157,-74.84153,[0.3486365320484295,0.9292966871497792,0.12190256672314051]
2005-07-01T00:00:00.000Z,0,171.0,-0.72843,-74.34153,[0.2871988732183255,0.9577109836005516,0.01750654486151546]
2005-07-01T00:00:00.000Z,0,219.0,-0.22843,-74.34153,[0.2779219343437332,0.9602993666348504,0.024176948759983292]
2005-07-01T00:00:00.000Z,0,201.0,0.27157,-74.34153,[0.2762407427357354,0.9606412767789657,0.02931534412705764]
2005-07-01T00:00:00.000Z,0,242.0,0.77157,-74.34153,[0.27192514402166346,0.9617680298798998,0.032541861497674476]
2005-07-01T00:00:00.000Z,0,251.0,1.27157,-74.34153,[0.2777115150914395,0.9601847525833577,0.0303571291800359]
2005-07-01T00:00:00.000Z,0,298.0,1.77157,-74.34153,[0.28643875788985773,0.9578512063836843,0.02176934559962919]
2005-07-01T00:00:00.000Z,0,313.0,2.27157,-74.34153,[0.29433406220340386,0.955398871265081,0.024092667188423778]
2005-07-01T00:00:00.000Z,0,364.0,2.77157,-74.34153,[0.26708813048608276,0.9634250421105127,0.021820146374532653]
2005-07-01T00:00:00.000Z,0,899.0,3.27157,-74.34153,[0.1454108324602389,0.9890244715747994,0.026197030927360497]
2005-07-01T00:00:00.000Z,0,3444.0,3.77157,-74.34153,[0.14537582970674864,0.9890322840705033,0.026096153037522916]
2005-07-01T00:00:00.000Z,0,2263.0,4.27157,-74.34153,[0.1746436694415072,0.9842500840710107,0.027410960038170333]
2005-07-01T00:00:00.000Z,0,2655.0,4.77157,-74.34153,[0.21856254292164604,0.9753934761237288,0.028947911269941416]
2005-07-01T00:00:00.000Z,0,1104.0,5.27157,-74.34153,[0.30214266864561024,0.9527240600034969,0.03204174268298205]
2005-07-01T00:00:00.000Z,0,744.0,5.77157,-74.34153,[0.32706146569929934,0.9440455493444977,0.042529970814377746]
2005-07-01T00:00:00.000Z,0,119.0,6.27157,-74.34153,[0.33601457338824936,0.9401258808628681,0.05707481583438704]
2005-07-01T00:00:00.000Z,0,97.0,6.77157,-74.34153,[0.293622259014668,0.9531253798483947,0.07306147616888417]
2005-07-01T00:00:00.000Z,0,575.0,7.27157,-74.34153,[0.2858490060413842,0.953209633691787,0.09839583315528125]
2005-07-01T00:00:00.000Z,0,1234.0,7.77157,-74.34153,[0.329205760579582,0.9369702416495795,0.11709113315852532]
2005-07-01T00:00:00.000Z,0,715.0,8.27157,-74.34153,[0.3601131458902335,0.9244141580068881,0.1256064752847378]
2005-07-01T00:00:00.000Z,0,14.0,8.77157,-74.34153,[0.3773945992638463,0.9168915767349822,0.12993518753178063]
2005-07-01T00:00:00.000Z,0,37.0,9.27157,-74.34153,[0.36737894983590125,0.9209636687667113,0.12984077953104456]
2005-07-01T00:00:00.000Z,0,95.0,9.77157,-74.34153,[0.3535189621678967,0.9267597792943125,0.12704587702908787]
2005-07-01T00:00:00.000Z,0,119.0,10.27157,-74.34153,[0.33291802165887824,0.9347769362592703,0.12392606784882088]
2005-07-01T00:00:00.000Z,0,5.0,10.77157,-74.34153,[0.32392037237084015,0.937405926103492,0.12785038939788465]
2005-07-01T00:00:00.000Z,0,156.0,-1.22843,-73.84153,[0.2891107016645431,0.9572523625979557,0.009105848871324193]
2005-07-01T00:00:00.000Z,0,195.0,-0.72843,-73.84153,[0.2807831002383876,0.9596241698910355,0.01680188029538946]
2005-07-01T00:00:00.000Z,0,174.0,-0.22843,-73.84153,[0.27287100329360026,0.9617584542315419,0.023708464220591502]
2005-07-01T00:00:00.000Z,0,241.0,0.27157,-73.84153,[0.2707900374950913,0.9621924692960827,0.029298594220780374]
2005-07-01T00:00:00.000Z,0,232.0,0.77157,-73.84153,[0.27061879515907256,0.9620774309532742,0.03424156183645408]
2005-07-01T00:00:00.000Z,0,267.0,1.27157,-73.84153,[0.2726601576084621,0.9614858189351031,0.03466206052188547]
2005-07-01T00:00:00.000Z,0,265.0,1.77157,-73.84153,[0.2583573903916463,0.9655560098535254,0.030871518682391626]
2005-07-01T00:00:00.000Z,0,554.0,2.27157,-73.84153,[0.24606174846077772,0.9688681345643123,0.027352399717291812]
2005-07-01T00:00:00.000Z,0,995.0,2.77157,-73.84153,[0.2745456508567279,0.9609097779985477,0.03573631405779723]
2005-07-01T00:00:00.000Z,0,363.0,3.27157,-73.84153,[0.2597982089615947,0.9646420454487039,0.044391607009524665]
2005-07-01T00:00:00.000Z,0,545.0,3.77157,-73.84153,[0.1993313910293057,0.9786382983303201,0.05033962248028229]
2005-07-01T00:00:00.000Z,0,1499.0,4.27157,-73.84153,[0.14410004698603357,0.9881146079042303,0.05352287459481247]
2005-07-01T00:00:00.000Z,0,3610.0,4.77157,-73.84153,[0.1399056739511449,0.9886667625880905,0.05444662477932055]
2005-07-01T00:00:00.000Z,0,2585.0,5.27157,-73.84153,[0.1721649582675905,0.9837997615290887,0.04997255606857984]
2005-07-01T00:00:00.000Z,0,2622.0,5.77157,-73.84153,[0.26243888897393663,0.9638039547034093,0.04698687531847774]
2005-07-01T00:00:00.000Z,0,616.0,6.27157,-73.84153,[0.3317832073509629,0.9422643088767345,0.04536381307780438]
2005-07-01T00:00:00.000Z,0,101.0,6.77157,-73.84153,[0.36745725842485083,0.9274520529421749,0.06933868129866191]
2005-07-01T00:00:00.000Z,0,89.0,7.27157,-73.84153,[0.3749522450338155,0.9214928055915805,0.10130065738710202]
2005-07-01T00:00:00.000Z,0,59.0,7.77157,-73.84153,[0.3589124193992168,0.9257465162434971,0.11905991291794708]
2005-07-01T00:00:00.000Z,0,38.0,8.27157,-73.84153,[0.3708753275984699,0.9196194347594715,0.1294279204476293]
2005-07-01T00:00:00.000Z,0,29.0,8.77157,-73.84153,[0.3864547789015821,0.9124985749314949,0.13416055535111782]
2005-07-01T00:00:00.000Z,0,52.0,9.27157,-73.84153,[0.38993880385316004,0.9107295553080516,0.13608602550580082]
2005-07-01T00:00:00.000Z,0,46.0,9.77157,-73.84153,[0.3228316378772941,0.9376903680329037,0.12851656423893806]
2005-07-01T00:00:00.000Z,0,931.0,10.27157,-73.84153,[0.17101124220770342,0.9773767523398604,0.12445818182893971]
2005-07-01T00:00:00.000Z,0,2665.0,10.77157,-73.84153,[0.3191155339683936,0.9391460961655386,0.12716086676763363]
2005-07-01T00:00:00.000Z,0,139.0,-1.72843,-73.34153,[0.2863134559916152,0.9581355810743029,9.017746645405203E-4]
2005-07-01T00:00:00.000Z,0,199.0,-1.22843,-73.34153,[0.28046263288117473,0.9598302854379644,0.008156881354711456]
2005-07-01T00:00:00.000Z,0,223.0,-0.72843,-73.34153,[0.27970687271414657,0.959953987154951,0.015887350370163523]
2005-07-01T00:00:00.000Z,0,171.0,-0.22843,-73.34153,[0.2707067482598572,0.9623901132013698,0.02287195791420018]
2005-07-01T00:00:00.000Z,0,209.0,0.27157,-73.34153,[0.2670787303216037,0.9632347650943083,0.029115959944896137]
2005-07-01T00:00:00.000Z,0,237.0,0.77157,-73.34153,[0.259934785227193,0.965007890155954,0.0345496652031144]
2005-07-01T00:00:00.000Z,0,249.0,1.27157,-73.34153,[0.2606466699024852,0.9647171350747585,0.0372043379445871]
2005-07-01T00:00:00.000Z,0,294.0,1.77157,-73.34153,[0.26845134260719933,0.9624962771526414,0.039176435770725423]
2005-07-01T00:00:00.000Z,0,229.0,2.27157,-73.34153,[0.2756766609343041,0.9604574866951154,0.03903581518829746]
2005-07-01T00:00:00.000Z,0,267.0,2.77157,-73.34153,[0.2765267990739925,0.960101046384902,0.04170024130035807]
2005-07-01T00:00:00.000Z,0,234.0,3.27157,-73.34153,[0.2818708198729036,0.9579115910421783,0.0543527796089583]
2005-07-01T00:00:00.000Z,0,256.0,3.77157,-73.34153,[0.2803186368848034,0.9580367871042879,0.05989137141474515]
2005-07-01T00:00:00.000Z,0,300.0,4.27157,-73.34153,[0.22226219588917098,0.9730882208083107,0.06081801380051942]
2005-07-01T00:00:00.000Z,0,1229.0,4.77157,-73.34153,[0.15635225142316986,0.9858878075849876,0.059826451759837904]
2005-07-01T00:00:00.000Z,0,2684.0,5.27157,-73.34153,[0.14594981861698067,0.9872377974742107,0.0637195549571696]
2005-07-01T00:00:00.000Z,0,3515.0,5.77157,-73.34153,[0.22853542456557221,0.9718645632298819,0.05701605437615307]
2005-07-01T00:00:00.000Z,0,1301.0,6.27157,-73.34153,[0.24148479334286724,0.9694389529851337,0.04328060788898732]
2005-07-01T00:00:00.000Z,0,1945.0,6.77157,-73.34153,[0.3233477505947986,0.9448800027108706,0.051458844355358996]
2005-07-01T00:00:00.000Z,0,351.0,7.27157,-73.34153,[0.2744902151371912,0.9582649474878729,0.07989625904886101]
2005-07-01T00:00:00.000Z,0,325.0,7.77157,-73.34153,[0.28450018519481657,0.9508628411844536,0.12214541284364125]
2005-07-01T00:00:00.000Z,0,1339.0,8.27157,-73.34153,[0.3049986084470234,0.943745694170093,0.12774941714461394]
2005-07-01T00:00:00.000Z,0,1230.0,8.77157,-73.34153,[0.32292371412397036,0.9372356234144921,0.13156618509035198]
2005-07-01T00:00:00.000Z,0,809.0,9.27157,-73.34153,[0.34127460603728044,0.9305165288207496,0.13293093268867853]
2005-07-01T00:00:00.000Z,0,74.0,9.77157,-73.34153,[0.33127342923325565,0.9341656855006748,0.13263629637883223]
2005-07-01T00:00:00.000Z,0,99.0,10.27157,-73.34153,[0.27175554928462947,0.9541373250213644,0.1255821899557605]
2005-07-01T00:00:00.000Z,0,1426.0,10.77157,-73.34153,[0.35534493292239316,0.9249230925525107,0.13508238785822382]
2005-07-01T00:00:00.000Z,0,146.0,-2.22843,-72.84153,[0.27893186002099996,0.9602752967521382,0.008268731028290514]
2005-07-01T00:00:00.000Z,0,165.0,-1.72843,-72.84153,[0.27982993550162577,0.9600489486775143,0.0011060471758957539]
2005-07-01T00:00:00.000Z,0,168.0,-1.22843,-72.84153,[0.2791005746050305,0.9602388816768311,0.00664525177631025]
2005-07-01T00:00:00.000Z,0,178.0,-0.72843,-72.84153,[0.2742556480362369,0.9615469105848788,0.014538853630836656]
2005-07-01T00:00:00.000Z,0,191.0,-0.22843,-72.84153,[0.27102792394789527,0.9623137218716769,0.02227476459976629]
2005-07-01T00:00:00.000Z,0,247.0,0.27157,-72.84153,[0.2630976886838924,0.9643291316636882,0.029136438250943454]
2005-07-01T00:00:00.000Z,0,264.0,0.77157,-72.84153,[0.25650181280470585,0.9659064080511937,0.035094599492526704]
2005-07-01T00:00:00.000Z,0,246.0,1.27157,-72.84153,[0.25382409830319635,0.9664432194807896,0.03950734919196195]
2005-07-01T00:00:00.000Z,0,259.0,1.77157,-72.84153,[0.25834703489698657,0.9650649568052723,0.04366278399705269]
2005-07-01T00:00:00.000Z,0,271.0,2.27157,-72.84153,[0.27210222280386,0.9610650509432335,0.048107672991722444]
2005-07-01T00:00:00.000Z,0,193.0,2.77157,-72.84153,[0.27214949949898964,0.9607205223277586,0.05432060291204733]
2005-07-01T00:00:00.000Z,0,182.0,3.27157,-72.84153,[0.2762521942638709,0.9591476184841597,0.06099648449346269]
2005-07-01T00:00:00.000Z,0,203.0,3.77157,-72.84153,[0.27823952154391074,0.9582569121972285,0.06577582289298049]
2005-07-01T00:00:00.000Z,0,165.0,4.27157,-72.84153,[0.2801627027842327,0.9575038557003295,0.06852172128337258]
2005-07-01T00:00:00.000Z,0,293.0,4.77157,-72.84153,[0.20859361175822427,0.9756441946786787,0.0678756990641841]
2005-07-01T00:00:00.000Z,0,1653.0,5.27157,-72.84153,[0.15526059937218578,0.9849732424171465,0.0756429640141289]
2005-07-01T00:00:00.000Z,0,2686.0,5.77157,-72.84153,[0.15703472826564874,0.9852662789570541,0.06775288679203392]
2005-07-01T00:00:00.000Z,0,2685.0,6.27157,-72.84153,[0.18094457112567638,0.9824440136957866,0.04541830174563958]
2005-07-01T00:00:00.000Z,0,1547.0,6.77157,-72.84153,[0.16261399322811634,0.9851697756403383,0.05474671105346584]
2005-07-01T00:00:00.000Z,0,3795.0,7.27157,-72.84153,[0.24681799515292518,0.9657545143675995,0.07999434509571729]
2005-07-01T00:00:00.000Z,0,1328.0,7.77157,-72.84153,[0.33572972483009594,0.9339849487754548,0.12230154261667779]
2005-07-01T00:00:00.000Z,0,973.0,8.27157,-72.84153,[0.38154704447778953,0.9149342393089851,0.1315947969729519]
2005-07-01T00:00:00.000Z,0,83.0,8.77157,-72.84153,[0.39162943509348896,0.9098461623384088,0.13713623316405002]
2005-07-01T00:00:00.000Z,0,223.0,10.77157,-72.84153,[0.3768402173825191,0.9157480807022754,0.13927276565500793]
2005-07-01T00:00:00.000Z,0,51.0,11.27157,-72.84153,[0.3810076629061525,0.9144183909747661,0.13664613808634216]
2005-07-01T00:00:00.000Z,0,149.0,-2.22843,-72.34153,[0.2754258840601138,0.9612689945655355,0.01012435067888956]
2005-07-01T00:00:00.000Z,0,147.0,-1.72843,-72.34153,[0.2747196586865146,0.9615188054028012,0.003270472127220412]
2005-07-01T00:00:00.000Z,0,145.0,-1.22843,-72.34153,[0.2789379629748316,0.960296307316515,0.00496134716753653]
2005-07-01T00:00:00.000Z,0,205.0,-0.72843,-72.34153,[0.27167088536522693,0.9623040999683943,0.012874363242207542]
2005-07-01T00:00:00.000Z,0,176.0,-0.22843,-72.34153,[0.2682022771498592,0.9631393515462557,0.020739528314017455]
2005-07-01T00:00:00.000Z,0,150.0,0.27157,-72.34153,[0.26574994795016543,0.9636136324046649,0.028735563477538213]
2005-07-01T00:00:00.000Z,0,218.0,0.77157,-72.34153,[0.26331258556035614,0.964046486725059,0.03578901673126473]
2005-07-01T00:00:00.000Z,0,234.0,1.27157,-72.34153,[0.25989361891537793,0.964708001076835,0.04235303419361714]
2005-07-01T00:00:00.000Z,0,237.0,1.77157,-72.34153,[0.2620840908309756,0.9638276156682,0.0484588135291559]
2005-07-01T00:00:00.000Z,0,203.0,2.27157,-72.34153,[0.27087013484847866,0.9610472384424023,0.054932463347271476]
2005-07-01T00:00:00.000Z,0,188.0,2.77157,-72.34153,[0.27006790978114437,0.9609645303859192,0.06008739840110602]
2005-07-01T00:00:00.000Z,0,220.0,3.27157,-72.34153,[0.2744205540899359,0.959374257098416,0.0655316283166767]
2005-07-01T00:00:00.000Z,0,180.0,3.77157,-72.34153,[0.27770414513911706,0.9581346202807782,0.06970263403890188]
2005-07-01T00:00:00.000Z,0,190.0,4.27157,-72.34153,[0.29072142705198556,0.9539296825143276,0.07415667650974475]
2005-07-01T00:00:00.000Z,0,177.0,4.77157,-72.34153,[0.2957458215811394,0.9521855667377076,0.07666195610397378]
2005-07-01T00:00:00.000Z,0,257.0,5.27157,-72.34153,[0.23483952884606699,0.9691426409940129,0.07491953749528187]
2005-07-01T00:00:00.000Z,0,1342.0,5.77157,-72.34153,[0.17312532297000882,0.9822457560173417,0.07225577715623284]
2005-07-01T00:00:00.000Z,0,3317.0,6.27157,-72.34153,[0.1800107883135701,0.9825588862115701,0.04662779447289003]
2005-07-01T00:00:00.000Z,0,3467.0,6.77157,-72.34153,[0.2408228003749128,0.9694034553162734,0.04755333469332035]
2005-07-01T00:00:00.000Z,0,2203.0,7.27157,-72.34153,[0.26495041198761954,0.9619928510017774,0.06611379439317235]
2005-07-01T00:00:00.000Z,0,97.0,11.27157,-72.34153,[0.4170548697418408,0.8972167263525129,0.1451460697983117]
2005-07-01T00:00:00.000Z,0,19.0,11.77157,-72.34153,[0.37500054603832556,0.9170931721141364,0.13533182970974944]
2005-07-01T00:00:00.000Z,0,109.0,-2.22843,-71.84153,[0.2718488423750864,0.9622586007880043,0.012513676871234135]
2005-07-01T00:00:00.000Z,0,140.0,-1.72843,-71.84153,[0.27271461593450796,0.9620765617689587,0.005952104712856325]
2005-07-01T00:00:00.000Z,0,153.0,-1.22843,-71.84153,[0.2754385319708955,0.9613131372739159,0.003266069549062002]
2005-07-01T00:00:00.000Z,0,136.0,-0.72843,-71.84153,[0.27270379557438157,0.9620383899429573,0.010713363397564991]
2005-07-01T00:00:00.000Z,0,192.0,-0.22843,-71.84153,[0.26343579044220244,0.964497567455737,0.018601792549592253]
2005-07-01T00:00:00.000Z,0,216.0,0.27157,-71.84153,[0.26338236013770167,0.9643019471164017,0.02741326605514854]
2005-07-01T00:00:00.000Z,0,215.0,0.77157,-71.84153,[0.260687039764188,0.9647557250289416,0.035897887442937364]
2005-07-01T00:00:00.000Z,0,232.0,1.27157,-71.84153,[0.2514907616385005,0.9668657432740669,0.04385238070587299]
2005-07-01T00:00:00.000Z,0,233.0,1.77157,-71.84153,[0.2627626397670276,0.9634630124791012,0.05191164346616887]
2005-07-01T00:00:00.000Z,0,159.0,2.27157,-71.84153,[0.26602743552333297,0.962204071227539,0.05824713608434266]
2005-07-01T00:00:00.000Z,0,186.0,2.77157,-71.84153,[0.271844953447621,0.9601563755769973,0.06480783690191284]
2005-07-01T00:00:00.000Z,0,222.0,3.27157,-71.84153,[0.2734691317124864,0.9593297140474022,0.07000809771839651]
2005-07-01T00:00:00.000Z,0,206.0,3.77157,-71.84153,[0.2776180771868057,0.9578376687002935,0.0739946189792721]
2005-07-01T00:00:00.000Z,0,189.0,4.27157,-71.84153,[0.28970259614606525,0.9539815959028634,0.0774049124077768]
2005-07-01T00:00:00.000Z,0,149.0,4.77157,-71.84153,[0.29924659215313193,0.9508878198533884,0.07914436896714107]
2005-07-01T00:00:00.000Z,0,172.0,5.27157,-71.84153,[0.31197975790305493,0.946697196395477,0.08020629025017235]
2005-07-01T00:00:00.000Z,0,213.0,5.77157,-71.84153,[0.30847871523375864,0.9484208342873207,0.0730671152945844]
2005-07-01T00:00:00.000Z,0,412.0,6.27157,-71.84153,[0.30725099767418357,0.9500200848085755,0.05530517958135304]
2005-07-01T00:00:00.000Z,0,325.0,6.77157,-71.84153,[0.35589348479493943,0.933405623125189,0.045757733759349356]
2005-07-01T00:00:00.000Z,0,174.0,11.77157,-71.84153,[0.4027412245808571,0.9041405343778303,0.14258120534657862]
2005-07-01T00:00:00.000Z,0,107.0,-2.22843,-71.34153,[0.26932180756548063,0.962932335779754,0.015069196375687604]
2005-07-01T00:00:00.000Z,0,121.0,-1.72843,-71.34153,[0.27017568786098395,0.9627689194411253,0.009005856262032798]
2005-07-01T00:00:00.000Z,0,140.0,-1.22843,-71.34153,[0.27102587035477066,0.9625720395536498,2.1509989710696083E-4]
2005-07-01T00:00:00.000Z,0,186.0,-0.72843,-71.34153,[0.27186443393051135,0.9623137899445084,0.006472962712631223]
2005-07-01T00:00:00.000Z,0,201.0,-0.22843,-71.34153,[0.2649059595051229,0.9641718930975931,0.014049668297640122]
2005-07-01T00:00:00.000Z,0,185.0,0.27157,-71.34153,[0.26376824519259995,0.96430253201991,0.023386739148655623]
2005-07-01T00:00:00.000Z,0,228.0,0.77157,-71.34153,[0.25534318236363407,0.9662779349196443,0.03326877977683863]
2005-07-01T00:00:00.000Z,0,342.0,1.27157,-71.34153,[0.25675475759006916,0.9654827661444749,0.043818064001941555]
2005-07-01T00:00:00.000Z,0,222.0,1.77157,-71.34153,[0.26272528610449913,0.9633260490498301,0.054574236259918314]
2005-07-01T00:00:00.000Z,0,164.0,2.27157,-71.34153,[0.269175938744786,0.9610337732695372,0.06291582182709457]
2005-07-01T00:00:00.000Z,0,189.0,2.77157,-71.34153,[0.2721941220085678,0.9597282787951494,0.06951252279182947]
2005-07-01T00:00:00.000Z,0,209.0,3.27157,-71.34153,[0.27655631109635864,0.9580700777266711,0.07495553987254483]
2005-07-01T00:00:00.000Z,0,171.0,3.77157,-71.34153,[0.2791448777819933,0.9570681523954058,0.07809410271281957]
2005-07-01T00:00:00.000Z,0,165.0,4.27157,-71.34153,[0.28539331427340997,0.9550563666629862,0.08011237522714225]
2005-07-01T00:00:00.000Z,0,131.0,4.77157,-71.34153,[0.29586452480981384,0.951812230977308,0.08073202537446082]
2005-07-01T00:00:00.000Z,0,146.0,5.27157,-71.34153,[0.3054348013779681,0.9489462913040688,0.07880684188225436]
2005-07-01T00:00:00.000Z,0,151.0,5.77157,-71.34153,[0.3136294953166047,0.9468060235972973,0.07207560854634425]
2005-07-01T00:00:00.000Z,0,157.0,6.27157,-71.34153,[0.32333309843528596,0.9446634928165256,0.055376825440968745]
2005-07-01T00:00:00.000Z,0,154.0,6.77157,-71.34153,[0.33973242598557013,0.9395530462238295,0.04268433044434086]
2005-07-01T00:00:00.000Z,0,97.0,-2.22843,-70.84153,[0.267660953264837,0.9633670024254254,0.016781916911049306]
2005-07-01T00:00:00.000Z,0,137.0,-1.72843,-70.84153,[0.2693366975709399,0.9629855734580034,0.010794843831216244]
2005-07-01T00:00:00.000Z,0,114.0,-1.22843,-70.84153,[0.26293655687387324,0.964807527238809,0.0032867069609234154]
2005-07-01T00:00:00.000Z,0,155.0,-0.72843,-70.84153,[0.2663741713520874,0.9638679854949026,0.0018186188405564202]
2005-07-01T00:00:00.000Z,0,183.0,-0.22843,-70.84153,[0.264553123493752,0.9643388049933541,0.007893923846184535]
2005-07-01T00:00:00.000Z,0,193.0,0.27157,-70.84153,[0.26298768411460643,0.9646430842422407,0.017355057696631922]
2005-07-01T00:00:00.000Z,0,250.0,0.77157,-70.84153,[0.26482515184808053,0.9638777793984795,0.028412415076818357]
2005-07-01T00:00:00.000Z,0,316.0,1.27157,-70.84153,[0.26470533294840287,0.9634416774113935,0.0413669062826249]
2005-07-01T00:00:00.000Z,0,186.0,1.77157,-70.84153,[0.2652463701055726,0.9625876334476425,0.05540226601398653]
2005-07-01T00:00:00.000Z,0,191.0,2.27157,-70.84153,[0.26900665337474894,0.9608917658546032,0.06574522608478865]
2005-07-01T00:00:00.000Z,0,160.0,2.77157,-70.84153,[0.27283146872950037,0.9592407987870529,0.07362118997462709]
2005-07-01T00:00:00.000Z,0,240.0,3.27157,-70.84153,[0.2787822705411059,0.9570792909915132,0.07924440918530648]
2005-07-01T00:00:00.000Z,0,186.0,3.77157,-70.84153,[0.2822984809935131,0.9558137545449656,0.08202215707606798]
2005-07-01T00:00:00.000Z,0,176.0,4.27157,-70.84153,[0.2831826074172793,0.9554625769945211,0.08305946556136735]
2005-07-01T00:00:00.000Z,0,146.0,4.77157,-70.84153,[0.2893698313267335,0.9536818954620362,0.08219454352860524]
2005-07-01T00:00:00.000Z,0,123.0,5.27157,-70.84153,[0.2984492880516897,0.9511647157372554,0.0788270638670875]
2005-07-01T00:00:00.000Z,0,120.0,5.77157,-70.84153,[0.3046918545705853,0.9497187617935978,0.07209124257198375]
2005-07-01T00:00:00.000Z,0,126.0,6.27157,-70.84153,[0.31118554984434504,0.9486514709807087,0.05677975144547937]
2005-07-01T00:00:00.000Z,0,122.0,6.77157,-70.84153,[0.32231202254998587,0.9456065955694438,0.04408090896639513]
2005-07-01T00:00:00.000Z,0,97.0,-3.72843,-70.34153,[0.2640946188162211,0.9641549575830295,0.025675865718243724]
2005-07-01T00:00:00.000Z,0,132.0,-2.22843,-70.34153,[0.2650608426578252,0.964145614926671,0.012883435380181146]
2005-07-01T00:00:00.000Z,0,129.0,-1.72843,-70.34153,[0.26851623171604094,0.9632487042511945,0.007139122033720136]
2005-07-01T00:00:00.000Z,0,144.0,-1.22843,-70.34153,[0.2636531270206087,0.9646104366095363,0.003705967648884058]
2005-07-01T00:00:00.000Z,0,134.0,-0.72843,-70.34153,[0.2621334539953858,0.9650316270072065,1.056989733852362E-4]
2005-07-01T00:00:00.000Z,0,170.0,-0.22843,-70.34153,[0.26374450940136807,0.9645817339800035,0.004572989477523721]
2005-07-01T00:00:00.000Z,0,177.0,0.27157,-70.34153,[0.2687400019661509,0.9631641670466847,0.009674640070781433]
2005-07-01T00:00:00.000Z,0,190.0,0.77157,-70.34153,[0.26716070168692824,0.9634952213448256,0.01738153962782425]
2005-07-01T00:00:00.000Z,0,195.0,1.27157,-70.34153,[0.2644083105928957,0.9638109386128135,0.03401058511255393]
2005-07-01T00:00:00.000Z,0,216.0,1.77157,-70.34153,[0.26840581967057836,0.9619664576993527,0.050782381081673426]
2005-07-01T00:00:00.000Z,0,168.0,2.27157,-70.34153,[0.2682063250624587,0.9612514690238518,0.06372582283484018]
2005-07-01T00:00:00.000Z,0,193.0,2.77157,-70.34153,[0.27536725564962905,0.9583647795050084,0.07556337684558719]
2005-07-01T00:00:00.000Z,0,177.0,3.27157,-70.34153,[0.281732329008957,0.9559166960926481,0.08276572311352628]
2005-07-01T00:00:00.000Z,0,174.0,3.77157,-70.34153,[0.27864913791136353,0.9566222372390119,0.08502089837846723]
2005-07-01T00:00:00.000Z,0,118.0,4.27157,-70.34153,[0.2810997530032297,0.955739160210981,0.08686533543786078]
2005-07-01T00:00:00.000Z,0,116.0,4.77157,-70.34153,[0.28276346558752447,0.9554312411453462,0.08482903967625732]
2005-07-01T00:00:00.000Z,0,124.0,5.27157,-70.34153,[0.29296605319330815,0.9526987683996128,0.08084521238884039]
2005-07-01T00:00:00.000Z,0,105.0,5.77157,-70.34153,[0.29383475740515347,0.9530077873254597,0.07373799995718679]
2005-07-01T00:00:00.000Z,0,104.0,6.27157,-70.34153,[0.29931672555136624,0.9521660363766102,0.06155759072660173]
2005-07-01T00:00:00.000Z,0,109.0,6.77157,-70.34153,[0.3109790409879319,0.9491219057661416,0.04959479873004565]
2005-07-01T00:00:00.000Z,0,140.0,-3.72843,-69.84153,[0.2658856515925581,0.9637041205943708,0.02406632972912878]
2005-07-01T00:00:00.000Z,0,128.0,-3.22843,-69.84153,[0.26672872441373374,0.9635970518345954,0.018344188951774573]
2005-07-01T00:00:00.000Z,0,61.0,-2.72843,-69.84153,[0.2675636320852542,0.9634405882595516,0.01385408529769498]
2005-07-01T00:00:00.000Z,0,111.0,-2.22843,-69.84153,[0.2627501535684172,0.9648185639032278,0.00935390546703565]
2005-07-01T00:00:00.000Z,0,145.0,-1.72843,-69.84153,[0.2635611802922779,0.9646339198697369,0.004111554412559534]
2005-07-01T00:00:00.000Z,0,68.0,-1.22843,-69.84153,[0.26284828234587915,0.9648326508599743,0.002955723656901453]
2005-07-01T00:00:00.000Z,0,122.0,-0.72843,-69.84153,[0.26599717324382305,0.9639737558356146,3.191966078925876E-4]
2005-07-01T00:00:00.000Z,0,188.0,0.77157,-69.84153,[0.26777734516909973,0.9633583374011834,0.01536252498181289]
2005-07-01T00:00:00.000Z,0,195.0,1.77157,-69.84153,[0.26691676027528066,0.9630356710732125,0.03630067939743817]
2005-07-01T00:00:00.000Z,0,182.0,2.27157,-69.84153,[0.27138928833891784,0.9611257009947445,0.05084526587851662]
2005-07-01T00:00:00.000Z,0,180.0,2.77157,-69.84153,[0.27265601525279115,0.959663297779509,0.06859338336477698]
2005-07-01T00:00:00.000Z,0,198.0,3.27157,-69.84153,[0.27593608388056656,0.9576605264090252,0.08213156379033335]
2005-07-01T00:00:00.000Z,0,149.0,3.77157,-69.84153,[0.2766870922076153,0.9570118248122222,0.08702080311784605]
2005-07-01T00:00:00.000Z,0,188.0,4.27157,-69.84153,[0.27753040000662654,0.9566636141404892,0.08815671529622254]
2005-07-01T00:00:00.000Z,0,143.0,4.77157,-69.84153,[0.27755686728755397,0.9567548484147449,0.08707666424707575]
2005-07-01T00:00:00.000Z,0,100.0,5.27157,-69.84153,[0.28080317304942864,0.9560419315885217,0.08445947578490598]
2005-07-01T00:00:00.000Z,0,112.0,5.77157,-69.84153,[0.285367572220607,0.9552651934952366,0.07767727351950886]
2005-07-01T00:00:00.000Z,0,98.0,6.27157,-69.84153,[0.2947551810412485,0.9534883507925236,0.06308207473041871]
2005-07-01T00:00:00.000Z,0,169.0,0.77157,-69.34153,[0.26849810158205595,0.9631836659927723,0.01363799881051713]
2005-07-01T00:00:00.000Z,0,182.0,1.77157,-69.34153,[0.26995825818849434,0.9624598770198494,0.028169557376190715]
2005-07-01T00:00:00.000Z,0,167.0,2.27157,-69.34153,[0.2714192498532529,0.9617217514485339,0.03772086425125916]
2005-07-01T00:00:00.000Z,0,128.0,2.77157,-69.34153,[0.2753692598168868,0.959489764674465,0.059591628882248164]
2005-07-01T00:00:00.000Z,0,182.0,3.27157,-69.34153,[0.274972487292244,0.9581072604089127,0.08012870137500547]
2005-07-01T00:00:00.000Z,0,123.0,3.77157,-69.34153,[0.27324432960415307,0.9579624732004426,0.08743818547332897]
2005-07-01T00:00:00.000Z,0,172.0,4.27157,-69.34153,[0.27805674756143905,0.9564286569817594,0.08904307519185385]
2005-07-01T00:00:00.000Z,0,142.0,4.77157,-69.34153,[0.27647476463274206,0.9568618807211307,0.08931430873096784]
2005-07-01T00:00:00.000Z,0,117.0,5.27157,-69.34153,[0.2814035671877875,0.9554632746376038,0.08889298730932045]
2005-07-01T00:00:00.000Z,0,83.0,5.77157,-69.34153,[0.29014090272575543,0.953478310102578,0.08183745309707377]
2005-07-01T00:00:00.000Z,0,139.0,1.77157,-68.84153,[0.2691587206148112,0.9628009571399374,0.023830653524789615]
2005-07-01T00:00:00.000Z,0,178.0,2.27157,-68.84153,[0.2714672588905436,0.9618918622105875,0.032704323315159975]
2005-07-01T00:00:00.000Z,0,155.0,2.77157,-68.84153,[0.2737662544582523,0.9603206894668381,0.0532560916875819]
2005-07-01T00:00:00.000Z,0,154.0,3.27157,-68.84153,[0.2791948462520123,0.9572394728640422,0.07578145826840335]
2005-07-01T00:00:00.000Z,0,118.0,3.77157,-68.84153,[0.28135970142748645,0.9555408321556559,0.08819544487053903]
2005-07-01T00:00:00.000Z,0,168.0,4.27157,-68.84153,[0.2828856130483196,0.9548744256535231,0.09050171911699112]
2005-07-01T00:00:00.000Z,0,130.0,4.77157,-68.84153,[0.28462995231972404,0.9542191888113353,0.0919322029906235]
2005-07-01T00:00:00.000Z,0,118.0,5.27157,-68.84153,[0.28825635995724946,0.9531235197053879,0.0919990604767773]
2005-07-01T00:00:00.000Z,0,76.0,5.77157,-68.84153,[0.2985439266654364,0.9506267138557316,0.08473709196706934]
2005-07-01T00:00:00.000Z,0,140.0,1.77157,-68.34153,[0.2707173599821871,0.9624321892280117,0.020890001006499476]
2005-07-01T00:00:00.000Z,0,115.0,2.27157,-68.34153,[0.26758697277446863,0.963100731374774,0.028882403410577566]
2005-07-01T00:00:00.000Z,0,126.0,2.77157,-68.34153,[0.27304803343672435,0.9610010864315961,0.043837008493161606]
2005-07-01T00:00:00.000Z,0,132.0,3.27157,-68.34153,[0.2794128091868309,0.9579867743548488,0.06472883610505735]
2005-07-01T00:00:00.000Z,0,110.0,3.77157,-68.34153,[0.28462496527897446,0.9549058949626664,0.0845184057202451]
2005-07-01T00:00:00.000Z,0,121.0,4.27157,-68.34153,[0.29136951099011094,0.9521735717639097,0.09202878516932937]
2005-07-01T00:00:00.000Z,0,109.0,4.77157,-68.34153,[0.29573396067811625,0.9505734450368022,0.09461263178085598]
2005-07-01T00:00:00.000Z,0,89.0,5.27157,-68.34153,[0.30214848332882316,0.9484736224795765,0.09541531052489154]
2005-07-01T00:00:00.000Z,0,65.0,5.77157,-68.34153,[0.31207378308908096,0.945502353968777,0.09292605957410924]
2005-07-01T00:00:00.000Z,0,136.0,2.27157,-67.84153,[0.27490733669046763,0.9611018216326894,0.026631648241889048]
2005-07-01T00:00:00.000Z,0,120.0,2.77157,-67.84153,[0.2779388265355738,0.9598585055937838,0.03770487956877939]
2005-07-01T00:00:00.000Z,0,103.0,3.27157,-67.84153,[0.2851047191551223,0.9565154509059256,0.06159132482511421]
2005-07-01T00:00:00.000Z,0,95.0,3.77157,-67.84153,[0.2908680695479292,0.9530336369657529,0.08439581108852795]
2005-07-01T00:00:00.000Z,0,110.0,4.27157,-67.84153,[0.2914993633610906,0.9520834719664519,0.09254827696065043]
2005-07-01T00:00:00.000Z,0,101.0,4.77157,-67.84153,[0.3047300194823541,0.9474125041801009,0.09771981451821354]
2005-07-01T00:00:00.000Z,0,80.0,5.77157,-67.84153,[0.3247407716777415,0.9405454942666439,0.09958716998117406]
2005-07-01T00:00:00.000Z,0,54.0,6.27157,-67.84153,[0.3251307764691632,0.9416750636995764,0.08682195919787654]
2005-07-01T00:00:00.000Z,0,114.0,2.27157,-67.34153,[0.2799172025543965,0.9597161230436452,0.02431713149603831]
