2006-09-01T00:00:00.000Z,2,10.0,1.77157,-78.84153,[0.28816303786251884,0.9575181258108895,0.011004651445930838]
2006-09-01T00:00:00.000Z,2,235.0,1.27157,-78.34153,[0.3054671287978079,0.9521983155494167,0.0028637543324794485]
2006-09-01T00:00:00.000Z,2,57.0,1.77157,-78.34153,[0.2997886011588275,0.9539784556255712,0.007204222198390428]
2006-09-01T00:00:00.000Z,2,1772.0,1.27157,-77.84153,[0.29037996317053366,0.9569061233594378,0.0031856029714910864]
2006-09-01T00:00:00.000Z,2,528.0,1.77157,-77.84153,[0.31119138510888694,0.9503306145248317,0.005625382730814494]
2006-09-01T00:00:00.000Z,2,116.0,2.27157,-77.84153,[0.2996396337139833,0.9540250406755558,0.007232680813785803]
2006-09-01T00:00:00.000Z,6,167.0,7.27157,-77.84153,[0.24407821463139528,0.9652183942241542,0.09369779396387033]
2006-09-01T00:00:00.000Z,1,2201.0,0.77157,-77.34153,[0.201336656830998,0.9795090114538737,0.005064296276117127]
2006-09-01T00:00:00.000Z,8,2447.0,1.27157,-77.34153,[0.2622499925783314,0.9649781280309475,0.006492596903638302]
2006-09-01T00:00:00.000Z,1,1706.0,1.77157,-77.34153,[0.23992078708730435,0.9707564154455547,0.00836646847278805]
2006-09-01T00:00:00.000Z,2,2096.0,2.27157,-77.34153,[0.3015263044679709,0.9534090841679566,0.009643958725898665]
2006-09-01T00:00:00.000Z,2,57.0,2.77157,-77.34153,[0.3028949640310989,0.9529541560670727,0.011533308245799534]
2006-09-01T00:00:00.000Z,2,74.0,3.27157,-77.34153,[0.2851850951240065,0.9583545638469522,0.015033012766226702]
2006-09-01T00:00:00.000Z,0,28.0,4.27157,-77.34153,[0.2702652461883519,0.9616414573678568,0.04692977918309367]
2006-09-01T00:00:00.000Z,9,14.0,5.27157,-77.34153,[0.2578056385645508,0.9634330237989984,0.07302781235832494]
2006-09-01T00:00:00.000Z,9,499.0,6.27157,-77.34153,[0.2641199236745857,0.960814210532745,0.08412323553257474]
2006-09-01T00:00:00.000Z,9,695.0,6.77157,-77.34153,[0.27595618940779304,0.9568595839618876,0.09092809306157164]
2006-09-01T00:00:00.000Z,9,345.0,7.27157,-77.34153,[0.2726117899563009,0.9572867855003951,0.0963577826807079]
2006-09-01T00:00:00.000Z,2,279.0,0.27157,-76.84153,[0.2903295434640308,0.9568777870002014,0.009677651448801028]
2006-09-01T00:00:00.000Z,1,485.0,0.77157,-76.84153,[0.212223672764658,0.9771880977581711,0.008033325466232817]
2006-09-01T00:00:00.000Z,11,3335.0,1.27157,-76.84153,[0.17357175165954938,0.9847786187906378,0.009160731337587328]
2006-09-01T00:00:00.000Z,11,2008.0,1.77157,-76.84153,[0.18099696569074197,0.983416846919698,0.011463141160413658]
2006-09-01T00:00:00.000Z,1,1013.0,2.27157,-76.84153,[0.2246636589425789,0.974343462045088,0.013455791337737347]
2006-09-01T00:00:00.000Z,8,2856.0,2.77157,-76.84153,[0.26430771963798283,0.9643007670810426,0.016292941621519494]
2006-09-01T00:00:00.000Z,8,1911.0,3.27157,-76.84153,[0.2658430143042978,0.963827316178137,0.019089167987489223]
2006-09-01T00:00:00.000Z,8,794.0,3.77157,-76.84153,[0.28215339437665693,0.9590939978206524,0.02298184905809867]
2006-09-01T00:00:00.000Z,0,70.0,4.27157,-76.84153,[0.2912090065944049,0.9561920254843104,0.029901920983640046]
2006-09-01T00:00:00.000Z,0,24.0,4.77157,-76.84153,[0.28695648288472214,0.9561565250319176,0.05848655032841283]
2006-09-01T00:00:00.000Z,9,133.0,5.27157,-76.84153,[0.29018041663348215,0.9543956668743804,0.07017290683608161]
2006-09-01T00:00:00.000Z,9,76.0,5.77157,-76.84153,[0.2799988990154114,0.9565721141460358,0.08105804703014245]
2006-09-01T00:00:00.000Z,9,38.0,6.27157,-76.84153,[0.26776419290176756,0.9596668673599348,0.08568454172856561]
2006-09-01T00:00:00.000Z,9,20.0,6.77157,-76.84153,[0.2869985098714174,0.9534003528683072,0.09305709259467172]
2006-09-01T00:00:00.000Z,9,15.0,7.27157,-76.84153,[0.28330008679779173,0.9539915801637759,0.0981892346287801]
2006-09-01T00:00:00.000Z,7,8.0,7.77157,-76.84153,[0.2943125882480728,0.950023722359588,0.10409143746126692]
2006-09-01T00:00:00.000Z,8,294.0,0.77157,-76.34153,[0.2799555623165675,0.9598476422282314,0.01781535396559975]
2006-09-01T00:00:00.000Z,1,1412.0,1.27157,-76.34153,[0.20634570074736722,0.9783632363021723,0.015060864364894046]
2006-09-01T00:00:00.000Z,11,2388.0,1.77157,-76.34153,[0.15093611532320514,0.9883881100196982,0.017528065005275435]
2006-09-01T00:00:00.000Z,11,3852.0,2.27157,-76.34153,[0.16061604025691298,0.9868152170330032,0.019955326213737672]
2006-09-01T00:00:00.000Z,1,2450.0,2.77157,-76.34153,[0.22824106865109203,0.9733455096972496,0.022461819454551918]
2006-09-01T00:00:00.000Z,1,990.0,3.27157,-76.34153,[0.22995423562093106,0.972883304550093,0.024882227546675104]
2006-09-01T00:00:00.000Z,8,962.0,3.77157,-76.34153,[0.24989347689204106,0.9678972696522716,0.026983802669093632]
2006-09-01T00:00:00.000Z,1,1899.0,4.27157,-76.34153,[0.21079506870503026,0.9771229747264424,0.02821579825895457]
2006-09-01T00:00:00.000Z,8,1358.0,4.77157,-76.34153,[0.24546726437406702,0.9684187964346755,0.04371334845017632]
2006-09-01T00:00:00.000Z,6,407.0,5.27157,-76.34153,[0.22920321327320217,0.9713320640170169,0.06308651549801245]
2006-09-01T00:00:00.000Z,6,480.0,5.77157,-76.34153,[0.21993374271787036,0.9723974106967771,0.07792576264826068]
2006-09-01T00:00:00.000Z,6,1095.0,6.27157,-76.34153,[0.2140981718936356,0.9731735086074346,0.08423357368946573]
2006-09-01T00:00:00.000Z,6,1485.0,6.77157,-76.34153,[0.23220051963426278,0.9685481134294023,0.0894285785077904]
2006-09-01T00:00:00.000Z,9,827.0,7.27157,-76.34153,[0.26971734036338996,0.9579246810525159,0.09814714329890023]
2006-09-01T00:00:00.000Z,9,201.0,7.77157,-76.34153,[0.2864903370764265,0.952445233827667,0.10378517871447904]
2006-09-01T00:00:00.000Z,7,165.0,8.27157,-76.34153,[0.2883945643938423,0.9517020624996796,0.10531742240456612]
2006-09-01T00:00:00.000Z,7,99.0,8.77157,-76.34153,[0.2983774933757959,0.9482979244016204,0.10817540396206128]
2006-09-01T00:00:00.000Z,2,267.0,0.27157,-75.84153,[0.31023640176211154,0.9500235338007074,0.03476579132587086]
2006-09-01T00:00:00.000Z,2,241.0,0.77157,-75.84153,[0.301012704786874,0.9532068984917675,0.028070629216236265]
2006-09-01T00:00:00.000Z,8,250.0,1.27157,-75.84153,[0.2512283293814574,0.9676497854166183,0.02319955386154128]
2006-09-01T00:00:00.000Z,8,1712.0,1.77157,-75.84153,[0.27043144468972513,0.9623804463606179,0.026281365751536664]
2006-09-01T00:00:00.000Z,1,1262.0,2.27157,-75.84153,[0.24003146476515738,0.9703399639442533,0.028727169985191706]
2006-09-01T00:00:00.000Z,1,2705.0,2.77157,-75.84153,[0.19437429433426556,0.9804829910405675,0.029525209265964386]
2006-09-01T00:00:00.000Z,11,1867.0,3.27157,-75.84153,[0.16703026803460047,0.9854785814041427,0.0305426775834698]
2006-09-01T00:00:00.000Z,11,3782.0,3.77157,-75.84153,[0.18323360091335694,0.9825901848978765,0.03069162815298729]
2006-09-01T00:00:00.000Z,1,2035.0,4.27157,-75.84153,[0.23797460403856516,0.9708416682170319,0.028888459395726315]
2006-09-01T00:00:00.000Z,1,1185.0,4.77157,-75.84153,[0.23965204233357096,0.9703558184682824,0.03124874669643622]
2006-09-01T00:00:00.000Z,0,1530.0,5.27157,-75.84153,[0.2564295756826958,0.9652396292207135,0.050560171054418325]
2006-09-01T00:00:00.000Z,6,1704.0,5.77157,-75.84153,[0.24443232167141693,0.9667298322104539,0.07540737123563213]
2006-09-01T00:00:00.000Z,6,488.0,6.27157,-75.84153,[0.19672636033205276,0.9769252211943984,0.08316159777673139]
2006-09-01T00:00:00.000Z,6,896.0,6.77157,-75.84153,[0.19634231427108653,0.9764897012950313,0.08898066582923708]
2006-09-01T00:00:00.000Z,6,2421.0,7.27157,-75.84153,[0.24558910613377097,0.9646656838390071,0.09542593657824913]
2006-09-01T00:00:00.000Z,7,131.0,7.77157,-75.84153,[0.2941767938770575,0.950082089854793,0.10394246716989362]
2006-09-01T00:00:00.000Z,7,43.0,8.27157,-75.84153,[0.29176341525805766,0.9506534895677671,0.10550854131103192]
2006-09-01T00:00:00.000Z,7,10.0,8.77157,-75.84153,[0.2975498161775177,0.9487095588268679,0.10683763327243478]
2006-09-01T00:00:00.000Z,7,155.0,9.27157,-75.84153,[0.30606179546621176,0.9458082921266328,0.10850277369957399]
2006-09-01T00:00:00.000Z,0,228.0,0.27157,-75.34153,[0.3086397307115872,0.9498447526550396,0.05036330489518535]
2006-09-01T00:00:00.000Z,0,189.0,0.77157,-75.34153,[0.30504441783096276,0.9508806462074542,0.05266782526612716]
2006-09-01T00:00:00.000Z,0,244.0,1.27157,-75.34153,[0.29843459119020177,0.953065307349354,0.05102268817122805]
2006-09-01T00:00:00.000Z,1,1357.0,1.77157,-75.34153,[0.24232274483450225,0.969290979338009,0.04188895689601446]
2006-09-01T00:00:00.000Z,0,2437.0,2.27157,-75.34153,[0.29996127683204254,0.953210279710713,0.037595146696282666]
2006-09-01T00:00:00.000Z,4,485.0,2.77157,-75.34153,[0.36259554840698294,0.9311792293720184,0.03781152022298499]
2006-09-01T00:00:00.000Z,4,694.0,3.27157,-75.34153,[0.36704054848563866,0.9294638984465221,0.037122732280296535]
2006-09-01T00:00:00.000Z,8,442.0,3.77157,-75.34153,[0.2744015690997022,0.961026309878595,0.033648337206343575]
2006-09-01T00:00:00.000Z,11,2270.0,4.27157,-75.34153,[0.13830446034899121,0.9899687688138317,0.028874089090403426]
2006-09-01T00:00:00.000Z,11,4229.0,4.77157,-75.34153,[0.17451136882357354,0.9843353679395029,0.02509313800077528]
2006-09-01T00:00:00.000Z,1,3209.0,5.27157,-75.34153,[0.1980269776539731,0.9797124157617615,0.03080419652395137]
2006-09-01T00:00:00.000Z,6,1992.0,5.77157,-75.34153,[0.21714753367720388,0.9748289818304582,0.05055101187216628]
2006-09-01T00:00:00.000Z,6,2185.0,6.27157,-75.34153,[0.2170773002869409,0.9734909858228793,0.07206071205401544]
2006-09-01T00:00:00.000Z,6,2092.0,6.77157,-75.34153,[0.23872032969343887,0.9675008956738492,0.08339437068145243]
2006-09-01T00:00:00.000Z,9,869.0,7.27157,-75.34153,[0.2929276303673394,0.9511919682714728,0.09709398984085967]
2006-09-01T00:00:00.000Z,7,83.0,7.77157,-75.34153,[0.3045796550180491,0.9468454492952396,0.10351294072714859]
2006-09-01T00:00:00.000Z,7,30.0,8.27157,-75.34153,[0.3054342813286953,0.9460744165343704,0.10794951675840893]
2006-09-01T00:00:00.000Z,7,74.0,8.77157,-75.34153,[0.30274205540770566,0.9467569732750067,0.1095375800475153]
2006-09-01T00:00:00.000Z,7,180.0,9.27157,-75.34153,[0.29669361947713285,0.9489832681805351,0.10678788730445332]
2006-09-01T00:00:00.000Z,7,136.0,9.77157,-75.34153,[0.3056134624573225,0.9464158837388054,0.10439054828739368]
2006-09-01T00:00:00.000Z,7,79.0,10.27157,-75.34153,[0.30671734229173947,0.9463485258609897,0.10172973772807871]
2006-09-01T00:00:00.000Z,0,205.0,0.27157,-74.84153,[0.3036298291605603,0.9510584142966968,0.057417936564993124]
2006-09-01T00:00:00.000Z,0,239.0,0.77157,-74.84153,[0.2990614696975602,0.9523055427232114,0.06063324699358378]
2006-09-01T00:00:00.000Z,0,226.0,1.27157,-74.84153,[0.30249723068876305,0.9513834471074039,0.058008292473256916]
2006-09-01T00:00:00.000Z,0,258.0,1.77157,-74.84153,[0.3052165984647529,0.9510549208161702,0.04834630919681686]
2006-09-01T00:00:00.000Z,1,576.0,2.27157,-74.84153,[0.23464142779056105,0.9712219923495904,0.040880826078974045]
2006-09-01T00:00:00.000Z,8,1998.0,2.77157,-74.84153,[0.2619650873597659,0.9643352491214572,0.03783940150752174]
2006-09-01T00:00:00.000Z,0,2106.0,3.27157,-74.84153,[0.27202604007394865,0.9615804207265163,0.03694493195422931]
2006-09-01T00:00:00.000Z,4,361.0,3.77157,-74.84153,[0.3509993033040423,0.9355532761069719,0.03923718447581309]
2006-09-01T00:00:00.000Z,4,289.0,4.27157,-74.84153,[0.3245664566856346,0.9452513140924257,0.034008357812080434]
2006-09-01T00:00:00.000Z,4,277.0,4.77157,-74.84153,[0.32439081938993297,0.9455112255086419,0.02791269841262214]
2006-09-01T00:00:00.000Z,4,325.0,5.27157,-74.84153,[0.3263790026727073,0.944909996501883,0.024936822676116965]
2006-09-01T00:00:00.000Z,0,379.0,5.77157,-74.84153,[0.29473915529194833,0.9550012787609192,0.033187164729723315]
2006-09-01T00:00:00.000Z,0,978.0,6.27157,-74.84153,[0.2601641420314783,0.9641377028225373,0.05247007906517209]
2006-09-01T00:00:00.000Z,9,1143.0,6.77157,-74.84153,[0.2732788767956708,0.9591979699481511,0.07251144699040507]
2006-09-01T00:00:00.000Z,9,322.0,7.27157,-74.84153,[0.2940065282801388,0.9513919117379772,0.09172563223121932]
2006-09-01T00:00:00.000Z,7,55.0,7.77157,-74.84153,[0.3124677337766433,0.9441471092531668,0.10464297127555933]
2006-09-01T00:00:00.000Z,7,27.0,8.27157,-74.84153,[0.3183120557057265,0.9413427697204936,0.11203225021101905]
2006-09-01T00:00:00.000Z,7,14.0,8.77157,-74.84153,[0.32547561176689577,0.9386074860460834,0.11437488047301479]
2006-09-01T00:00:00.000Z,7,48.0,9.27157,-74.84153,[0.3221294535577507,0.9402082284053076,0.11063951549757374]
2006-09-01T00:00:00.000Z,7,15.0,9.77157,-74.84153,[0.3114659943715763,0.9444452732557476,0.10493836369508307]
2006-09-01T00:00:00.000Z,7,5.0,10.27157,-74.84153,[0.3223077514460142,0.9409124533441539,0.1039301135364516]
2006-09-01T00:00:00.000Z,4,171.0,-0.72843,-74.34153,[0.32028298306854747,0.9464000928266101,0.04178127636270149]
2006-09-01T00:00:00.000Z,0,219.0,-0.22843,-74.34153,[0.30763840433422973,0.9501293795399479,0.05111530410476433]
2006-09-01T00:00:00.000Z,0,201.0,0.27157,-74.34153,[0.30328469153811305,0.9509973467222228,0.060186729483532514]
2006-09-01T00:00:00.000Z,9,242.0,0.77157,-74.34153,[0.29768298979249685,0.9523530025002146,0.06639726061387333]
2006-09-01T00:00:00.000Z,0,251.0,1.27157,-74.34153,[0.2994813882459645,0.9520478373422295,0.0625764612794097]
2006-09-01T00:00:00.000Z,0,298.0,1.77157,-74.34153,[0.30905930806346354,0.9498502286429228,0.04761183935031736]
2006-09-01T00:00:00.000Z,5,313.0,2.27157,-74.34153,[0.31660163507783334,0.9473410792795871,0.048044606101305454]
2006-09-01T00:00:00.000Z,0,364.0,2.77157,-74.34153,[0.2858534411059389,0.9573626023246317,0.041769101954704006]
2006-09-01T00:00:00.000Z,11,899.0,3.27157,-74.34153,[0.15367844899684183,0.9870884993258686,0.04515782116676429]
2006-09-01T00:00:00.000Z,11,3444.0,3.77157,-74.34153,[0.15083541021311805,0.9877286539762247,0.040506606129813154]
2006-09-01T00:00:00.000Z,11,2263.0,4.27157,-74.34153,[0.1769256290502375,0.983566819391123,0.03596711801087065]
2006-09-01T00:00:00.000Z,1,2655.0,4.77157,-74.34153,[0.21538341417228873,0.9760993025254787,0.028985108396589916]
2006-09-01T00:00:00.000Z,8,1104.0,5.27157,-74.34153,[0.28481247778144153,0.9583239518793585,0.022294747236170216]
2006-09-01T00:00:00.000Z,2,744.0,5.77157,-74.34153,[0.3123231035747184,0.9497408874502588,0.021131154219553437]
2006-09-01T00:00:00.000Z,4,119.0,6.27157,-74.34153,[0.3177593955136363,0.9475424573800129,0.03452908954859369]
2006-09-01T00:00:00.000Z,0,97.0,6.77157,-74.34153,[0.2744611934743853,0.9600674417151803,0.054236156160675335]
2006-09-01T00:00:00.000Z,9,575.0,7.27157,-74.34153,[0.2633802233581776,0.961069059927391,0.08352915655073632]
2006-09-01T00:00:00.000Z,7,1234.0,7.77157,-74.34153,[0.2992248185475096,0.9484862172826719,0.10410765384935995]
2006-09-01T00:00:00.000Z,10,715.0,8.27157,-74.34153,[0.32942754829524873,0.9370642274829513,0.11570706113267747]
2006-09-01T00:00:00.000Z,10,14.0,8.77157,-74.34153,[0.33536894704883924,0.9348263332371826,0.11673643836299318]
2006-09-01T00:00:00.000Z,7,37.0,9.27157,-74.34153,[0.32393179141487277,0.9395174733207163,0.11124347996987623]
2006-09-01T00:00:00.000Z,7,95.0,9.77157,-74.34153,[0.3151417835073789,0.9431581434465443,0.10553848936883806]
2006-09-01T00:00:00.000Z,7,119.0,10.27157,-74.34153,[0.30648386106301856,0.9462968848880061,0.10290698984597703]
2006-09-01T00:00:00.000Z,7,5.0,10.77157,-74.34153,[0.28924863823572833,0.9516847352148081,0.10310863221814785]
2006-09-01T00:00:00.000Z,4,156.0,-1.22843,-73.84153,[0.32076452876467265,0.9467341128837912,0.028366116909413215]
2006-09-01T00:00:00.000Z,0,195.0,-0.72843,-73.84153,[0.3110157485650739,0.9496032171017275,0.03902478974390661]
2006-09-01T00:00:00.000Z,0,174.0,-0.22843,-73.84153,[0.2997076070128047,0.9527669841613285,0.049096071032058666]
2006-09-01T00:00:00.000Z,0,241.0,0.27157,-73.84153,[0.29855084721776237,0.9525746876208762,0.05889699592972979]
2006-09-01T00:00:00.000Z,9,232.0,0.77157,-73.84153,[0.29542977638564427,0.9529621969793741,0.0677074468058928]
2006-09-01T00:00:00.000Z,9,267.0,1.27157,-73.84153,[0.29808845620730084,0.9520344492822322,0.06909182046975423]
2006-09-01T00:00:00.000Z,0,265.0,1.77157,-73.84153,[0.28312828380994126,0.9571340768473723,0.06109610334846101]
2006-09-01T00:00:00.000Z,0,554.0,2.27157,-73.84153,[0.26634451051002256,0.9624981881950171,0.05155423787125329]
2006-09-01T00:00:00.000Z,0,995.0,2.77157,-73.84153,[0.29950928486925554,0.9520116554772766,0.06299203213520058]
2006-09-01T00:00:00.000Z,9,363.0,3.27157,-73.84153,[0.28260503452861646,0.9566003051617186,0.0710651153772797]
2006-09-01T00:00:00.000Z,6,545.0,3.77157,-73.84153,[0.21073822777496143,0.9749537790467996,0.07109520431528918]
2006-09-01T00:00:00.000Z,11,1499.0,4.27157,-73.84153,[0.14825240491926273,0.9868050702438426,0.0650920715348638]
2006-09-01T00:00:00.000Z,11,3610.0,4.77157,-73.84153,[0.14186847412927514,0.9883894519915616,0.05440245619502782]
2006-09-01T00:00:00.000Z,11,2585.0,5.27157,-73.84153,[0.17220912207098557,0.9843695622896336,0.0368860829210111]
2006-09-01T00:00:00.000Z,8,2622.0,5.77157,-73.84153,[0.25787359630497597,0.9658949615984627,0.023412208085583343]
2006-09-01T00:00:00.000Z,4,616.0,6.27157,-73.84153,[0.3185591297471474,0.9474791763435377,0.028342393161327084]
2006-09-01T00:00:00.000Z,5,101.0,6.77157,-73.84153,[0.3415006707405872,0.9385298153919633,0.05038925980857615]
2006-09-01T00:00:00.000Z,5,89.0,7.27157,-73.84153,[0.34701263787282755,0.934172429982906,0.08309091536608881]
2006-09-01T00:00:00.000Z,7,59.0,7.77157,-73.84153,[0.3299211489540524,0.9384682858940359,0.1021240022910777]
2006-09-01T00:00:00.000Z,10,38.0,8.27157,-73.84153,[0.3385324265918113,0.9339233726606263,0.11481694188603389]
2006-09-01T00:00:00.000Z,10,29.0,8.77157,-73.84153,[0.34320983403883343,0.9319100354804436,0.11726335996326809]
2006-09-01T00:00:00.000Z,10,52.0,9.27157,-73.84153,[0.3368600207467127,0.9349343031952622,0.11145929809268423]
2006-09-01T00:00:00.000Z,9,46.0,9.77157,-73.84153,[0.2778622679470341,0.9553591125031491,0.1004068035967968]
2006-09-01T00:00:00.000Z,11,931.0,10.27157,-73.84153,[0.14777291981872376,0.9844440557707784,0.09504243907765399]
2006-09-01T00:00:00.000Z,9,2665.0,10.77157,-73.84153,[0.28186493084684117,0.9543458288515095,0.098874666686825]
2006-09-01T00:00:00.000Z,2,139.0,-1.72843,-73.34153,[0.31655240928441913,0.9484760621469722,0.013701522192907692]
2006-09-01T00:00:00.000Z,2,199.0,-1.22843,-73.34153,[0.31331086071183367,0.9493554651644283,0.02367499361017991]
2006-09-01T00:00:00.000Z,2,223.0,-0.72843,-73.34153,[0.3096953366649514,0.9502016011311011,0.03472341653516122]
2006-09-01T00:00:00.000Z,0,171.0,-0.22843,-73.34153,[0.29889253884675604,0.9532248536193841,0.045006984613990296]
2006-09-01T00:00:00.000Z,0,209.0,0.27157,-73.34153,[0.29639487684805804,0.9535184022631324,0.054339060755477314]
2006-09-01T00:00:00.000Z,0,237.0,0.77157,-73.34153,[0.286892515497673,0.9559303974882936,0.06236793815166803]
2006-09-01T00:00:00.000Z,9,249.0,1.27157,-73.34153,[0.28588775921709425,0.9559725071053822,0.06621748098862341]
2006-09-01T00:00:00.000Z,9,294.0,1.77157,-73.34153,[0.29252387147487796,0.9538327015406527,0.06806586581399884]
2006-09-01T00:00:00.000Z,0,229.0,2.27157,-73.34153,[0.3000094713165246,0.951754184866216,0.06448479440941392]
2006-09-01T00:00:00.000Z,0,267.0,2.77157,-73.34153,[0.30025717202566365,0.9515842682659496,0.06582561079024166]
2006-09-01T00:00:00.000Z,9,234.0,3.27157,-73.34153,[0.3057672376368536,0.9489328064592006,0.0776719074916605]
2006-09-01T00:00:00.000Z,9,256.0,3.77157,-73.34153,[0.30328945103393057,0.949682412310879,0.07822291632844232]
2006-09-01T00:00:00.000Z,6,300.0,4.27157,-73.34153,[0.24083427786762404,0.9679244310489271,0.07156218542352258]
2006-09-01T00:00:00.000Z,11,1229.0,4.77157,-73.34153,[0.17105002669430838,0.9832544580838389,0.06286938067241137]
2006-09-01T00:00:00.000Z,11,2684.0,5.27157,-73.34153,[0.1488105407152932,0.9873461272855961,0.054800072136425425]
2006-09-01T00:00:00.000Z,1,3515.0,5.77157,-73.34153,[0.225447621730701,0.9734712692166679,0.039077587766654834]
2006-09-01T00:00:00.000Z,1,1301.0,6.27157,-73.34153,[0.23864556042391055,0.9706449236472514,0.02994542849550031]
2006-09-01T00:00:00.000Z,2,1945.0,6.77157,-73.34153,[0.3084406188524249,0.9506236260725127,0.03433811577068012]
2006-09-01T00:00:00.000Z,6,351.0,7.27157,-73.34153,[0.2527820622338313,0.9655819314157159,0.06125979706387443]
2006-09-01T00:00:00.000Z,6,325.0,7.77157,-73.34153,[0.250834059886072,0.9632486044026783,0.09609578823945865]
2006-09-01T00:00:00.000Z,9,1339.0,8.27157,-73.34153,[0.2738584311115744,0.9562031775366313,0.10332977778915704]
2006-09-01T00:00:00.000Z,9,1230.0,8.77157,-73.34153,[0.2812918320061912,0.953647918264892,0.10691376541698729]
2006-09-01T00:00:00.000Z,7,809.0,9.27157,-73.34153,[0.2902154693147211,0.9514514994004188,0.10254279915786811]
2006-09-01T00:00:00.000Z,9,74.0,9.77157,-73.34153,[0.27855705357063015,0.9553723845354144,0.09833399601951161]
2006-09-01T00:00:00.000Z,6,99.0,10.27157,-73.34153,[0.23267825399695993,0.9680696164001957,0.09328476788685458]
2006-09-01T00:00:00.000Z,7,1426.0,10.77157,-73.34153,[0.3039373997296268,0.9473671402893273,0.1005860753067482]
2006-09-01T00:00:00.000Z,2,146.0,-2.22843,-72.84153,[0.30995106193246974,0.9507487630063398,0.002669990421141125]
2006-09-01T00:00:00.000Z,2,165.0,-1.72843,-72.84153,[0.3099446484604518,0.950729090221386,0.006965048280010153]
2006-09-01T00:00:00.000Z,2,168.0,-1.22843,-72.84153,[0.309196783578354,0.9508382291995998,0.01743590884840342]
2006-09-01T00:00:00.000Z,2,178.0,-0.72843,-72.84153,[0.30769270685163314,0.9510501848141387,0.028787916133467196]
2006-09-01T00:00:00.000Z,0,191.0,-0.22843,-72.84153,[0.3011145677937675,0.952763269851272,0.03965058240032435]
2006-09-01T00:00:00.000Z,0,247.0,0.27157,-72.84153,[0.2885547972427834,0.9561913869417724,0.049337212391315124]
2006-09-01T00:00:00.000Z,0,264.0,0.77157,-72.84153,[0.2825507305147958,0.9575330311890302,0.05740713254903788]
2006-09-01T00:00:00.000Z,0,246.0,1.27157,-72.84153,[0.28153113812739383,0.9574293070443513,0.06379138090108805]
2006-09-01T00:00:00.000Z,9,259.0,1.77157,-72.84153,[0.28470984587865183,0.9561318839940551,0.06893565165959484]
2006-09-01T00:00:00.000Z,9,271.0,2.27157,-72.84153,[0.2979519448693215,0.9518541139527561,0.0720998217737213]
2006-09-01T00:00:00.000Z,9,193.0,2.77157,-72.84153,[0.2987490962221441,0.9511896511900448,0.07737716055408789]
2006-09-01T00:00:00.000Z,9,182.0,3.27157,-72.84153,[0.2996460179119629,0.9506011602724338,0.08105367381066887]
2006-09-01T00:00:00.000Z,9,203.0,3.77157,-72.84153,[0.3026168092729092,0.9495906773736116,0.08185726718263367]
2006-09-01T00:00:00.000Z,9,165.0,4.27157,-72.84153,[0.30125378137031317,0.9502870246314513,0.07874471428096604]
2006-09-01T00:00:00.000Z,6,293.0,4.77157,-72.84153,[0.2231991266915155,0.9721058411234533,0.07205819521614411]
2006-09-01T00:00:00.000Z,11,1653.0,5.27157,-72.84153,[0.15631821909757643,0.9851683110568189,0.07076731779301135]
2006-09-01T00:00:00.000Z,11,2686.0,5.77157,-72.84153,[0.15710613697683645,0.9859337887443989,0.05702829066639497]
2006-09-01T00:00:00.000Z,11,2685.0,6.27157,-72.84153,[0.17919070836419893,0.9831911235246179,0.03501292130537308]
2006-09-01T00:00:00.000Z,11,1547.0,6.77157,-72.84153,[0.1515766505973056,0.9877330920070324,0.0375214331806445]
2006-09-01T00:00:00.000Z,6,3795.0,7.27157,-72.84153,[0.2286446943004176,0.9717399507767747,0.0586776945066888]
2006-09-01T00:00:00.000Z,7,1328.0,7.77157,-72.84153,[0.30640986036970685,0.9474052004534614,0.09239255176665108]
2006-09-01T00:00:00.000Z,10,973.0,8.27157,-72.84153,[0.3430457639739927,0.9343798955795116,0.09619674919830144]
2006-09-01T00:00:00.000Z,10,83.0,8.77157,-72.84153,[0.346632744695688,0.9324058498434534,0.10229893197116646]
2006-09-01T00:00:00.000Z,7,223.0,10.77157,-72.84153,[0.31987088304757033,0.942037325898339,0.1012338618875827]
2006-09-01T00:00:00.000Z,10,51.0,11.27157,-72.84153,[0.3541600328355622,0.9293647758202166,0.10417189931335673]
2006-09-01T00:00:00.000Z,2,149.0,-2.22843,-72.34153,[0.30621771847649026,0.9519127578108124,0.009633815862181715]
2006-09-01T00:00:00.000Z,2,147.0,-1.72843,-72.34153,[0.30963450177341956,0.9508552050728519,9.242820948460286E-4]
2006-09-01T00:00:00.000Z,2,145.0,-1.22843,-72.34153,[0.3078969013365109,0.9513668299723652,0.01003259566152676]
2006-09-01T00:00:00.000Z,2,205.0,-0.72843,-72.34153,[0.3027101853057797,0.9528491060193293,0.02109798261222101]
2006-09-01T00:00:00.000Z,0,176.0,-0.22843,-72.34153,[0.2985695970852733,0.9538273006121137,0.032705906245600554]
2006-09-01T00:00:00.000Z,0,150.0,0.27157,-72.34153,[0.2924513786485569,0.9552658931918114,0.04403708018260124]
2006-09-01T00:00:00.000Z,0,218.0,0.77157,-72.34153,[0.2894034217693897,0.9557043230524032,0.0536181533355691]
2006-09-01T00:00:00.000Z,0,234.0,1.27157,-72.34153,[0.28853398700287003,0.9554179880912156,0.06264667889011731]
2006-09-01T00:00:00.000Z,9,237.0,1.77157,-72.34153,[0.28654927683337716,0.9555359153548804,0.06957461040623633]
2006-09-01T00:00:00.000Z,9,203.0,2.27157,-72.34153,[0.29593745414165995,0.9521957016848066,0.075791615163761]
2006-09-01T00:00:00.000Z,9,188.0,2.77157,-72.34153,[0.29346786381330386,0.9526418348401096,0.07968781225084327]
2006-09-01T00:00:00.000Z,9,220.0,3.27157,-72.34153,[0.2993167822147389,0.9505021481017664,0.08339742405219824]
2006-09-01T00:00:00.000Z,9,180.0,3.77157,-72.34153,[0.3019797938864291,0.949571443133372,0.08439359258803245]
2006-09-01T00:00:00.000Z,7,190.0,4.27157,-72.34153,[0.31297617217771223,0.9459616889416247,0.08486694706242084]
2006-09-01T00:00:00.000Z,5,177.0,4.77157,-72.34153,[0.31548803714921486,0.945273590552742,0.08321741055369856]
2006-09-01T00:00:00.000Z,6,257.0,5.27157,-72.34153,[0.24948080672345968,0.9652808783505824,0.07740899797400805]
2006-09-01T00:00:00.000Z,11,1342.0,5.77157,-72.34153,[0.17804900446933308,0.9816435113075898,0.0683708177162239]
2006-09-01T00:00:00.000Z,11,3317.0,6.27157,-72.34153,[0.17874416862367914,0.9830929274302354,0.039734345592696244]
2006-09-01T00:00:00.000Z,1,3467.0,6.77157,-72.34153,[0.2379479345472786,0.9706390993413743,0.03522100615328531]
2006-09-01T00:00:00.000Z,8,2203.0,7.27157,-72.34153,[0.25719069836696284,0.9653459089390113,0.044274380495134706]
2006-09-01T00:00:00.000Z,10,97.0,11.27157,-72.34153,[0.3721541653268359,0.922240625187041,0.10475450579570195]
2006-09-01T00:00:00.000Z,10,19.0,11.77157,-72.34153,[0.35822212666154823,0.9281769192536337,0.10081921709134295]
2006-09-01T00:00:00.000Z,2,109.0,-2.22843,-71.84153,[0.3032099867864707,0.9527834416249025,0.01635289816376471]
2006-09-01T00:00:00.000Z,2,140.0,-1.72843,-71.84153,[0.3079321172870794,0.9513723623645587,0.008272803150996162]
2006-09-01T00:00:00.000Z,2,153.0,-1.22843,-71.84153,[0.3069337927585477,0.9517238126207206,0.003664881107564749]
2006-09-01T00:00:00.000Z,2,136.0,-0.72843,-71.84153,[0.30690390068599704,0.9516311248882967,0.01442906398747598]
2006-09-01T00:00:00.000Z,2,192.0,-0.22843,-71.84153,[0.2916929612935256,0.9561672746648776,0.02567799041502851]
2006-09-01T00:00:00.000Z,0,216.0,0.27157,-71.84153,[0.2932454923148836,0.9553035845796402,0.037445193634054366]
2006-09-01T00:00:00.000Z,0,215.0,0.77157,-71.84153,[0.2885416103091956,0.9562134760246599,0.04898497105249135]
2006-09-01T00:00:00.000Z,0,232.0,1.27157,-71.84153,[0.2770047495310627,0.9590323798505717,0.05937392639351065]
2006-09-01T00:00:00.000Z,9,233.0,1.77157,-71.84153,[0.2917839421163829,0.9539090415343289,0.0701403707010536]
2006-09-01T00:00:00.000Z,9,159.0,2.27157,-71.84153,[0.29329732911814016,0.9529353834949533,0.07675175317536004]
2006-09-01T00:00:00.000Z,9,186.0,2.77157,-71.84153,[0.2957925078333587,0.9517293286393946,0.08196387812481619]
2006-09-01T00:00:00.000Z,9,222.0,3.27157,-71.84153,[0.2999553315819274,0.9500486357708955,0.08622290139769472]
2006-09-01T00:00:00.000Z,9,206.0,3.77157,-71.84153,[0.30359713070189676,0.9487410334434274,0.08785916964251861]
2006-09-01T00:00:00.000Z,7,189.0,4.27157,-71.84153,[0.3135966008260919,0.9454703487592622,0.08799427008254519]
2006-09-01T00:00:00.000Z,5,149.0,4.77157,-71.84153,[0.32181432073881,0.9428803345631555,0.08609423709802112]
2006-09-01T00:00:00.000Z,5,172.0,5.27157,-71.84153,[0.3319174507088099,0.9396192538447928,0.08334544810077837]
2006-09-01T00:00:00.000Z,5,213.0,5.77157,-71.84153,[0.325326507375377,0.9428330477897718,0.0723084199411687]
2006-09-01T00:00:00.000Z,5,412.0,6.27157,-71.84153,[0.3161959409132476,0.9473622570772882,0.05024819216063236]
2006-09-01T00:00:00.000Z,4,325.0,6.77157,-71.84153,[0.3592152272944228,0.9326766794394478,0.03284253506691865]
2006-09-01T00:00:00.000Z,10,174.0,11.77157,-71.84153,[0.372744320157582,0.9223842498814742,0.10133591348012908]
2006-09-01T00:00:00.000Z,2,107.0,-2.22843,-71.34153,[0.30121896169473683,0.9532959649140548,0.02222476983290755]
2006-09-01T00:00:00.000Z,2,121.0,-1.72843,-71.34153,[0.30126483346990074,0.9534411396332065,0.013765659057426178]
2006-09-01T00:00:00.000Z,2,140.0,-1.22843,-71.34153,[0.3022681754734859,0.9532202387590829,0.002264181089689033]
2006-09-01T00:00:00.000Z,2,186.0,-0.72843,-71.34153,[0.3022580552701413,0.9531883241103334,0.008490394810959027]
2006-09-01T00:00:00.000Z,2,201.0,-0.22843,-71.34153,[0.2948233017015827,0.9553625310864265,0.01901722823952957]
2006-09-01T00:00:00.000Z,2,185.0,0.27157,-71.34153,[0.29736840951204424,0.9542925385101344,0.029962976623837158]
2006-09-01T00:00:00.000Z,0,228.0,0.77157,-71.34153,[0.2853604260216445,0.957517992002315,0.04157790582268492]
2006-09-01T00:00:00.000Z,0,342.0,1.27157,-71.34153,[0.2868155311591798,0.9564237751105723,0.054684673256030394]
2006-09-01T00:00:00.000Z,9,222.0,1.77157,-71.34153,[0.29088786519098786,0.9543359577227409,0.06802300847543101]
2006-09-01T00:00:00.000Z,9,164.0,2.27157,-71.34153,[0.29233779829147877,0.953178031977197,0.07739671211471717]
2006-09-01T00:00:00.000Z,9,189.0,2.77157,-71.34153,[0.30075326954323445,0.9499263645573103,0.08477837447124383]
2006-09-01T00:00:00.000Z,7,209.0,3.27157,-71.34153,[0.3049686749843442,0.9481544895189951,0.08942690469465732]
2006-09-01T00:00:00.000Z,7,171.0,3.77157,-71.34153,[0.30524669447920855,0.9479925643637307,0.0901917591612152]
2006-09-01T00:00:00.000Z,7,165.0,4.27157,-71.34153,[0.31147023244326016,0.9460327209284096,0.08948958170944415]
2006-09-01T00:00:00.000Z,5,131.0,4.77157,-71.34153,[0.3203387938878211,0.9433506393534731,0.08644436570355173]
2006-09-01T00:00:00.000Z,5,146.0,5.27157,-71.34153,[0.326990102664154,0.9415882883285311,0.08055413113076787]
2006-09-01T00:00:00.000Z,5,151.0,5.77157,-71.34153,[0.33576300227419076,0.9394091218862739,0.0690920257387324]
2006-09-01T00:00:00.000Z,4,157.0,6.27157,-71.34153,[0.340688546935742,0.9390304394035328,0.046402024313828664]
2006-09-01T00:00:00.000Z,4,154.0,6.77157,-71.34153,[0.34856458919794653,0.9369218390497995,0.02608054195771869]
2006-09-01T00:00:00.000Z,2,97.0,-2.22843,-70.84153,[0.29862544495977017,0.9540355975681047,0.025276910322437472]
2006-09-01T00:00:00.000Z,2,137.0,-1.72843,-70.84153,[0.30060789496822,0.9536138091313946,0.015987386174339792]
2006-09-01T00:00:00.000Z,2,114.0,-1.22843,-70.84153,[0.29533652709180264,0.9553689171833314,0.006824063694166652]
2006-09-01T00:00:00.000Z,2,155.0,-0.72843,-70.84153,[0.2989166475888214,0.954277297585445,0.0019175784939660244]
2006-09-01T00:00:00.000Z,2,183.0,-0.22843,-70.84153,[0.2955699014399048,0.9552639400149013,0.01045171134369245]
2006-09-01T00:00:00.000Z,2,193.0,0.27157,-70.84153,[0.29386489351481515,0.9556217147886354,0.020750002022992674]
2006-09-01T00:00:00.000Z,0,250.0,0.77157,-70.84153,[0.29306291772847354,0.9555423102947546,0.032450261771466996]
2006-09-01T00:00:00.000Z,0,316.0,1.27157,-70.84153,[0.29288992844045714,0.9549782724246321,0.04724393098598944]
2006-09-01T00:00:00.000Z,0,186.0,1.77157,-70.84153,[0.2933248621863843,0.9538655823770971,0.06403886304221824]
2006-09-01T00:00:00.000Z,9,191.0,2.27157,-70.84153,[0.29565538907451994,0.9521677359167999,0.07723013395216546]
2006-09-01T00:00:00.000Z,9,160.0,2.77157,-70.84153,[0.30238638562432835,0.949220421038775,0.08685082654773942]
2006-09-01T00:00:00.000Z,7,240.0,3.27157,-70.84153,[0.3093511408852445,0.9464534905150789,0.09234534056908972]
2006-09-01T00:00:00.000Z,7,186.0,3.77157,-70.84153,[0.30931123630869145,0.9464000513922648,0.09302420017343481]
2006-09-01T00:00:00.000Z,7,176.0,4.27157,-70.84153,[0.3110831210720937,0.9459702343381883,0.09147462779480525]
2006-09-01T00:00:00.000Z,7,146.0,4.77157,-70.84153,[0.3153903208616396,0.9450114393464569,0.0865004335892585]
2006-09-01T00:00:00.000Z,5,123.0,5.27157,-70.84153,[0.32084906352252207,0.9438796086898923,0.07840384388623084]
2006-09-01T00:00:00.000Z,5,120.0,5.77157,-70.84153,[0.3268248057568053,0.9428542957444526,0.06489470963228651]
2006-09-01T00:00:00.000Z,4,126.0,6.27157,-70.84153,[0.33151978371295676,0.9424633851268341,0.043097571882684385]
2006-09-01T00:00:00.000Z,4,122.0,6.77157,-70.84153,[0.3371511093492606,0.9411638741551798,0.023231260184843044]
2006-09-01T00:00:00.000Z,0,97.0,-3.72843,-70.34153,[0.29150874158437184,0.9556226415848581,0.04252082396042717]
2006-09-01T00:00:00.000Z,2,132.0,-2.22843,-70.34153,[0.29768531727332376,0.9543768973257121,0.023413451920373782]
2006-09-01T00:00:00.000Z,2,129.0,-1.72843,-70.34153,[0.29869659580155933,0.954262907186255,0.012753337798268824]
2006-09-01T00:00:00.000Z,2,144.0,-1.22843,-70.34153,[0.2943892568828357,0.9556499740476901,0.008251820079291606]
2006-09-01T00:00:00.000Z,2,134.0,-0.72843,-70.34153,[0.297954505300925,0.954578773586737,0.0015740992732879058]
2006-09-01T00:00:00.000Z,2,170.0,-0.22843,-70.34153,[0.2962896978973806,0.9550853519343593,0.00493816163162301]
2006-09-01T00:00:00.000Z,2,177.0,0.27157,-70.34153,[0.29890075113701425,0.9542265489128832,0.01048972447386503]
2006-09-01T00:00:00.000Z,2,190.0,0.77157,-70.34153,[0.29815374985895965,0.9543178736015944,0.019538105577878797]
2006-09-01T00:00:00.000Z,0,195.0,1.27157,-70.34153,[0.29538048907169906,0.9546517707640463,0.03728757504631334]
2006-09-01T00:00:00.000Z,0,216.0,1.77157,-70.34153,[0.29513883194102203,0.9538707496192728,0.054987843213346314]
2006-09-01T00:00:00.000Z,9,168.0,2.27157,-70.34153,[0.29743202097480276,0.9520077944079861,0.07221739600183658]
2006-09-01T00:00:00.000Z,9,193.0,2.77157,-70.34153,[0.30477533294546433,0.9484426405840196,0.08699743645644784]
2006-09-01T00:00:00.000Z,7,177.0,3.27157,-70.34153,[0.31237512375655085,0.9451644369545639,0.09532035026394751]
2006-09-01T00:00:00.000Z,7,174.0,3.77157,-70.34153,[0.3072281104189572,0.9468107938190169,0.09570898012308036]
2006-09-01T00:00:00.000Z,7,118.0,4.27157,-70.34153,[0.3079724077109839,0.946729994074506,0.09410268013391174]
2006-09-01T00:00:00.000Z,7,116.0,4.77157,-70.34153,[0.30817244238349345,0.9472606808319189,0.08790306197876031]
2006-09-01T00:00:00.000Z,5,124.0,5.27157,-70.34153,[0.3162831482350181,0.9454115843981519,0.07849781034093745]
2006-09-01T00:00:00.000Z,5,105.0,5.77157,-70.34153,[0.3190425928796423,0.9456514263770693,0.06289041039497985]
2006-09-01T00:00:00.000Z,4,104.0,6.27157,-70.34153,[0.3211107203439337,0.9460681438090089,0.04292985616067643]
2006-09-01T00:00:00.000Z,4,109.0,6.77157,-70.34153,[0.3240910063542683,0.9456512578265616,0.026621761236243466]
2006-09-01T00:00:00.000Z,0,140.0,-3.72843,-69.84153,[0.29639137504874535,0.9541818988558121,0.04109813490452863]
2006-09-01T00:00:00.000Z,0,128.0,-3.22843,-69.84153,[0.29576419565462436,0.9546120494076494,0.035204768064860135]
2006-09-01T00:00:00.000Z,2,61.0,-2.72843,-69.84153,[0.29770585191170235,0.954213905940867,0.02910407955256195]
2006-09-01T00:00:00.000Z,2,111.0,-2.22843,-69.84153,[0.29510897459496227,0.9552211546100092,0.021522985365196493]
2006-09-01T00:00:00.000Z,2,145.0,-1.72843,-69.84153,[0.2935203155216175,0.9558793671515317,0.011851575004080406]
2006-09-01T00:00:00.000Z,2,68.0,-1.22843,-69.84153,[0.295408023140746,0.9553383993646013,0.007914705525657723]
2006-09-01T00:00:00.000Z,2,122.0,-0.72843,-69.84153,[0.2954163050881825,0.9553651828700847,0.002563990572463471]
2006-09-01T00:00:00.000Z,2,188.0,0.77157,-69.84153,[0.29957993671701655,0.9539255879673422,0.016668357381247535]
2006-09-01T00:00:00.000Z,0,195.0,1.77157,-69.84153,[0.2986751279324102,0.9535062574747887,0.04023661157429073]
2006-09-01T00:00:00.000Z,0,182.0,2.27157,-69.84153,[0.3061114108358783,0.9501971302898081,0.05849117664298938]
2006-09-01T00:00:00.000Z,9,180.0,2.77157,-69.84153,[0.3066999761919933,0.9484980745196829,0.079287623474819]
2006-09-01T00:00:00.000Z,7,198.0,3.27157,-69.84153,[0.3053236405316896,0.9476341139465032,0.0936325830963848]
2006-09-01T00:00:00.000Z,7,149.0,3.77157,-69.84153,[0.3068928303027321,0.9467247458785387,0.09761683384537086]
2006-09-01T00:00:00.000Z,7,188.0,4.27157,-69.84153,[0.30331142239883685,0.9481290389059939,0.09514991658215365]
2006-09-01T00:00:00.000Z,7,143.0,4.77157,-69.84153,[0.3034570055236933,0.9484431132050488,0.09148500867633115]
2006-09-01T00:00:00.000Z,9,100.0,5.27157,-69.84153,[0.3043444319152615,0.948838523029933,0.08414228411774878]
2006-09-01T00:00:00.000Z,5,112.0,5.77157,-69.84153,[0.30741839367500173,0.9491823395950783,0.06743009291922483]
2006-09-01T00:00:00.000Z,0,98.0,6.27157,-69.84153,[0.31388323257692385,0.9484241559878275,0.044372701583716215]
2006-09-01T00:00:00.000Z,2,169.0,0.77157,-69.34153,[0.30061261053664545,0.9536287682566993,0.014974336030477096]
2006-09-01T00:00:00.000Z,0,182.0,1.77157,-69.34153,[0.30313274191682404,0.9523797339327085,0.03291478652902829]
2006-09-01T00:00:00.000Z,0,167.0,2.27157,-69.34153,[0.3053663713925127,0.9511596975596414,0.0452394624285204]
2006-09-01T00:00:00.000Z,9,128.0,2.77157,-69.34153,[0.3056444118806073,0.9496405712305215,0.06902375648373862]
2006-09-01T00:00:00.000Z,7,182.0,3.27157,-69.34153,[0.30347867533036516,0.9485108413461966,0.09070764834597629]
2006-09-01T00:00:00.000Z,7,123.0,3.77157,-69.34153,[0.3059035538715015,0.9469514424992803,0.09851893867332179]
2006-09-01T00:00:00.000Z,7,172.0,4.27157,-69.34153,[0.3030402837284226,0.9481150053414987,0.09614844296236351]
2006-09-01T00:00:00.000Z,7,142.0,4.77157,-69.34153,[0.3057005366692921,0.9473357290191248,0.09540544221327356]
2006-09-01T00:00:00.000Z,7,117.0,5.27157,-69.34153,[0.3078100777581258,0.9470215166062046,0.09166898666081412]
2006-09-01T00:00:00.000Z,5,83.0,5.77157,-69.34153,[0.3125965344939539,0.9468176622398099,0.07628709650466167]
2006-09-01T00:00:00.000Z,2,139.0,1.77157,-68.84153,[0.30288070828489366,0.9525541978030485,0.030062880710805432]
2006-09-01T00:00:00.000Z,0,178.0,2.27157,-68.84153,[0.30444547988606546,0.951674018606812,0.04036721548118942]
2006-09-01T00:00:00.000Z,0,155.0,2.77157,-68.84153,[0.3031663897621599,0.9508908903979186,0.062423190216710424]
2006-09-01T00:00:00.000Z,7,154.0,3.27157,-68.84153,[0.30698289456984457,0.9478376963725857,0.08582076541624123]
2006-09-01T00:00:00.000Z,7,118.0,3.77157,-68.84153,[0.3099658755128,0.9456205332673102,0.09860508648559362]
2006-09-01T00:00:00.000Z,7,168.0,4.27157,-68.84153,[0.311970090347323,0.944920237550195,0.09899700700913246]
2006-09-01T00:00:00.000Z,7,130.0,4.77157,-68.84153,[0.31535031965519444,0.9437822516299346,0.0991425105678561]
2006-09-01T00:00:00.000Z,7,118.0,5.27157,-68.84153,[0.31815214829469546,0.9430121230029823,0.09750562242700739]
2006-09-01T00:00:00.000Z,5,76.0,5.77157,-68.84153,[0.3275019864801161,0.9408449293580718,0.08690953775497072]
2006-09-01T00:00:00.000Z,2,140.0,1.77157,-68.34153,[0.30193055104847044,0.9529332261715667,0.02749925093192389]
2006-09-01T00:00:00.000Z,0,115.0,2.27157,-68.34153,[0.29921900712854804,0.9534814630141045,0.03662083370827005]
2006-09-01T00:00:00.000Z,0,126.0,2.77157,-68.34153,[0.30402321534166205,0.9511902803520382,0.052980516202922]
2006-09-01T00:00:00.000Z,9,132.0,3.27157,-68.34153,[0.3062916517520921,0.9490569793340374,0.07400185162769526]
2006-09-01T00:00:00.000Z,7,110.0,3.77157,-68.34153,[0.3171827034411733,0.9435901213482933,0.09504112547556304]
2006-09-01T00:00:00.000Z,7,121.0,4.27157,-68.34153,[0.32423920681115037,0.9405236566365993,0.10141098596008322]
2006-09-01T00:00:00.000Z,10,109.0,4.77157,-68.34153,[0.33342907580874637,0.9371111920098449,0.10318752451344361]
2006-09-01T00:00:00.000Z,10,89.0,5.27157,-68.34153,[0.33541581363722084,0.9365659866701271,0.10168768152874899]
2006-09-01T00:00:00.000Z,10,65.0,5.77157,-68.34153,[0.33917099953557034,0.9356850301872902,0.097244832034674]
2006-09-01T00:00:00.000Z,2,136.0,2.27157,-67.84153,[0.30624463203651364,0.9513849782016692,0.032876261968625725]
2006-09-01T00:00:00.000Z,0,120.0,2.77157,-67.84153,[0.3061351961011744,0.9509254442996186,0.04496711122218715]
2006-09-01T00:00:00.000Z,5,103.0,3.27157,-67.84153,[0.3161103467199274,0.9460568650035237,0.0710679736330772]
2006-09-01T00:00:00.000Z,7,95.0,3.77157,-67.84153,[0.32449032128796457,0.941137408717762,0.09469112578509997]
2006-09-01T00:00:00.000Z,7,110.0,4.27157,-67.84153,[0.328192690662283,0.9390281967703756,0.10254561651298379]
2006-09-01T00:00:00.000Z,10,101.0,4.77157,-67.84153,[0.3420384702724874,0.93370501709472,0.10585190553695926]
2006-09-01T00:00:00.000Z,10,80.0,5.77157,-67.84153,[0.34781181005288136,0.9319417488873372,0.10252571125600615]
2006-09-01T00:00:00.000Z,5,54.0,6.27157,-67.84153,[0.3383752999434411,0.9370392921510677,0.08636852061493427]
2006-09-01T00:00:00.000Z,2,114.0,2.27157,-67.34153,[0.3133750549016755,0.9492084996297125,0.02827187995308594]
