2007-04-01T00:00:00.000Z,8,10.0,1.77157,-78.84153,[0.28162639482810453,0.9594945777283096,0.007531868698891166]
2007-04-01T00:00:00.000Z,2,235.0,1.27157,-78.34153,[0.28888122867786553,0.9573389555022287,0.007054076514226949]
2007-04-01T00:00:00.000Z,2,57.0,1.77157,-78.34153,[0.286935476598806,0.9579230526452447,0.00717338691497015]
2007-04-01T00:00:00.000Z,8,1772.0,1.27157,-77.84153,[0.2575892492629025,0.9662360680505442,0.0059698795966509595]
2007-04-01T00:00:00.000Z,2,528.0,1.77157,-77.84153,[0.28805627968555947,0.9575924973330762,0.006339462525898413]
2007-04-01T00:00:00.000Z,2,116.0,2.27157,-77.84153,[0.2875432933307742,0.9577487640979399,0.0060132627882861535]
2007-04-01T00:00:00.000Z,8,167.0,7.27157,-77.84153,[0.27100806120922527,0.962024631623186,0.03260734441640877]
2007-04-01T00:00:00.000Z,11,2201.0,0.77157,-77.34153,[0.1724849544199041,0.985008418951402,0.002712027585218618]
2007-04-01T00:00:00.000Z,1,2447.0,1.27157,-77.34153,[0.2178608660181275,0.975972667465046,0.003741045174048654]
2007-04-01T00:00:00.000Z,1,1706.0,1.77157,-77.34153,[0.20083716468016216,0.9796153192112166,0.004273131163407706]
2007-04-01T00:00:00.000Z,8,2096.0,2.27157,-77.34153,[0.2672401677720055,0.9636170364890986,0.0049899616388963675]
2007-04-01T00:00:00.000Z,2,57.0,2.77157,-77.34153,[0.28622854627812494,0.9581472958422175,0.005194108754854004]
2007-04-01T00:00:00.000Z,8,74.0,3.27157,-77.34153,[0.2815751187563984,0.9595213662237267,0.005848098620325198]
2007-04-01T00:00:00.000Z,8,28.0,4.27157,-77.34153,[0.2756761628814176,0.9611697633030268,0.012463520007665622]
2007-04-01T00:00:00.000Z,8,14.0,5.27157,-77.34153,[0.26655630420825627,0.9637839705098521,0.008258018836255782]
2007-04-01T00:00:00.000Z,8,499.0,6.27157,-77.34153,[0.28227414555921326,0.9592994908468282,0.008111326021816473]
2007-04-01T00:00:00.000Z,2,695.0,6.77157,-77.34153,[0.296822622299252,0.9547055985893851,0.020821885444872897]
2007-04-01T00:00:00.000Z,0,345.0,7.27157,-77.34153,[0.2982931931203751,0.9538703974035875,0.033947546231982983]
2007-04-01T00:00:00.000Z,8,279.0,0.27157,-76.84153,[0.26603583891931154,0.963962495833154,0.0011131206649343582]
2007-04-01T00:00:00.000Z,1,485.0,0.77157,-76.84153,[0.18760701120095913,0.9822413057705389,0.002372042670356955]
2007-04-01T00:00:00.000Z,11,3335.0,1.27157,-76.84153,[0.15157543774810397,0.9884426433432696,0.0024550951184552057]
2007-04-01T00:00:00.000Z,11,2008.0,1.77157,-76.84153,[0.156618722330908,0.9876568408214403,0.0021308669704885445]
2007-04-01T00:00:00.000Z,1,1013.0,2.27157,-76.84153,[0.19529001376512706,0.9807421570402536,0.002575252928770906]
2007-04-01T00:00:00.000Z,1,2856.0,2.77157,-76.84153,[0.236265176153005,0.97168213291095,0.0035495237731906853]
2007-04-01T00:00:00.000Z,8,1911.0,3.27157,-76.84153,[0.25123195941295773,0.9679159864883149,0.00459844211425503]
2007-04-01T00:00:00.000Z,8,794.0,3.77157,-76.84153,[0.2723764825154485,0.96217546059319,0.005425385220836168]
2007-04-01T00:00:00.000Z,2,70.0,4.27157,-76.84153,[0.2844213515173361,0.958686640442604,0.00494168371362167]
2007-04-01T00:00:00.000Z,2,24.0,4.77157,-76.84153,[0.2847448902334993,0.9585686762822382,0.008151094186073453]
2007-04-01T00:00:00.000Z,8,133.0,5.27157,-76.84153,[0.2823934322565028,0.9592753996499522,0.0066825926717187685]
2007-04-01T00:00:00.000Z,8,76.0,5.77157,-76.84153,[0.27813602095047574,0.9605395142126895,0.0020482885263794727]
2007-04-01T00:00:00.000Z,8,38.0,6.27157,-76.84153,[0.2777337429222943,0.9606320049312297,0.007079487564685933]
2007-04-01T00:00:00.000Z,2,20.0,6.77157,-76.84153,[0.30037706103517026,0.9536134205354477,0.019876251622401604]
2007-04-01T00:00:00.000Z,0,15.0,7.27157,-76.84153,[0.3045123274384269,0.9518829791038234,0.034511397109688376]
2007-04-01T00:00:00.000Z,5,8.0,7.77157,-76.84153,[0.3220738043795663,0.9454424580174368,0.04906142181409164]
2007-04-01T00:00:00.000Z,8,294.0,0.77157,-76.34153,[0.24871723885120492,0.9685728596672474,0.0025200425081840145]
2007-04-01T00:00:00.000Z,11,1412.0,1.27157,-76.34153,[0.18000292804237797,0.9836630597139361,0.002435333732338055]
2007-04-01T00:00:00.000Z,11,2388.0,1.77157,-76.34153,[0.13308472863078236,0.9911025319170457,0.0020557803609633045]
2007-04-01T00:00:00.000Z,11,3852.0,2.27157,-76.34153,[0.14264049912478777,0.9897726236979549,0.0019599457895009007]
2007-04-01T00:00:00.000Z,1,2450.0,2.77157,-76.34153,[0.20180662990420456,0.9794202201329059,0.0031806479713162674]
2007-04-01T00:00:00.000Z,1,990.0,3.27157,-76.34153,[0.21409357348230354,0.9768019290130099,0.00468329691992539]
2007-04-01T00:00:00.000Z,1,962.0,3.77157,-76.34153,[0.23358065172429968,0.972321373206415,0.005588053869002385]
2007-04-01T00:00:00.000Z,1,1899.0,4.27157,-76.34153,[0.2043808440264356,0.9788766740213495,0.0053784432638535684]
2007-04-01T00:00:00.000Z,1,1358.0,4.77157,-76.34153,[0.23687697365651078,0.9715230716787769,0.005676314576100719]
2007-04-01T00:00:00.000Z,1,407.0,5.27157,-76.34153,[0.21930527648717718,0.9756410349088077,0.005455887366266359]
2007-04-01T00:00:00.000Z,1,480.0,5.77157,-76.34153,[0.21011392066812848,0.9776729369863937,0.002787225478250684]
2007-04-01T00:00:00.000Z,1,1095.0,6.27157,-76.34153,[0.2144291617689486,0.9767248318575609,0.005360729044223716]
2007-04-01T00:00:00.000Z,8,1485.0,6.77157,-76.34153,[0.24734361064886465,0.9687624750413865,0.0178998665601152]
2007-04-01T00:00:00.000Z,0,827.0,7.27157,-76.34153,[0.2870818484350375,0.9573118447814285,0.03373490981610168]
2007-04-01T00:00:00.000Z,0,201.0,7.77157,-76.34153,[0.30897213445535787,0.9498032281405446,0.049092239141240196]
2007-04-01T00:00:00.000Z,5,165.0,8.27157,-76.34153,[0.3173463318481539,0.9462899677935892,0.06185953859938652]
2007-04-01T00:00:00.000Z,5,99.0,8.77157,-76.34153,[0.34191211600741295,0.936646571316082,0.07608748497066374]
2007-04-01T00:00:00.000Z,2,267.0,0.27157,-75.84153,[0.28397457600763937,0.9588318036963822,1.1136257882652524E-4]
2007-04-01T00:00:00.000Z,8,241.0,0.77157,-75.84153,[0.2783806020610993,0.9604685314139919,0.0021072635215780423]
2007-04-01T00:00:00.000Z,1,250.0,1.27157,-75.84153,[0.22115363937390045,0.9752336097268587,0.0032363947225448847]
2007-04-01T00:00:00.000Z,1,1712.0,1.77157,-75.84153,[0.23126830706704374,0.9728835032868426,0.003557973954877596]
2007-04-01T00:00:00.000Z,1,1262.0,2.27157,-75.84153,[0.20162100637608887,0.979459424417175,0.002864560746326946]
2007-04-01T00:00:00.000Z,11,2705.0,2.77157,-75.84153,[0.1650930257002866,0.9862700236640499,0.0039665207473445485]
2007-04-01T00:00:00.000Z,11,1867.0,3.27157,-75.84153,[0.14755392347469798,0.9890389798122871,0.005453079780586664]
2007-04-01T00:00:00.000Z,11,3782.0,3.77157,-75.84153,[0.16836843373245197,0.9857012734336587,0.006713424889331946]
2007-04-01T00:00:00.000Z,1,2035.0,4.27157,-75.84153,[0.217509010330748,0.9760302798598033,0.007397514564548282]
2007-04-01T00:00:00.000Z,1,1185.0,4.77157,-75.84153,[0.2220435319364186,0.9750129347901154,0.006815197514880175]
2007-04-01T00:00:00.000Z,1,1530.0,5.27157,-75.84153,[0.2406525417510874,0.9705939006169448,0.005816720203462303]
2007-04-01T00:00:00.000Z,1,1704.0,5.77157,-75.84153,[0.22610799863669215,0.974091529480295,0.004567838356296812]
2007-04-01T00:00:00.000Z,1,488.0,6.27157,-75.84153,[0.19338285321607865,0.981117526486094,0.0033869313275132424]
2007-04-01T00:00:00.000Z,1,896.0,6.77157,-75.84153,[0.20685187912274125,0.9782370116846305,0.01626803841017392]
2007-04-01T00:00:00.000Z,8,2421.0,7.27157,-75.84153,[0.2658549408378222,0.963449517003182,0.032957224070804404]
2007-04-01T00:00:00.000Z,5,131.0,7.77157,-75.84153,[0.322098926569713,0.9453661635421541,0.050349760001691606]
2007-04-01T00:00:00.000Z,5,43.0,8.27157,-75.84153,[0.32572346033421273,0.9433138206094762,0.0637437309471255]
2007-04-01T00:00:00.000Z,5,10.0,8.77157,-75.84153,[0.33323322516865955,0.9398584977468178,0.07497747566294839]
2007-04-01T00:00:00.000Z,5,155.0,9.27157,-75.84153,[0.34848248493256034,0.9333481939102839,0.08614584505151054]
2007-04-01T00:00:00.000Z,2,228.0,0.27157,-75.34153,[0.2854109064987009,0.9584031607329916,0.00199898689376522]
2007-04-01T00:00:00.000Z,8,189.0,0.77157,-75.34153,[0.2796614138085333,0.9600974521300829,0.001541440863511601]
2007-04-01T00:00:00.000Z,8,244.0,1.27157,-75.34153,[0.2739855410445316,0.9617225266623843,0.004658863450959646]
2007-04-01T00:00:00.000Z,1,1357.0,1.77157,-75.34153,[0.2130130284329425,0.9770342477613027,0.005434005827370982]
2007-04-01T00:00:00.000Z,8,2437.0,2.27157,-75.34153,[0.24928414205114013,0.9684171970005122,0.005054609331912519]
2007-04-01T00:00:00.000Z,2,485.0,2.77157,-75.34153,[0.29239636553126974,0.956279916778497,0.00575205964979547]
2007-04-01T00:00:00.000Z,2,694.0,3.27157,-75.34153,[0.2904559812013076,0.9568650671026948,0.006675802793739731]
2007-04-01T00:00:00.000Z,1,442.0,3.77157,-75.34153,[0.23377868138422636,0.972257132859633,0.007974693336938564]
2007-04-01T00:00:00.000Z,11,2270.0,4.27157,-75.34153,[0.12782637977209046,0.9917563947834604,0.008925807553051146]
2007-04-01T00:00:00.000Z,11,4229.0,4.77157,-75.34153,[0.16114739804370515,0.9868961566467432,0.008215357547326144]
2007-04-01T00:00:00.000Z,11,3209.0,5.27157,-75.34153,[0.18094023613863022,0.9834634011299667,0.007769786610658826]
2007-04-01T00:00:00.000Z,1,1992.0,5.77157,-75.34153,[0.2019857199649541,0.979357788154399,0.0077518843878441835]
2007-04-01T00:00:00.000Z,1,2185.0,6.27157,-75.34153,[0.20812949719157234,0.9781007976826741,9.705520594425652E-4]
2007-04-01T00:00:00.000Z,8,2092.0,6.77157,-75.34153,[0.25344966372625694,0.9672245713997755,0.015488590561049035]
2007-04-01T00:00:00.000Z,4,869.0,7.27157,-75.34153,[0.3160334521217223,0.9481003563651668,0.03505098287168192]
2007-04-01T00:00:00.000Z,5,83.0,7.77157,-75.34153,[0.34031023324339627,0.9388278812204185,0.05283137886715663]
2007-04-01T00:00:00.000Z,5,30.0,8.27157,-75.34153,[0.3448220003613683,0.9362875148701041,0.0668092625700151]
2007-04-01T00:00:00.000Z,5,74.0,8.77157,-75.34153,[0.3466097224843082,0.9347593212643017,0.07801738004350631]
2007-04-01T00:00:00.000Z,5,180.0,9.27157,-75.34153,[0.3325211071549221,0.9393721277126549,0.0837240644800786]
2007-04-01T00:00:00.000Z,5,136.0,9.77157,-75.34153,[0.3369555945444345,0.9373060552468425,0.08898475208039644]
2007-04-01T00:00:00.000Z,7,79.0,10.27157,-75.34153,[0.3228841331755635,0.9420347111287052,0.09119451503309824]
2007-04-01T00:00:00.000Z,2,205.0,0.27157,-74.84153,[0.28450065109521,0.9586675636126532,0.00398522312818193]
2007-04-01T00:00:00.000Z,8,239.0,0.77157,-74.84153,[0.28127032576976657,0.9596281702733211,8.824167082973068E-4]
2007-04-01T00:00:00.000Z,2,226.0,1.27157,-74.84153,[0.28469169055506727,0.9586103017908905,0.004114684590053706]
2007-04-01T00:00:00.000Z,8,258.0,1.77157,-74.84153,[0.2808180964847235,0.9597437755361433,0.005751695952096746]
2007-04-01T00:00:00.000Z,1,576.0,2.27157,-74.84153,[0.2063347671404362,0.9784611852291211,0.006298640260076473]
2007-04-01T00:00:00.000Z,1,1998.0,2.77157,-74.84153,[0.2204250283824611,0.9753807505923905,0.006722963365665064]
2007-04-01T00:00:00.000Z,1,2106.0,3.27157,-74.84153,[0.22390515921229506,0.974582359663178,0.007463505307076502]
2007-04-01T00:00:00.000Z,2,361.0,3.77157,-74.84153,[0.2958720444336015,0.9551774662817056,0.0097847447765443]
2007-04-01T00:00:00.000Z,8,289.0,4.27157,-74.84153,[0.2798515975171386,0.9599827341059223,0.010781168101070094]
2007-04-01T00:00:00.000Z,2,277.0,4.77157,-74.84153,[0.28837658164246666,0.9574558441884269,0.010828369666416732]
2007-04-01T00:00:00.000Z,2,325.0,5.27157,-74.84153,[0.302809193542408,0.9529919525070502,0.010626888679035452]
2007-04-01T00:00:00.000Z,8,379.0,5.77157,-74.84153,[0.27804292184574353,0.9605119118307505,0.010440346867725547]
2007-04-01T00:00:00.000Z,8,978.0,6.27157,-74.84153,[0.25739562688332507,0.9663060825911496,2.1449635573610426E-4]
2007-04-01T00:00:00.000Z,8,1143.0,6.77157,-74.84153,[0.280341339165937,0.9597568199680903,0.016600604789826074]
2007-04-01T00:00:00.000Z,0,322.0,7.27157,-74.84153,[0.3105487974251004,0.9498470543954535,0.03674258665505766]
2007-04-01T00:00:00.000Z,5,55.0,7.77157,-74.84153,[0.3488496029412656,0.9354963400674078,0.056129780404044476]
2007-04-01T00:00:00.000Z,5,27.0,8.27157,-74.84153,[0.35964302988345687,0.9304075653640284,0.07070115536275466]
2007-04-01T00:00:00.000Z,3,14.0,8.77157,-74.84153,[0.36928423608495314,0.9257057539697136,0.08184137124044906]
2007-04-01T00:00:00.000Z,10,48.0,9.27157,-74.84153,[0.361249040884023,0.9283977057531375,0.08704499073860758]
2007-04-01T00:00:00.000Z,10,15.0,9.77157,-74.84153,[0.34432171702696196,0.9345875176446111,0.08937967915856679]
2007-04-01T00:00:00.000Z,10,5.0,10.27157,-74.84153,[0.3404616164639655,0.9356742326597092,0.09273412560329689]
2007-04-01T00:00:00.000Z,2,171.0,-0.72843,-74.34153,[0.2998587151776529,0.9538901769613636,0.01335219939281624]
2007-04-01T00:00:00.000Z,2,219.0,-0.22843,-74.34153,[0.2880506661274041,0.9575738360451541,0.008897317872661131]
2007-04-01T00:00:00.000Z,2,201.0,0.27157,-74.34153,[0.28612389930304216,0.9581823604566992,0.004436029446558793]
2007-04-01T00:00:00.000Z,2,242.0,0.77157,-74.34153,[0.2835997956247356,0.9589424996027052,6.6210069017448E-4]
2007-04-01T00:00:00.000Z,2,251.0,1.27157,-74.34153,[0.2852154273495208,0.958456494232692,0.0036481043033078243]
2007-04-01T00:00:00.000Z,2,298.0,1.77157,-74.34153,[0.2917857503016647,0.95647143631704,0.004844319406552735]
2007-04-01T00:00:00.000Z,2,313.0,2.27157,-74.34153,[0.29078982211309806,0.9567555323642717,0.007754395256349282]
2007-04-01T00:00:00.000Z,8,364.0,2.77157,-74.34153,[0.25245907760950087,0.9675744384152677,0.008007512593781525]
2007-04-01T00:00:00.000Z,11,899.0,3.27157,-74.34153,[0.14261519000362913,0.9897279727319523,0.009972340353637223]
2007-04-01T00:00:00.000Z,11,3444.0,3.77157,-74.34153,[0.140802649177605,0.9899845178611452,0.010260038002089045]
2007-04-01T00:00:00.000Z,11,2263.0,4.27157,-74.34153,[0.162182854105446,0.9866995575576489,0.010986580439401181]
2007-04-01T00:00:00.000Z,1,2655.0,4.77157,-74.34153,[0.19610322482528378,0.9805161241264189,0.01147412485679852]
2007-04-01T00:00:00.000Z,8,1104.0,5.27157,-74.34153,[0.26802192918903667,0.9633411143392835,0.011753420665256937]
2007-04-01T00:00:00.000Z,2,744.0,5.77157,-74.34153,[0.2994575404273843,0.9540338741496965,0.012022830619389408]
2007-04-01T00:00:00.000Z,2,119.0,6.27157,-74.34153,[0.3125154704065667,0.9499121312717586,0.0010117407315320506]
2007-04-01T00:00:00.000Z,8,97.0,6.77157,-74.34153,[0.27281590812186,0.9619206322224944,0.016738505916640015]
2007-04-01T00:00:00.000Z,0,575.0,7.27157,-74.34153,[0.27176998503988503,0.9616476393719009,0.03707954856617055]
2007-04-01T00:00:00.000Z,5,1234.0,7.77157,-74.34153,[0.32426935781678656,0.944196071290055,0.05782008769894907]
2007-04-01T00:00:00.000Z,5,715.0,8.27157,-74.34153,[0.3599177386855628,0.9300966992836537,0.07334406152595832]
2007-04-01T00:00:00.000Z,3,14.0,8.77157,-74.34153,[0.37792579344817534,0.9219867511302802,0.08433578947752907]
2007-04-01T00:00:00.000Z,10,37.0,9.27157,-74.34153,[0.36367680604342795,0.9273133679870224,0.0884821919858237]
2007-04-01T00:00:00.000Z,10,95.0,9.77157,-74.34153,[0.35009184995755566,0.9323626698522403,0.09019727523212025]
2007-04-01T00:00:00.000Z,5,119.0,10.27157,-74.34153,[0.33506384337970246,0.9377051729919588,0.09187616341436364]
2007-04-01T00:00:00.000Z,7,5.0,10.77157,-74.34153,[0.3111931234065009,0.9455945487294064,0.09491991022823774]
2007-04-01T00:00:00.000Z,2,156.0,-1.22843,-73.84153,[0.30060950109448475,0.9536189042210809,0.01564970810941325]
2007-04-01T00:00:00.000Z,2,195.0,-0.72843,-73.84153,[0.29367289471024066,0.9558326915283878,0.011836245946496392]
2007-04-01T00:00:00.000Z,8,174.0,-0.22843,-73.84153,[0.28020192623119594,0.9599105050967143,0.007661771420384263]
2007-04-01T00:00:00.000Z,8,241.0,0.27157,-73.84153,[0.2802083229497598,0.9599324188552316,0.003612060413024247]
2007-04-01T00:00:00.000Z,8,232.0,0.77157,-73.84153,[0.2809230685240139,0.9597293936345689,0.0013117030436918936]
2007-04-01T00:00:00.000Z,8,267.0,1.27157,-73.84153,[0.2834114070228065,0.958985109809729,0.005053071598081047]
2007-04-01T00:00:00.000Z,8,265.0,1.77157,-73.84153,[0.2682524441922084,0.9633195060667565,0.007493691760834972]
2007-04-01T00:00:00.000Z,8,554.0,2.27157,-73.84153,[0.2500960404586046,0.9681829549084178,0.008586988513600157]
2007-04-01T00:00:00.000Z,8,995.0,2.77157,-73.84153,[0.283718086050734,0.9588101327010972,0.013681267390588754]
2007-04-01T00:00:00.000Z,8,363.0,3.27157,-73.84153,[0.26600135825145294,0.9638375575136328,0.016138157718184384]
2007-04-01T00:00:00.000Z,1,545.0,3.77157,-73.84153,[0.2011032136555498,0.9794270027224343,0.01674048373132685]
2007-04-01T00:00:00.000Z,11,1499.0,4.27157,-73.84153,[0.15161781576009903,0.9882825509034192,0.01759652022325237]
2007-04-01T00:00:00.000Z,11,3610.0,4.77157,-73.84153,[0.13881763648833498,0.9901601727644517,0.017677558396561405]
2007-04-01T00:00:00.000Z,11,2585.0,5.27157,-73.84153,[0.16556611103214666,0.9860614587420886,0.016451822425346218]
2007-04-01T00:00:00.000Z,8,2622.0,5.77157,-73.84153,[0.2468662114513595,0.9689770678553362,0.011853928215065281]
2007-04-01T00:00:00.000Z,2,616.0,6.27157,-73.84153,[0.3039958287943062,0.9526709430245358,0.0021471824338631295]
2007-04-01T00:00:00.000Z,4,101.0,6.77157,-73.84153,[0.33226921834713496,0.9429894013654605,0.019187377397510613]
2007-04-01T00:00:00.000Z,4,89.0,7.27157,-73.84153,[0.3405149807972738,0.9393927267449267,0.03988549600247788]
2007-04-01T00:00:00.000Z,5,59.0,7.77157,-73.84153,[0.3490177170571309,0.9351729073760757,0.06031804448095364]
2007-04-01T00:00:00.000Z,5,38.0,8.27157,-73.84153,[0.3632176944161245,0.9286390537649368,0.07551433165696059]
2007-04-01T00:00:00.000Z,3,29.0,8.77157,-73.84153,[0.37773542399181015,0.9219305263528925,0.08579075731339417]
2007-04-01T00:00:00.000Z,3,52.0,9.27157,-73.84153,[0.3791637693735667,0.9208262970500907,0.09117985882554819]
2007-04-01T00:00:00.000Z,7,46.0,9.77157,-73.84153,[0.3186113776030051,0.9436733932058471,0.0892598286872541]
2007-04-01T00:00:00.000Z,11,931.0,10.27157,-73.84153,[0.15336464837625013,0.9844657208269585,0.08547823784499824]
2007-04-01T00:00:00.000Z,9,2665.0,10.77157,-73.84153,[0.3008672869662126,0.9494294542007722,0.08979191015684244]
2007-04-01T00:00:00.000Z,2,139.0,-1.72843,-73.34153,[0.2951260697733301,0.9552764890031473,0.018639541248841898]
2007-04-01T00:00:00.000Z,2,199.0,-1.22843,-73.34153,[0.29187795219321655,0.9563425327542892,0.014704457440037047]
2007-04-01T00:00:00.000Z,2,223.0,-0.72843,-73.34153,[0.290881126928744,0.9567002843854128,0.010617714138843888]
2007-04-01T00:00:00.000Z,2,171.0,-0.22843,-73.34153,[0.2844188545508154,0.9586782240264936,0.006479039543821664]
2007-04-01T00:00:00.000Z,8,209.0,0.27157,-73.34153,[0.28252134280981317,0.9592585127961096,0.0021900879287582416]
2007-04-01T00:00:00.000Z,8,237.0,0.77157,-73.34153,[0.2734354830845342,0.9618876677677288,0.002269622586867675]
2007-04-01T00:00:00.000Z,8,249.0,1.27157,-73.34153,[0.2744305081458241,0.9615872135818245,0.0061584799072094375]
2007-04-01T00:00:00.000Z,8,294.0,1.77157,-73.34153,[0.28262500641517413,0.9591790758260157,0.009930067792965578]
2007-04-01T00:00:00.000Z,2,229.0,2.27157,-73.34153,[0.2928170549358644,0.9560920505860422,0.012089795071215615]
2007-04-01T00:00:00.000Z,2,267.0,2.77157,-73.34153,[0.29697021333972595,0.9547872519450812,0.013783900468221241]
2007-04-01T00:00:00.000Z,2,234.0,3.27157,-73.34153,[0.30348828982818304,0.9526794060395971,0.017228094648141217]
2007-04-01T00:00:00.000Z,2,256.0,3.77157,-73.34153,[0.3081696792849105,0.9511552883192161,0.018304815536472126]
2007-04-01T00:00:00.000Z,1,300.0,4.27157,-73.34153,[0.23753294590547389,0.9712211573237836,0.017537479183675177]
2007-04-01T00:00:00.000Z,11,1229.0,4.77157,-73.34153,[0.17576449161583543,0.9842811530486785,0.017246890739803854]
2007-04-01T00:00:00.000Z,11,2684.0,5.27157,-73.34153,[0.14998727951085342,0.9885525240488066,0.01636224867391128]
2007-04-01T00:00:00.000Z,1,3515.0,5.77157,-73.34153,[0.21894087252488348,0.9756903498673013,0.009655853865199989]
2007-04-01T00:00:00.000Z,1,1301.0,6.27157,-73.34153,[0.2281077292363041,0.9736305516183711,0.003226889828220887]
2007-04-01T00:00:00.000Z,8,1945.0,6.77157,-73.34153,[0.28312907803269205,0.9589855868849246,0.013585629147536433]
2007-04-01T00:00:00.000Z,1,351.0,7.27157,-73.34153,[0.24030487476130283,0.9701196795919262,0.033486929307014884]
2007-04-01T00:00:00.000Z,6,325.0,7.77157,-73.34153,[0.25078230864102913,0.9661475116308772,0.06055757130317939]
2007-04-01T00:00:00.000Z,9,1339.0,8.27157,-73.34153,[0.275404068379935,0.9586405444033481,0.07183944421995751]
2007-04-01T00:00:00.000Z,9,1230.0,8.77157,-73.34153,[0.29886139828745656,0.950813077616142,0.08146383275900025]
2007-04-01T00:00:00.000Z,5,809.0,9.27157,-73.34153,[0.3254238189773723,0.9414933388734664,0.08769054053359726]
2007-04-01T00:00:00.000Z,7,74.0,9.77157,-73.34153,[0.31753928165517536,0.9440024380989128,0.08960023141277816]
2007-04-01T00:00:00.000Z,6,99.0,10.27157,-73.34153,[0.25406742649898234,0.963386893240485,0.08564716413653477]
2007-04-01T00:00:00.000Z,7,1426.0,10.77157,-73.34153,[0.31853698715165485,0.9435906977888643,0.09039238276907337]
2007-04-01T00:00:00.000Z,2,146.0,-2.22843,-72.84153,[0.2897903685406775,0.9568549904645013,0.021214842074298655]
2007-04-01T00:00:00.000Z,2,165.0,-1.72843,-72.84153,[0.29234087864079034,0.9561524978101036,0.017584413752829493]
2007-04-01T00:00:00.000Z,2,168.0,-1.22843,-72.84153,[0.29421273111520463,0.9556383446749505,0.013936392526509692]
2007-04-01T00:00:00.000Z,2,178.0,-0.72843,-72.84153,[0.2874360397938931,0.9577544379391933,0.009325215031481263]
2007-04-01T00:00:00.000Z,2,191.0,-0.22843,-72.84153,[0.28835407044710526,0.9575116079732121,0.004842587442623142]
2007-04-01T00:00:00.000Z,8,247.0,0.27157,-72.84153,[0.27600746146614435,0.9611553952232792,4.329528807312069E-4]
2007-04-01T00:00:00.000Z,8,264.0,0.77157,-72.84153,[0.2717391683036684,0.9623648015813709,0.0034370171485048964]
2007-04-01T00:00:00.000Z,8,246.0,1.27157,-72.84153,[0.2724463806651561,0.9621433206954528,0.007293840112295518]
2007-04-01T00:00:00.000Z,8,259.0,1.77157,-72.84153,[0.27655101554104183,0.9609340734558379,0.011191169500493522]
2007-04-01T00:00:00.000Z,2,271.0,2.27157,-72.84153,[0.2923566973178535,0.9562042355884682,0.014178200734587632]
2007-04-01T00:00:00.000Z,2,193.0,2.77157,-72.84153,[0.2960789007338754,0.9550214166528761,0.016473562897975018]
2007-04-01T00:00:00.000Z,2,182.0,3.27157,-72.84153,[0.30688687745983456,0.9515783401832928,0.01786356450885604]
2007-04-01T00:00:00.000Z,2,203.0,3.77157,-72.84153,[0.30786385027987284,0.9512647059209555,0.01775694117719117]
2007-04-01T00:00:00.000Z,2,165.0,4.27157,-72.84153,[0.30848981713936896,0.951079926803262,0.016763220252101557]
2007-04-01T00:00:00.000Z,1,293.0,4.77157,-72.84153,[0.2261425774580755,0.9739804078639885,0.014889585545506952]
2007-04-01T00:00:00.000Z,11,1653.0,5.27157,-72.84153,[0.15546967936428904,0.9877584891941671,0.012741500038125943]
2007-04-01T00:00:00.000Z,11,2686.0,5.77157,-72.84153,[0.15670897925132712,0.9876310087699918,0.005223632641710904]
2007-04-01T00:00:00.000Z,11,2685.0,6.27157,-72.84153,[0.1747076280410221,0.9846105394894689,0.004396615805005854]
2007-04-01T00:00:00.000Z,11,1547.0,6.77157,-72.84153,[0.14850309092201713,0.9887830803890975,0.01596408227411684]
2007-04-01T00:00:00.000Z,1,3795.0,7.27157,-72.84153,[0.21476293055780726,0.9759907001265795,0.036318547942498294]
2007-04-01T00:00:00.000Z,0,1328.0,7.77157,-72.84153,[0.29972183815455805,0.9518509938267801,0.06439336366601833]
2007-04-01T00:00:00.000Z,5,973.0,8.27157,-72.84153,[0.347013080995677,0.934735940005961,0.07648950306454007]
2007-04-01T00:00:00.000Z,10,83.0,8.77157,-72.84153,[0.35858655539744705,0.9295762969188176,0.08546104665221387]
2007-04-01T00:00:00.000Z,5,223.0,10.77157,-72.84153,[0.32801667537554274,0.9403144694098893,0.09062979252968699]
2007-04-01T00:00:00.000Z,10,51.0,11.27157,-72.84153,[0.35891569730977924,0.9286629930392888,0.09361926929828507]
2007-04-01T00:00:00.000Z,2,149.0,-2.22843,-72.34153,[0.2898904739151621,0.9568565266823771,0.019725629991971555]
2007-04-01T00:00:00.000Z,2,147.0,-1.72843,-72.34153,[0.2908189460054039,0.9566412697546182,0.016180903762706682]
2007-04-01T00:00:00.000Z,2,145.0,-1.22843,-72.34153,[0.2917498177292954,0.956412936315585,0.012503563616969802]
2007-04-01T00:00:00.000Z,2,205.0,-0.72843,-72.34153,[0.29005930840099925,0.9569759758229938,0.007910708410936343]
2007-04-01T00:00:00.000Z,2,176.0,-0.22843,-72.34153,[0.2865435388045503,0.958061603025901,0.0032810328870750034]
2007-04-01T00:00:00.000Z,2,150.0,0.27157,-72.34153,[0.2840511062592516,0.9588085234268224,0.0010883184147864047]
2007-04-01T00:00:00.000Z,8,218.0,0.77157,-72.34153,[0.2798313960800102,0.9600369434744964,0.004843235701384791]
2007-04-01T00:00:00.000Z,8,234.0,1.27157,-72.34153,[0.2782569986057009,0.9604701032953539,0.008379940498550068]
2007-04-01T00:00:00.000Z,8,237.0,1.77157,-72.34153,[0.28138686721751865,0.9595184361057149,0.012074838746498884]
2007-04-01T00:00:00.000Z,2,203.0,2.27157,-72.34153,[0.29335758825501584,0.9558842763365685,0.015052430558403435]
2007-04-01T00:00:00.000Z,2,188.0,2.77157,-72.34153,[0.2986754021821446,0.9541951987317203,0.01745069765558598]
2007-04-01T00:00:00.000Z,2,220.0,3.27157,-72.34153,[0.30758545038641005,0.9513423595594541,0.018409389409744244]
2007-04-01T00:00:00.000Z,2,180.0,3.77157,-72.34153,[0.316879963119747,0.9483012918454419,0.017656411229181473]
2007-04-01T00:00:00.000Z,4,190.0,4.27157,-72.34153,[0.32328662199086844,0.9461758643615527,0.01539460104718421]
2007-04-01T00:00:00.000Z,2,177.0,4.77157,-72.34153,[0.3194096370913683,0.9475423434903788,0.011873964204140086]
2007-04-01T00:00:00.000Z,8,257.0,5.27157,-72.34153,[0.24875750766589091,0.9685419627176585,0.006794765255688687]
2007-04-01T00:00:00.000Z,11,1342.0,5.77157,-72.34153,[0.17961813033653704,0.9837363827040804,2.379048083927643E-4]
2007-04-01T00:00:00.000Z,11,3317.0,6.27157,-72.34153,[0.1776154853351453,0.9840857971271564,0.005280460374828644]
2007-04-01T00:00:00.000Z,1,3467.0,6.77157,-72.34153,[0.2284379423506036,0.9734440960467933,0.01492308166109471]
2007-04-01T00:00:00.000Z,1,2203.0,7.27157,-72.34153,[0.24161386352339814,0.969842564329902,0.032064643570394895]
2007-04-01T00:00:00.000Z,10,97.0,11.27157,-72.34153,[0.34640909254516034,0.933584788419581,0.09176155749334566]
2007-04-01T00:00:00.000Z,10,19.0,11.77157,-72.34153,[0.35909061989916696,0.9285957433883723,0.09361555459125652]
2007-04-01T00:00:00.000Z,2,109.0,-2.22843,-71.84153,[0.2889922865366731,0.9571511445068006,0.018578075563071842]
2007-04-01T00:00:00.000Z,2,140.0,-1.72843,-71.84153,[0.29243210442428597,0.9561544088479462,0.015881144247760846]
2007-04-01T00:00:00.000Z,2,153.0,-1.22843,-71.84153,[0.29244618808198536,0.9562004576613229,0.012486466457433083]
2007-04-01T00:00:00.000Z,2,136.0,-0.72843,-71.84153,[0.2950051928973672,0.9554645799810251,0.007705359515976009]
2007-04-01T00:00:00.000Z,8,192.0,-0.22843,-71.84153,[0.28334500360149983,0.9590138583435379,0.0028334500360149982]
2007-04-01T00:00:00.000Z,8,216.0,0.27157,-71.84153,[0.28228315291759853,0.9593301020609575,0.0014060080413520234]
2007-04-01T00:00:00.000Z,8,215.0,0.77157,-71.84153,[0.2798307866847778,0.9600348527800838,0.005273734056751581]
2007-04-01T00:00:00.000Z,8,232.0,1.27157,-71.84153,[0.270766103606623,0.9626054785700023,0.008741267911709876]
2007-04-01T00:00:00.000Z,2,233.0,1.77157,-71.84153,[0.2864287712161758,0.95801744312077,0.012694002360716885]
2007-04-01T00:00:00.000Z,2,159.0,2.27157,-71.84153,[0.29583602044276675,0.9550960659987451,0.016509201140813574]
2007-04-01T00:00:00.000Z,2,186.0,2.77157,-71.84153,[0.30562601404413864,0.9519684363374837,0.018677145302697363]
2007-04-01T00:00:00.000Z,2,222.0,3.27157,-71.84153,[0.3130496649753832,0.9495454782648156,0.019060219454220748]
2007-04-01T00:00:00.000Z,2,206.0,3.77157,-71.84153,[0.3168825453640211,0.948309019521111,0.01718883179649856]
2007-04-01T00:00:00.000Z,4,189.0,4.27157,-71.84153,[0.3261802485475374,0.9452084574698713,0.013690046928090073]
2007-04-01T00:00:00.000Z,4,149.0,4.77157,-71.84153,[0.3321129097929937,0.943200663812102,0.008574551489200928]
2007-04-01T00:00:00.000Z,4,172.0,5.27157,-71.84153,[0.33262782370067634,0.9430547089535659,0.0025586755669282793]
2007-04-01T00:00:00.000Z,2,213.0,5.77157,-71.84153,[0.3213333257876476,0.9469595737226889,0.0035297978969097655]
2007-04-01T00:00:00.000Z,2,412.0,6.27157,-71.84153,[0.3092980883416847,0.9509400049407091,0.006913721974696481]
2007-04-01T00:00:00.000Z,4,325.0,6.77157,-71.84153,[0.3373227004271706,0.9412791530302298,0.014385821047629335]
2007-04-01T00:00:00.000Z,10,174.0,11.77157,-71.84153,[0.33941897733125187,0.9361592010147164,0.09165537727212145]
2007-04-01T00:00:00.000Z,2,107.0,-2.22843,-71.34153,[0.2872070098552949,0.9577166080513029,0.017059664495164134]
2007-04-01T00:00:00.000Z,2,121.0,-1.72843,-71.34153,[0.29061178398634074,0.9567331764943579,0.014367324152133702]
2007-04-01T00:00:00.000Z,2,140.0,-1.22843,-71.34153,[0.29153385732676734,0.9564931049372591,0.011355625903364723]
2007-04-01T00:00:00.000Z,2,186.0,-0.72843,-71.34153,[0.2940771732347347,0.9557508130128877,0.007681120196429637]
2007-04-01T00:00:00.000Z,2,201.0,-0.22843,-71.34153,[0.28664600881775126,0.9580298165429787,0.0035966989699565753]
2007-04-01T00:00:00.000Z,2,185.0,0.27157,-71.34153,[0.28734788386424115,0.9578262795474706,1.0884389540312166E-4]
2007-04-01T00:00:00.000Z,8,228.0,0.77157,-71.34153,[0.2772731669648555,0.9607837645991504,0.003761457691383698]
2007-04-01T00:00:00.000Z,8,342.0,1.27157,-71.34153,[0.27825889996817793,0.9604766662994251,0.007520510809950755]
2007-04-01T00:00:00.000Z,2,222.0,1.77157,-71.34153,[0.29074784149201466,0.9567249727586293,0.011959062159482867]
2007-04-01T00:00:00.000Z,2,164.0,2.27157,-71.34153,[0.30200251405892087,0.9531603510632857,0.016728020295456957]
2007-04-01T00:00:00.000Z,2,189.0,2.77157,-71.34153,[0.3073121609971589,0.9514203065557798,0.01893768667399466]
2007-04-01T00:00:00.000Z,2,209.0,3.27157,-71.34153,[0.31478241248503275,0.9489763905798781,0.018863798983478064]
2007-04-01T00:00:00.000Z,4,171.0,3.77157,-71.34153,[0.3221973015059885,0.9465283362923179,0.01652293853876864]
2007-04-01T00:00:00.000Z,4,165.0,4.27157,-71.34153,[0.3272923505668293,0.9448476251765036,0.011944976298059464]
2007-04-01T00:00:00.000Z,4,131.0,4.77157,-71.34153,[0.3347166347222644,0.9423000912289834,0.005942433007750346]
2007-04-01T00:00:00.000Z,4,146.0,5.27157,-71.34153,[0.33587377154989045,0.9419068810855624,4.8677358195636295E-4]
2007-04-01T00:00:00.000Z,4,151.0,5.77157,-71.34153,[0.34084699126389245,0.9400978387206277,0.006275522221826179]
2007-04-01T00:00:00.000Z,4,157.0,6.27157,-71.34153,[0.3440207518981069,0.9389158427255191,0.009314641296880151]
2007-04-01T00:00:00.000Z,4,154.0,6.77157,-71.34153,[0.34670927772175464,0.937861067794099,0.014467005832994078]
2007-04-01T00:00:00.000Z,2,97.0,-2.22843,-70.84153,[0.28632709560648206,0.9580117108637933,0.01517748890244886]
2007-04-01T00:00:00.000Z,2,137.0,-1.72843,-70.84153,[0.29062386911685073,0.9567729623734526,0.011102484887610028]
2007-04-01T00:00:00.000Z,2,114.0,-1.22843,-70.84153,[0.2855512360517572,0.9583272543252154,0.008328577718176251]
2007-04-01T00:00:00.000Z,2,155.0,-0.72843,-70.84153,[0.2889422493417766,0.9573256412153957,0.006324019042197374]
2007-04-01T00:00:00.000Z,2,183.0,-0.22843,-70.84153,[0.2882468075771991,0.9575471600197107,0.004149007078762715]
2007-04-01T00:00:00.000Z,2,193.0,0.27157,-70.84153,[0.28397761282759376,0.9588293543380351,0.00172762045826673]
2007-04-01T00:00:00.000Z,2,250.0,0.77157,-70.84153,[0.28397783631090673,0.9588301089128715,0.001187739999779458]
2007-04-01T00:00:00.000Z,2,316.0,1.27157,-70.84153,[0.28985126882244994,0.9570560763005422,0.0054688918645745275]
2007-04-01T00:00:00.000Z,2,186.0,1.77157,-70.84153,[0.29781506950065484,0.9545639727651587,0.010668002489575695]
2007-04-01T00:00:00.000Z,2,191.0,2.27157,-70.84153,[0.30367668753668586,0.9526450160873071,0.015746198613013337]
2007-04-01T00:00:00.000Z,2,160.0,2.77157,-70.84153,[0.31001254070173695,0.9505531578869435,0.018463982203559333]
2007-04-01T00:00:00.000Z,2,240.0,3.27157,-70.84153,[0.32001254478841823,0.947237132573718,0.01826980710246606]
2007-04-01T00:00:00.000Z,4,186.0,3.77157,-70.84153,[0.3214843954255434,0.946789208505996,0.015426540586353914]
2007-04-01T00:00:00.000Z,4,176.0,4.27157,-70.84153,[0.32729883022847567,0.9448663310610375,0.010153430864751983]
2007-04-01T00:00:00.000Z,4,146.0,4.77157,-70.84153,[0.3328179399311101,0.9429841631381451,0.003617586303599022]
2007-04-01T00:00:00.000Z,4,123.0,5.27157,-70.84153,[0.3384163783248097,0.9409923037592729,0.0027998477343419504]
2007-04-01T00:00:00.000Z,4,120.0,5.77157,-70.84153,[0.3452920426547886,0.9384544445010503,0.00875561965303214]
2007-04-01T00:00:00.000Z,4,126.0,6.27157,-70.84153,[0.35000609028573165,0.9366711028287195,0.011957503440366632]
2007-04-01T00:00:00.000Z,4,122.0,6.77157,-70.84153,[0.3571534229122933,0.9338994097353253,0.016532543604774002]
2007-04-01T00:00:00.000Z,8,97.0,-3.72843,-70.34153,[0.277957842745903,0.9602180022131197,0.026848200719774725]
2007-04-01T00:00:00.000Z,2,132.0,-2.22843,-70.34153,[0.28545741219184895,0.9583213123583499,0.011590000194255521]
2007-04-01T00:00:00.000Z,2,129.0,-1.72843,-70.34153,[0.28724216488339305,0.9578338355322167,0.006803103905132993]
2007-04-01T00:00:00.000Z,8,144.0,-1.22843,-70.34153,[0.2830940245917847,0.9590751935790119,0.005704936617248893]
2007-04-01T00:00:00.000Z,2,134.0,-0.72843,-70.34153,[0.285558467384849,0.9583515231173342,0.004326643445224985]
2007-04-01T00:00:00.000Z,2,170.0,-0.22843,-70.34153,[0.28734635368472905,0.9578211789490968,0.003265299473690103]
2007-04-01T00:00:00.000Z,2,177.0,0.27157,-70.34153,[0.28744642440115864,0.9577931801744266,0.0026032883719350215]
2007-04-01T00:00:00.000Z,2,190.0,0.77157,-70.34153,[0.2933905726850885,0.9559917536929852,0.0013186093154386]
2007-04-01T00:00:00.000Z,2,195.0,1.27157,-70.34153,[0.29431701138724237,0.9557035538304837,0.002866008350587379]
2007-04-01T00:00:00.000Z,2,216.0,1.77157,-70.34153,[0.3004266996041204,0.9537710091521147,0.00804116073289839]
2007-04-01T00:00:00.000Z,2,168.0,2.27157,-70.34153,[0.3010510997894097,0.9535150075114389,0.013317873931204368]
2007-04-01T00:00:00.000Z,2,193.0,2.77157,-70.34153,[0.31343508724055485,0.949456651130148,0.017044462773300247]
2007-04-01T00:00:00.000Z,2,177.0,3.27157,-70.34153,[0.32000284770867005,0.9472548064419688,0.01750740217536564]
2007-04-01T00:00:00.000Z,2,174.0,3.77157,-70.34153,[0.3182946865713781,0.9478885720971809,0.01399097523390673]
2007-04-01T00:00:00.000Z,2,118.0,4.27157,-70.34153,[0.3232880838963794,0.9462665813317385,0.008023207921515988]
2007-04-01T00:00:00.000Z,4,116.0,4.77157,-70.34153,[0.32801129464160983,0.9446725285678363,0.001550598847396701]
2007-04-01T00:00:00.000Z,4,124.0,5.27157,-70.34153,[0.34095671690043816,0.9400663765969224,0.004870810241434831]
2007-04-01T00:00:00.000Z,4,105.0,5.77157,-70.34153,[0.34596647185478013,0.9381724254567347,0.011819495123864373]
2007-04-01T00:00:00.000Z,4,104.0,6.27157,-70.34153,[0.34998732238087976,0.9366208769765892,0.015817932363833356]
2007-04-01T00:00:00.000Z,4,109.0,6.77157,-70.34153,[0.35729616272749837,0.9337846522346324,0.019638618873319948]
2007-04-01T00:00:00.000Z,8,140.0,-3.72843,-69.84153,[0.28048157373233595,0.9595422259264124,0.02467394295239346]
2007-04-01T00:00:00.000Z,8,128.0,-3.22843,-69.84153,[0.2822285948729901,0.9591528186661018,0.01931037754394143]
2007-04-01T00:00:00.000Z,8,61.0,-2.72843,-69.84153,[0.28398655564559483,0.9587215299614441,0.014306089645304401]
2007-04-01T00:00:00.000Z,8,111.0,-2.22843,-69.84153,[0.2823269452683154,0.9592699617639354,0.009624782225056208]
2007-04-01T00:00:00.000Z,8,145.0,-1.72843,-69.84153,[0.28320768318647427,0.9590441998814697,0.005256506240961075]
2007-04-01T00:00:00.000Z,2,68.0,-1.22843,-69.84153,[0.28379422341318344,0.9588804821384835,0.0030099387331701277]
2007-04-01T00:00:00.000Z,2,122.0,-0.72843,-69.84153,[0.28744696552939136,0.957794983254538,0.0017355288484793444]
2007-04-01T00:00:00.000Z,2,188.0,0.77157,-69.84153,[0.29758184807618204,0.9546956687351119,0.001106252223331532]
2007-04-01T00:00:00.000Z,2,195.0,1.77157,-69.84153,[0.3004342468213721,0.9537949694626461,0.0037973101828723617]
2007-04-01T00:00:00.000Z,2,182.0,2.27157,-69.84153,[0.3090730758599457,0.9509940795690637,0.0091703000529874]
2007-04-01T00:00:00.000Z,2,180.0,2.77157,-69.84153,[0.3100563064334195,0.9506121922519126,0.014196717327537524]
2007-04-01T00:00:00.000Z,2,198.0,3.27157,-69.84153,[0.31446547764627014,0.9491348540637425,0.015952810727310786]
2007-04-01T00:00:00.000Z,2,149.0,3.77157,-69.84153,[0.31724396916948855,0.9482584333934714,0.01273607175497947]
2007-04-01T00:00:00.000Z,2,188.0,4.27157,-69.84153,[0.32007328626052217,0.9473702013039543,0.006541643806784396]
2007-04-01T00:00:00.000Z,2,143.0,4.77157,-69.84153,[0.32329848072524936,0.94629701292573,2.3598429250018204E-4]
2007-04-01T00:00:00.000Z,4,100.0,5.27157,-69.84153,[0.33167855566391385,0.9433611094064215,0.007691096942931335]
2007-04-01T00:00:00.000Z,4,112.0,5.77157,-69.84153,[0.3396346997362397,0.9404325440350031,0.015326475619866413]
2007-04-01T00:00:00.000Z,4,98.0,6.27157,-69.84153,[0.35520253588180195,0.9346109277457343,0.018263960178319605]
2007-04-01T00:00:00.000Z,2,169.0,0.77157,-69.34153,[0.29922136779087083,0.9541836950664435,2.2164545762286728E-4]
2007-04-01T00:00:00.000Z,2,182.0,1.77157,-69.34153,[0.30182323117737275,0.9533604645307419,0.0025615993789961525]
2007-04-01T00:00:00.000Z,2,167.0,2.27157,-69.34153,[0.30709612654808766,0.9516605240281397,0.005849450029487384]
2007-04-01T00:00:00.000Z,2,128.0,2.77157,-69.34153,[0.30975759439976575,0.9507523244167992,0.010965871042619445]
2007-04-01T00:00:00.000Z,2,182.0,3.27157,-69.34153,[0.31346120580869397,0.9495024888677893,0.01367830716256119]
2007-04-01T00:00:00.000Z,2,123.0,3.77157,-69.34153,[0.3134632621265358,0.9495419984124991,0.010525043837825291]
2007-04-01T00:00:00.000Z,2,172.0,4.27157,-69.34153,[0.31726235213991344,0.948326012578214,0.004730093250085982]
2007-04-01T00:00:00.000Z,2,142.0,4.77157,-69.34153,[0.32288758330447176,0.9464349814975277,0.0021057885867682936]
2007-04-01T00:00:00.000Z,4,117.0,5.27157,-69.34153,[0.33418654398944025,0.9424541384450402,0.009977511924864582]
2007-04-01T00:00:00.000Z,4,83.0,5.77157,-69.34153,[0.35066062055397385,0.9363384655217812,0.01753303102769869]
2007-04-01T00:00:00.000Z,2,139.0,1.77157,-68.84153,[0.30182165876914635,0.9533554978095543,0.004120812315298308]
2007-04-01T00:00:00.000Z,2,178.0,2.27157,-68.84153,[0.3054217297098244,0.952197157330629,0.006175807034573656]
2007-04-01T00:00:00.000Z,2,155.0,2.77157,-68.84153,[0.30909703417664436,0.9509810212077051,0.009701585744230445]
2007-04-01T00:00:00.000Z,2,154.0,3.27157,-68.84153,[0.3134801482500449,0.9495268258588315,0.011357976385871191]
2007-04-01T00:00:00.000Z,2,118.0,3.77157,-68.84153,[0.3162167852273668,0.9486503556821003,0.008333510946425189]
2007-04-01T00:00:00.000Z,2,168.0,4.27157,-68.84153,[0.3224611752833465,0.9465795790575657,0.00242712712578863]
2007-04-01T00:00:00.000Z,4,130.0,4.77157,-68.84153,[0.3288822807747348,0.9443619776531671,0.004111028509684185]
2007-04-01T00:00:00.000Z,4,118.0,5.27157,-68.84153,[0.3416226536080885,0.9397662321674464,0.011549520317711177]
2007-04-01T00:00:00.000Z,4,76.0,5.77157,-68.84153,[0.36410019646889097,0.9311830808646899,0.01814157773346739]
2007-04-01T00:00:00.000Z,2,140.0,1.77157,-68.34153,[0.30016807447303984,0.953867436658771,0.006003361489460797]
2007-04-01T00:00:00.000Z,2,115.0,2.27157,-68.34153,[0.29947357175729306,0.954084947940521,0.006123065593550602]
2007-04-01T00:00:00.000Z,2,126.0,2.77157,-68.34153,[0.30976785614766084,0.9507838212415429,0.007348507536349619]
2007-04-01T00:00:00.000Z,2,132.0,3.27157,-68.34153,[0.3117934092800901,0.9501195526426016,0.007596421244278558]
2007-04-01T00:00:00.000Z,2,110.0,3.77157,-68.34153,[0.32140148211232417,0.9469247967610411,0.005875080855816678]
2007-04-01T00:00:00.000Z,4,121.0,4.27157,-68.34153,[0.33528910768825815,0.9421151687860212,4.7223817984261713E-4]
2007-04-01T00:00:00.000Z,4,109.0,4.77157,-68.34153,[0.34581159970788045,0.9382860187878154,0.005803831044048343]
2007-04-01T00:00:00.000Z,4,89.0,5.27157,-68.34153,[0.35794321795055833,0.9336560859829248,0.012765807073761171]
2007-04-01T00:00:00.000Z,4,65.0,5.77157,-68.34153,[0.3835054441126704,0.9233024904493401,0.02088265945682007]
2007-04-01T00:00:00.000Z,2,136.0,2.27157,-67.84153,[0.3064043873085391,0.9518812767489542,0.006195676949253549]
2007-04-01T00:00:00.000Z,2,120.0,2.77157,-67.84153,[0.310772652737046,0.9504652664001626,0.006011295837614394]
2007-04-01T00:00:00.000Z,2,103.0,3.27157,-67.84153,[0.32245652329895985,0.9465659232324306,0.005894366554927223]
2007-04-01T00:00:00.000Z,4,95.0,3.77157,-67.84153,[0.33244676266268613,0.9431113834402444,0.004479779071341161]
2007-04-01T00:00:00.000Z,4,110.0,4.27157,-67.84153,[0.3384643620040662,0.9409789355006665,7.201369404341835E-4]
2007-04-01T00:00:00.000Z,4,101.0,4.77157,-67.84153,[0.3571280996427591,0.934027337527216,0.007242457964783225]
2007-04-01T00:00:00.000Z,4,80.0,5.77157,-67.84153,[0.39773251358700396,0.9172198782720703,0.022727572204971656]
2007-04-01T00:00:00.000Z,3,54.0,6.27157,-67.84153,[0.39917768640730417,0.9164793820575861,0.026883395207022525]
2007-04-01T00:00:00.000Z,2,114.0,2.27157,-67.34153,[0.3162223674178249,0.9486671022534746,0.005843239397938068]
