2007-05-01T00:00:00.000Z,8,10.0,1.77157,-78.84153,[0.2786143504498158,0.9604000550799534,0.0024037316509395875]
2007-05-01T00:00:00.000Z,8,235.0,1.27157,-78.34153,[0.2816236387984694,0.9595240183568403,0.0013357642946962974]
2007-05-01T00:00:00.000Z,2,57.0,1.77157,-78.34153,[0.2845028946528711,0.9586751236162894,3.321045462873982E-4]
2007-05-01T00:00:00.000Z,8,1772.0,1.27157,-77.84153,[0.2542209526308544,0.9671449284869462,0.001547431885579114]
2007-05-01T00:00:00.000Z,2,528.0,1.77157,-77.84153,[0.2837853632750355,0.958884137628538,0.0026604877807034576]
2007-05-01T00:00:00.000Z,2,116.0,2.27157,-77.84153,[0.28423501250538313,0.9587465614123885,0.003935561711612997]
2007-05-01T00:00:00.000Z,6,167.0,7.27157,-77.84153,[0.2539498643683346,0.963760550840483,0.08170108341358306]
2007-05-01T00:00:00.000Z,11,2201.0,0.77157,-77.34153,[0.17663435643791228,0.9842644012829577,0.004887994769351032]
2007-05-01T00:00:00.000Z,1,2447.0,1.27157,-77.34153,[0.21751151343418068,0.9760415120599784,0.005631008723422952]
2007-05-01T00:00:00.000Z,1,1706.0,1.77157,-77.34153,[0.20274441668154122,0.9792123954619117,0.0061470381653446]
2007-05-01T00:00:00.000Z,8,2096.0,2.27157,-77.34153,[0.2640465208711592,0.964487919332728,0.006518303234894726]
2007-05-01T00:00:00.000Z,2,57.0,2.77157,-77.34153,[0.28520803812929796,0.9584316630158966,0.008069839838542151]
2007-05-01T00:00:00.000Z,8,74.0,3.27157,-77.34153,[0.2772618693660219,0.9607446171055177,0.009779391516398447]
2007-05-01T00:00:00.000Z,8,28.0,4.27157,-77.34153,[0.27298270545214054,0.9617390699775413,0.02320352996343195]
2007-05-01T00:00:00.000Z,0,14.0,5.27157,-77.34153,[0.2599267262501786,0.9644106708091945,0.04847839735618411]
2007-05-01T00:00:00.000Z,9,499.0,6.27157,-77.34153,[0.27015714680184044,0.960324232772167,0.0692277688679716]
2007-05-01T00:00:00.000Z,9,695.0,6.77157,-77.34153,[0.28067358669896625,0.9566469958861712,0.0777744366196372]
2007-05-01T00:00:00.000Z,9,345.0,7.27157,-77.34153,[0.27627915401271663,0.957413529867145,0.08384009712155133]
2007-05-01T00:00:00.000Z,8,279.0,0.27157,-76.84153,[0.25759005994511036,0.9662391089786544,0.00541713001601305]
2007-05-01T00:00:00.000Z,1,485.0,0.77157,-76.84153,[0.1873082763450947,0.9822794492050897,0.006534009639945164]
2007-05-01T00:00:00.000Z,11,3335.0,1.27157,-76.84153,[0.15450464098680355,0.9879592536339269,0.0080516503049461]
2007-05-01T00:00:00.000Z,11,2008.0,1.77157,-76.84153,[0.15865284758146858,0.9872923825846793,0.009111818948935695]
2007-05-01T00:00:00.000Z,1,1013.0,2.27157,-76.84153,[0.20072056260172905,0.9796036153062646,0.009381504556385162]
2007-05-01T00:00:00.000Z,1,2856.0,2.77157,-76.84153,[0.24199263192375878,0.9702216219454888,0.010467588264609102]
2007-05-01T00:00:00.000Z,8,1911.0,3.27157,-76.84153,[0.2477423302214114,0.9687502778164607,0.01210937847270576]
2007-05-01T00:00:00.000Z,8,794.0,3.77157,-76.84153,[0.26789710090025254,0.9633361056862143,0.014652331232911774]
2007-05-01T00:00:00.000Z,8,70.0,4.27157,-76.84153,[0.2789538447410873,0.960120209806533,0.01881316627323612]
2007-05-01T00:00:00.000Z,0,24.0,4.77157,-76.84153,[0.27707432601053256,0.9601691066749608,0.03612622942983482]
2007-05-01T00:00:00.000Z,0,133.0,5.27157,-76.84153,[0.276940868014552,0.9597066233888897,0.047612526154809515]
2007-05-01T00:00:00.000Z,0,76.0,5.77157,-76.84153,[0.27014373000396047,0.9608641690729104,0.06133851751854632]
2007-05-01T00:00:00.000Z,9,38.0,6.27157,-76.84153,[0.26373413826869985,0.962102136404217,0.06930933153701432]
2007-05-01T00:00:00.000Z,9,20.0,6.77157,-76.84153,[0.2855792824582563,0.9551761606463649,0.07799343282287986]
2007-05-01T00:00:00.000Z,9,15.0,7.27157,-76.84153,[0.28541837357644684,0.9546379691969794,0.0848687209308753]
2007-05-01T00:00:00.000Z,9,8.0,7.77157,-76.84153,[0.2971349413854533,0.9503948492843544,0.09198074288476166]
2007-05-01T00:00:00.000Z,1,294.0,0.77157,-76.34153,[0.24226765684630305,0.9701619231367723,0.00960340261372733]
2007-05-01T00:00:00.000Z,11,1412.0,1.27157,-76.34153,[0.1820800313268333,0.9832321691648999,0.010067954673366077]
2007-05-01T00:00:00.000Z,11,2388.0,1.77157,-76.34153,[0.13801044106368293,0.9903629250729888,0.011592877049349368]
2007-05-01T00:00:00.000Z,11,3852.0,2.27157,-76.34153,[0.1446322422899295,0.9894160211197449,0.011723977215926103]
2007-05-01T00:00:00.000Z,1,2450.0,2.77157,-76.34153,[0.2063302900672257,0.9784049238671669,0.012313259245947339]
2007-05-01T00:00:00.000Z,1,990.0,3.27157,-76.34153,[0.21199778744290168,0.977177301494625,0.013470692743767712]
2007-05-01T00:00:00.000Z,1,962.0,3.77157,-76.34153,[0.22925700772376154,0.9732400856734684,0.015651199565756797]
2007-05-01T00:00:00.000Z,1,1899.0,4.27157,-76.34153,[0.19728919299203063,0.9801828159762792,0.017849974604040867]
2007-05-01T00:00:00.000Z,1,1358.0,4.77157,-76.34153,[0.22746786072885308,0.9733508459095109,0.02909472637229516]
2007-05-01T00:00:00.000Z,1,407.0,5.27157,-76.34153,[0.21261041262065764,0.9761226825736596,0.04451203219890615]
2007-05-01T00:00:00.000Z,6,480.0,5.77157,-76.34153,[0.20220807721174233,0.977513658230858,0.05982425496782636]
2007-05-01T00:00:00.000Z,6,1095.0,6.27157,-76.34153,[0.20102654691845073,0.9772982896343143,0.06690575843593566]
2007-05-01T00:00:00.000Z,6,1485.0,6.77157,-76.34153,[0.23205874782645686,0.9698598788083309,0.0743004241919687]
2007-05-01T00:00:00.000Z,9,827.0,7.27157,-76.34153,[0.26853555104316973,0.9596668895845548,0.08323532219585102]
2007-05-01T00:00:00.000Z,9,201.0,7.77157,-76.34153,[0.28544270508026465,0.9540081283861317,0.09160214566073892]
2007-05-01T00:00:00.000Z,9,165.0,8.27157,-76.34153,[0.2909590510853625,0.951836300948398,0.09669791511907588]
2007-05-01T00:00:00.000Z,7,99.0,8.77157,-76.34153,[0.3020326539785096,0.9478333832125592,0.10192229196074795]
2007-05-01T00:00:00.000Z,8,267.0,0.27157,-75.84153,[0.2751264972970121,0.9612853520016087,0.01535846711818662]
2007-05-01T00:00:00.000Z,8,241.0,0.77157,-75.84153,[0.27119788957546814,0.9624217788592832,0.014000866656944898]
2007-05-01T00:00:00.000Z,1,250.0,1.27157,-75.84153,[0.2204767323585424,0.9753108653102023,0.012598670420488135]
2007-05-01T00:00:00.000Z,1,1712.0,1.77157,-75.84153,[0.2319523436228127,0.9726310834038716,0.013670621218349348]
2007-05-01T00:00:00.000Z,1,1262.0,2.27157,-75.84153,[0.20269667820473106,0.979146795262198,0.013623875092449136]
2007-05-01T00:00:00.000Z,11,2705.0,2.77157,-75.84153,[0.16825524286137775,0.9856500678589096,0.013568971198498207]
2007-05-01T00:00:00.000Z,11,1867.0,3.27157,-75.84153,[0.14848378262868786,0.988815914751914,0.013987602711398131]
2007-05-01T00:00:00.000Z,11,3782.0,3.77157,-75.84153,[0.16540659323811033,0.9861182883494986,0.014538923482075939]
2007-05-01T00:00:00.000Z,1,2035.0,4.27157,-75.84153,[0.21208490292828766,0.9771054456338966,0.01688022696776167]
2007-05-01T00:00:00.000Z,1,1185.0,4.77157,-75.84153,[0.21348899984570716,0.9767121742941103,0.021348899984570718]
2007-05-01T00:00:00.000Z,1,1530.0,5.27157,-75.84153,[0.2266080457684732,0.9732103994597715,0.03886273248686376]
2007-05-01T00:00:00.000Z,6,1704.0,5.77157,-75.84153,[0.21548352499519244,0.9746485592090243,0.06022488262686147]
2007-05-01T00:00:00.000Z,11,488.0,6.27157,-75.84153,[0.18117002536555238,0.9812503685983964,0.06576576643327567]
2007-05-01T00:00:00.000Z,6,896.0,6.77157,-75.84153,[0.19284026696418122,0.9785617802331323,0.07231510011156796]
2007-05-01T00:00:00.000Z,6,2421.0,7.27157,-75.84153,[0.24839092805430057,0.9652660115527882,0.08101526893922968]
2007-05-01T00:00:00.000Z,9,131.0,7.77157,-75.84153,[0.29474092626602993,0.9510599405164089,0.09280504258264959]
2007-05-01T00:00:00.000Z,7,43.0,8.27157,-75.84153,[0.29687117889825976,0.949768679353473,0.09903009067307261]
2007-05-01T00:00:00.000Z,7,10.0,8.77157,-75.84153,[0.301988402935105,0.9476945153927113,0.10333494078615775]
2007-05-01T00:00:00.000Z,7,155.0,9.27157,-75.84153,[0.3106855552504055,0.944394359281016,0.10767441626006832]
2007-05-01T00:00:00.000Z,8,228.0,0.27157,-75.34153,[0.2740677119441136,0.9614295334999505,0.023240941972860835]
2007-05-01T00:00:00.000Z,8,189.0,0.77157,-75.34153,[0.2733277263040486,0.9615866997684601,0.025356909548688848]
2007-05-01T00:00:00.000Z,8,244.0,1.27157,-75.34153,[0.26676693249346156,0.9634475165259728,0.024582242126463608]
2007-05-01T00:00:00.000Z,1,1357.0,1.77157,-75.34153,[0.21157319500227864,0.9771627975362972,0.01973956097701672]
2007-05-01T00:00:00.000Z,8,2437.0,2.27157,-75.34153,[0.24492466913358885,0.9693981063371484,0.016709813875469146]
2007-05-01T00:00:00.000Z,2,485.0,2.77157,-75.34153,[0.2874194984253797,0.9576674574090452,0.016219523562594044]
2007-05-01T00:00:00.000Z,2,694.0,3.27157,-75.34153,[0.2869911382889243,0.9578037582731985,0.01574951368658731]
2007-05-01T00:00:00.000Z,1,442.0,3.77157,-75.34153,[0.2302783444516563,0.9730070892323505,0.015135665832503229]
2007-05-01T00:00:00.000Z,11,2270.0,4.27157,-75.34153,[0.12101412456430605,0.9925281269090013,0.015604452904344727]
2007-05-01T00:00:00.000Z,11,4229.0,4.77157,-75.34153,[0.15425757683276742,0.9878614357436165,0.01828616308150024]
2007-05-01T00:00:00.000Z,11,3209.0,5.27157,-75.34153,[0.17271449274251116,0.9845760304842553,0.027923900024238335]
2007-05-01T00:00:00.000Z,1,1992.0,5.77157,-75.34153,[0.19202155550093017,0.9802647363693894,0.04699754093199561]
2007-05-01T00:00:00.000Z,6,2185.0,6.27157,-75.34153,[0.19695862151429608,0.9785404529202331,0.06054653920624657]
2007-05-01T00:00:00.000Z,6,2092.0,6.77157,-75.34153,[0.23420299196964947,0.9696825632427593,0.06974729453832983]
2007-05-01T00:00:00.000Z,9,869.0,7.27157,-75.34153,[0.2887508469902084,0.9538511125294526,0.08240754509608196]
2007-05-01T00:00:00.000Z,7,83.0,7.77157,-75.34153,[0.3022887087264424,0.9486369295669811,0.09332476862136349]
2007-05-01T00:00:00.000Z,7,30.0,8.27157,-75.34153,[0.3115408326584512,0.9447083522700517,0.10231538856732589]
2007-05-01T00:00:00.000Z,7,74.0,8.77157,-75.34153,[0.30901059373631395,0.9450105793899637,0.1070862166657117]
2007-05-01T00:00:00.000Z,7,180.0,9.27157,-75.34153,[0.30127319093575183,0.9473368114979752,0.10856993140018019]
2007-05-01T00:00:00.000Z,7,136.0,9.77157,-75.34153,[0.3122388190140114,0.9434797527607492,0.11114349297755062]
2007-05-01T00:00:00.000Z,7,79.0,10.27157,-75.34153,[0.31222472311014793,0.943412832419152,0.1117494962210781]
2007-05-01T00:00:00.000Z,8,205.0,0.27157,-74.84153,[0.2731709873473793,0.9615618754627753,0.02786344070943269]
2007-05-01T00:00:00.000Z,8,239.0,0.77157,-74.84153,[0.27157205867694234,0.9619540391689284,0.02988383296284426]
2007-05-01T00:00:00.000Z,8,226.0,1.27157,-74.84153,[0.2715849731297566,0.961999784339138,0.028249200016308016]
2007-05-01T00:00:00.000Z,8,258.0,1.77157,-74.84153,[0.2676280253121671,0.9632397109375932,0.02333450964498647]
2007-05-01T00:00:00.000Z,1,576.0,2.27157,-74.84153,[0.20021645796336332,0.9795536384229064,0.01969871602542768]
2007-05-01T00:00:00.000Z,1,1998.0,2.77157,-74.84153,[0.21747754992547283,0.9758891072797867,0.018546308826131692]
2007-05-01T00:00:00.000Z,1,2106.0,3.27157,-74.84153,[0.21985869776644715,0.9753535366599739,0.01864487976156635]
2007-05-01T00:00:00.000Z,2,361.0,3.77157,-74.84153,[0.2871764373807568,0.9576361676800537,0.021509629572741943]
2007-05-01T00:00:00.000Z,8,289.0,4.27157,-74.84153,[0.26643257198747583,0.9635978020213709,0.022202714332289653]
2007-05-01T00:00:00.000Z,8,277.0,4.77157,-74.84153,[0.278760227082558,0.9600502220723297,0.02441939589243208]
2007-05-01T00:00:00.000Z,0,325.0,5.27157,-74.84153,[0.2886414599430617,0.9569574556573816,0.03030735329402148]
2007-05-01T00:00:00.000Z,0,379.0,5.77157,-74.84153,[0.26540842369947826,0.9631757311674614,0.043021849325479936]
2007-05-01T00:00:00.000Z,6,978.0,6.27157,-74.84153,[0.2448781385843459,0.9680501733823716,0.05397739395178348]
2007-05-01T00:00:00.000Z,9,1143.0,6.77157,-74.84153,[0.2597039122896138,0.9634177391388901,0.06618260990606288]
2007-05-01T00:00:00.000Z,9,322.0,7.27157,-74.84153,[0.28719154204903524,0.9544260269599517,0.08119099233867462]
2007-05-01T00:00:00.000Z,7,55.0,7.77157,-74.84153,[0.31643580012541483,0.9436567610882907,0.09685195739552875]
2007-05-01T00:00:00.000Z,7,27.0,8.27157,-74.84153,[0.32860747908481613,0.9383826251330488,0.10702884442023061]
2007-05-01T00:00:00.000Z,10,14.0,8.77157,-74.84153,[0.3367068459262631,0.9347735512778075,0.11325593908428849]
2007-05-01T00:00:00.000Z,10,48.0,9.27157,-74.84153,[0.33558105180387576,0.9349170355518505,0.11539278272554326]
2007-05-01T00:00:00.000Z,7,15.0,9.77157,-74.84153,[0.3203800828263173,0.9404705657159639,0.11345359205462421]
2007-05-01T00:00:00.000Z,7,5.0,10.27157,-74.84153,[0.32728022752639824,0.9378949276463214,0.1150684898900234]
2007-05-01T00:00:00.000Z,2,171.0,-0.72843,-74.34153,[0.2853544691210961,0.9582136453365989,0.019985916125212957]
2007-05-01T00:00:00.000Z,8,219.0,-0.22843,-74.34153,[0.27277036550753886,0.9617600536819597,0.024777547145704723]
2007-05-01T00:00:00.000Z,8,201.0,0.27157,-74.34153,[0.26875550817795163,0.9627707361234251,0.02903422959834096]
2007-05-01T00:00:00.000Z,8,242.0,0.77157,-74.34153,[0.26789467496398883,0.9629145947500803,0.03206129041737697]
2007-05-01T00:00:00.000Z,8,251.0,1.27157,-74.34153,[0.26946624245893686,0.9625334180633224,0.0302880056523845]
2007-05-01T00:00:00.000Z,8,298.0,1.77157,-74.34153,[0.2772588887638056,0.9605040075031837,0.02365502423976913]
2007-05-01T00:00:00.000Z,8,313.0,2.27157,-74.34153,[0.27390169479385307,0.9614282161387475,0.025172341991175972]
2007-05-01T00:00:00.000Z,1,364.0,2.77157,-74.34153,[0.24067745985905964,0.9703331073955752,0.022978707706000714]
2007-05-01T00:00:00.000Z,11,899.0,3.27157,-74.34153,[0.13576588105309542,0.9903542176043626,0.02767940055578612]
2007-05-01T00:00:00.000Z,11,3444.0,3.77157,-74.34153,[0.13019156310497076,0.9911357707346161,0.026458285405203733]
2007-05-01T00:00:00.000Z,11,2263.0,4.27157,-74.34153,[0.15139268665860553,0.9880896015918321,0.027553468971866207]
2007-05-01T00:00:00.000Z,11,2655.0,4.77157,-74.34153,[0.18666257597428124,0.9820074649081753,0.0286080687091018]
2007-05-01T00:00:00.000Z,8,1104.0,5.27157,-74.34153,[0.2557364954360448,0.9662345413336757,0.031458799020166184]
2007-05-01T00:00:00.000Z,0,744.0,5.77157,-74.34153,[0.28869639449089196,0.9565110730679364,0.041724799656608164]
2007-05-01T00:00:00.000Z,0,119.0,6.27157,-74.34153,[0.30324635508266395,0.9516421979503236,0.04918104522431568]
2007-05-01T00:00:00.000Z,0,97.0,6.77157,-74.34153,[0.26483750085483443,0.9625620010988962,0.05775372006593377]
2007-05-01T00:00:00.000Z,9,575.0,7.27157,-74.34153,[0.26158972073191145,0.9620095444059273,0.07815660227582008]
2007-05-01T00:00:00.000Z,7,1234.0,7.77157,-74.34153,[0.30445120091601635,0.9474339610595435,0.09837863432584708]
2007-05-01T00:00:00.000Z,10,715.0,8.27157,-74.34153,[0.3375566185445414,0.9347721744310378,0.11070912873943352]
2007-05-01T00:00:00.000Z,10,14.0,8.77157,-74.34153,[0.3533383254309375,0.9281181356353736,0.11725508128170495]
2007-05-01T00:00:00.000Z,10,37.0,9.27157,-74.34153,[0.3386311057265199,0.9336202668445954,0.11697081504144932]
2007-05-01T00:00:00.000Z,7,95.0,9.77157,-74.34153,[0.325987599075171,0.9383785887663851,0.11479420453147093]
2007-05-01T00:00:00.000Z,7,119.0,10.27157,-74.34153,[0.31586618809075845,0.9418763507199064,0.11444427104737624]
2007-05-01T00:00:00.000Z,7,5.0,10.77157,-74.34153,[0.2927104132268613,0.9493000460337816,0.11467360894652331]
2007-05-01T00:00:00.000Z,2,156.0,-1.22843,-73.84153,[0.2861018005943624,0.9581083554787951,0.013196168321988033]
2007-05-01T00:00:00.000Z,8,195.0,-0.72843,-73.84153,[0.2778511858393752,0.9604462250668165,0.018486948979076538]
2007-05-01T00:00:00.000Z,8,174.0,-0.22843,-73.84153,[0.2679587013389598,0.9631447297123256,0.023459838109194078]
2007-05-01T00:00:00.000Z,8,241.0,0.27157,-73.84153,[0.2644565100260302,0.9639866333206909,0.028151822035029025]
2007-05-01T00:00:00.000Z,8,232.0,0.77157,-73.84153,[0.2627988029616956,0.9643020592546088,0.0325319485924357]
2007-05-01T00:00:00.000Z,8,267.0,1.27157,-73.84153,[0.26693975175048906,0.9631186243157646,0.03384796052196201]
2007-05-01T00:00:00.000Z,8,265.0,1.77157,-73.84153,[0.2513149394186825,0.9674047877204516,0.031125197517962354]
2007-05-01T00:00:00.000Z,1,554.0,2.27157,-73.84153,[0.2345794437765473,0.9716801848877427,0.02846230584488774]
2007-05-01T00:00:00.000Z,8,995.0,2.77157,-73.84153,[0.26337862085947783,0.9639225755225972,0.03853531460935803]
2007-05-01T00:00:00.000Z,6,363.0,3.27157,-73.84153,[0.2437677424962997,0.9687118114852954,0.04663382899929212]
2007-05-01T00:00:00.000Z,11,545.0,3.77157,-73.84153,[0.18354240822383092,0.9816425428600395,0.05186619738010503]
2007-05-01T00:00:00.000Z,11,1499.0,4.27157,-73.84153,[0.13752206860443036,0.9888991498120108,0.056268571581660064]
2007-05-01T00:00:00.000Z,11,3610.0,4.77157,-73.84153,[0.1300250925284984,0.9898684463459878,0.0570432663995993]
2007-05-01T00:00:00.000Z,11,2585.0,5.27157,-73.84153,[0.15935305453983684,0.9857416514804008,0.05403702939203441]
2007-05-01T00:00:00.000Z,6,2622.0,5.77157,-73.84153,[0.24122681930395348,0.9691767784424326,0.05005990188210362]
2007-05-01T00:00:00.000Z,0,616.0,6.27157,-73.84153,[0.30346146497203785,0.9519698549308003,0.04079870806846287]
2007-05-01T00:00:00.000Z,5,101.0,6.77157,-73.84153,[0.3317434763996118,0.9416858680957404,0.056338190378039346]
2007-05-01T00:00:00.000Z,5,89.0,7.27157,-73.84153,[0.34062296232859884,0.9367131464036469,0.08089795355304222]
2007-05-01T00:00:00.000Z,10,59.0,7.77157,-73.84153,[0.33891236777145906,0.9352564295296013,0.10214606206352338]
2007-05-01T00:00:00.000Z,10,38.0,8.27157,-73.84153,[0.34973637276719,0.929816356563805,0.11456881176856223]
2007-05-01T00:00:00.000Z,10,29.0,8.77157,-73.84153,[0.3546180319911111,0.9273688053100876,0.11930276746367618]
2007-05-01T00:00:00.000Z,10,52.0,9.27157,-73.84153,[0.3509974971482599,0.9286808778714376,0.11980227072803454]
2007-05-01T00:00:00.000Z,7,46.0,9.77157,-73.84153,[0.2884686069152926,0.9509202299104902,0.11196686639953253]
2007-05-01T00:00:00.000Z,11,931.0,10.27157,-73.84153,[0.15483243353104012,0.9817273865192762,0.11062665178377214]
2007-05-01T00:00:00.000Z,7,2665.0,10.77157,-73.84153,[0.293485808996127,0.9492431634718481,0.11315253651530363]
2007-05-01T00:00:00.000Z,2,139.0,-1.72843,-73.34153,[0.28521062603376823,0.9584403595785933,0.0068538987651525695]
2007-05-01T00:00:00.000Z,8,199.0,-1.22843,-73.34153,[0.2801919971627632,0.9598764902802475,0.011382799884737256]
2007-05-01T00:00:00.000Z,8,223.0,-0.72843,-73.34153,[0.2743987105601776,0.961475796844717,0.01642071023824685]
2007-05-01T00:00:00.000Z,8,171.0,-0.22843,-73.34153,[0.26857518409508435,0.9630185883887485,0.021507415140682048]
2007-05-01T00:00:00.000Z,8,209.0,0.27157,-73.34153,[0.26437498612633387,0.9640662144687194,0.026118974532963104]
2007-05-01T00:00:00.000Z,8,237.0,0.77157,-73.34153,[0.25799621720737875,0.9656429844047605,0.031170155221789432]
2007-05-01T00:00:00.000Z,8,249.0,1.27157,-73.34153,[0.2579008270430346,0.9655555353928243,0.03449161467364161]
2007-05-01T00:00:00.000Z,8,294.0,1.77157,-73.34153,[0.26489986348843225,0.9635600612148949,0.03714930356491161]
2007-05-01T00:00:00.000Z,8,229.0,2.27157,-73.34153,[0.26975009986809306,0.9621794900806784,0.03801989596566036]
2007-05-01T00:00:00.000Z,0,267.0,2.77157,-73.34153,[0.27320248599132163,0.961029921310649,0.042212462541404205]
2007-05-01T00:00:00.000Z,0,234.0,3.27157,-73.34153,[0.27120953394088276,0.960978663570057,0.05445545760230323]
2007-05-01T00:00:00.000Z,0,256.0,3.77157,-73.34153,[0.27124354222847763,0.9606095408565847,0.0604669398485618]
2007-05-01T00:00:00.000Z,6,300.0,4.27157,-73.34153,[0.21562403143218703,0.974495015841583,0.06217508479161121]
2007-05-01T00:00:00.000Z,11,1229.0,4.77157,-73.34153,[0.1608503253891817,0.9849471223506385,0.06329564752327539]
2007-05-01T00:00:00.000Z,11,2684.0,5.27157,-73.34153,[0.14050300695783244,0.9878777310911164,0.06600373815228407]
2007-05-01T00:00:00.000Z,6,3515.0,5.77157,-73.34153,[0.21376880388862965,0.9750475034511985,0.059877078232070245]
2007-05-01T00:00:00.000Z,1,1301.0,6.27157,-73.34153,[0.22908419831134294,0.9725064764851721,0.04185192084534149]
2007-05-01T00:00:00.000Z,0,1945.0,6.77157,-73.34153,[0.2982780457959552,0.9533200287204058,0.04702265663136234]
2007-05-01T00:00:00.000Z,6,351.0,7.27157,-73.34153,[0.2531814655940916,0.965041460784654,0.06777997083393393]
2007-05-01T00:00:00.000Z,9,325.0,7.77157,-73.34153,[0.25982210150465296,0.960060141882664,0.10381232844872008]
2007-05-01T00:00:00.000Z,7,1339.0,8.27157,-73.34153,[0.28273527586024766,0.9526184398278884,0.11215557000929326]
2007-05-01T00:00:00.000Z,7,1230.0,8.77157,-73.34153,[0.29046376060127505,0.9498633461598147,0.11571701430405636]
2007-05-01T00:00:00.000Z,7,809.0,9.27157,-73.34153,[0.30108551549931406,0.946603488418077,0.11527943472814205]
2007-05-01T00:00:00.000Z,7,74.0,9.77157,-73.34153,[0.28847503309299566,0.9508137090745138,0.1128514329459799]
2007-05-01T00:00:00.000Z,6,99.0,10.27157,-73.34153,[0.2424180981249182,0.9641377327251314,0.10803655879905032]
2007-05-01T00:00:00.000Z,7,1426.0,10.77157,-73.34153,[0.3113128567193646,0.9433366941345275,0.11489206561190135]
2007-05-01T00:00:00.000Z,8,146.0,-2.22843,-72.84153,[0.28092330348434685,0.9597301963395195,2.1861735679715708E-4]
2007-05-01T00:00:00.000Z,8,165.0,-1.72843,-72.84153,[0.2816320862354225,0.9595139682206837,0.004038909763841331]
2007-05-01T00:00:00.000Z,8,168.0,-1.22843,-72.84153,[0.28003039001494506,0.9599485354208818,0.009043783023828966]
2007-05-01T00:00:00.000Z,8,178.0,-0.72843,-72.84153,[0.27087396829309635,0.9625126383221092,0.014025490057863882]
2007-05-01T00:00:00.000Z,8,191.0,-0.22843,-72.84153,[0.2700161452010253,0.9626662568036554,0.019103909087345265]
2007-05-01T00:00:00.000Z,8,247.0,0.27157,-72.84153,[0.2602789204292151,0.96524490329215,0.023604242176576595]
2007-05-01T00:00:00.000Z,8,264.0,0.77157,-72.84153,[0.25316376523921075,0.9670025787005919,0.02853280141015695]
2007-05-01T00:00:00.000Z,8,246.0,1.27157,-72.84153,[0.2553172182479976,0.9662615048328687,0.03393850827930699]
2007-05-01T00:00:00.000Z,8,259.0,1.77157,-72.84153,[0.25772667816719874,0.9654358226505148,0.038866845820375945]
2007-05-01T00:00:00.000Z,0,271.0,2.27157,-72.84153,[0.2697225175217115,0.9619400722551663,0.043829909097278116]
2007-05-01T00:00:00.000Z,0,193.0,2.77157,-72.84153,[0.2712790669544689,0.961133256748841,0.05128869859607927]
2007-05-01T00:00:00.000Z,0,182.0,3.27157,-72.84153,[0.27367926349577065,0.960015541481258,0.05890518522897251]
2007-05-01T00:00:00.000Z,9,203.0,3.77157,-72.84153,[0.2761448586636989,0.9589561693438607,0.06439784399305791]
2007-05-01T00:00:00.000Z,9,165.0,4.27157,-72.84153,[0.27709735517723466,0.9584308520247883,0.06802468405527408]
2007-05-01T00:00:00.000Z,6,293.0,4.77157,-72.84153,[0.2059633300672205,0.9762241511859584,0.06756858226184835]
2007-05-01T00:00:00.000Z,11,1653.0,5.27157,-72.84153,[0.14860210753423084,0.9861776227271684,0.07328785757938203]
2007-05-01T00:00:00.000Z,11,2686.0,5.77157,-72.84153,[0.1533775943826321,0.9858315608410398,0.06790763720757756]
2007-05-01T00:00:00.000Z,11,2685.0,6.27157,-72.84153,[0.1799203076297642,0.9826416801317891,0.04521074396850485]
2007-05-01T00:00:00.000Z,11,1547.0,6.77157,-72.84153,[0.16583233881712156,0.9847098568520551,0.05334916326287245]
2007-05-01T00:00:00.000Z,6,3795.0,7.27157,-72.84153,[0.23745498573040502,0.9687218323329956,0.07206345338086918]
2007-05-01T00:00:00.000Z,7,1328.0,7.77157,-72.84153,[0.3157638720557675,0.9425253690419324,0.10926621534910899]
2007-05-01T00:00:00.000Z,10,973.0,8.27157,-72.84153,[0.3529606725194421,0.9282010765217161,0.117734978653544]
2007-05-01T00:00:00.000Z,10,83.0,8.77157,-72.84153,[0.35562922020325566,0.9266048540243996,0.12219370784146466]
2007-05-01T00:00:00.000Z,7,223.0,10.77157,-72.84153,[0.32664283528022775,0.9378972586538892,0.11684686717928736]
2007-05-01T00:00:00.000Z,10,51.0,11.27157,-72.84153,[0.34931458011100364,0.9294699142114466,0.11859596408663796]
2007-05-01T00:00:00.000Z,8,149.0,-2.22843,-72.34153,[0.2765672525388461,0.9609904922847844,0.002797956640470817]
2007-05-01T00:00:00.000Z,8,147.0,-1.72843,-72.34153,[0.2790031192360949,0.9602898057428382,8.651259511196741E-4]
2007-05-01T00:00:00.000Z,8,145.0,-1.22843,-72.34153,[0.27813135340496853,0.9605233948985541,0.006144762458946979]
2007-05-01T00:00:00.000Z,8,205.0,-0.72843,-72.34153,[0.2699287874889636,0.9628168561614213,0.011052202322382762]
2007-05-01T00:00:00.000Z,8,176.0,-0.22843,-72.34153,[0.2683740057973704,0.9631762737707997,0.016335809048535592]
2007-05-01T00:00:00.000Z,8,150.0,0.27157,-72.34153,[0.26492445310903295,0.9640306488134256,0.02144626525168362]
2007-05-01T00:00:00.000Z,8,218.0,0.77157,-72.34153,[0.26100061714294653,0.9649743932615713,0.026515998952769466]
2007-05-01T00:00:00.000Z,8,234.0,1.27157,-72.34153,[0.259199988498999,0.9652607571702723,0.03297023853707268]
2007-05-01T00:00:00.000Z,8,237.0,1.77157,-72.34153,[0.26159588173960224,0.9643752941908353,0.03934319015051954]
2007-05-01T00:00:00.000Z,0,203.0,2.27157,-72.34153,[0.2661848722286668,0.9628405925146307,0.04564654644858778]
2007-05-01T00:00:00.000Z,0,188.0,2.77157,-72.34153,[0.2696074008181478,0.9615295193240974,0.05265769547229449]
2007-05-01T00:00:00.000Z,0,220.0,3.27157,-72.34153,[0.27352633548643246,0.9600029362208641,0.05981393017251947]
2007-05-01T00:00:00.000Z,9,180.0,3.77157,-72.34153,[0.2793911523140679,0.9579125222196614,0.06591042241849247]
2007-05-01T00:00:00.000Z,9,190.0,4.27157,-72.34153,[0.28672928747013016,0.9553994960359681,0.07069737393347485]
2007-05-01T00:00:00.000Z,9,177.0,4.77157,-72.34153,[0.2879849521821767,0.9547808799270627,0.07387921657904302]
2007-05-01T00:00:00.000Z,6,257.0,5.27157,-72.34153,[0.233603578107803,0.9695096856680651,0.07402930292148686]
2007-05-01T00:00:00.000Z,11,1342.0,5.77157,-72.34153,[0.17319694472464917,0.9822089891621553,0.07258319328263259]
2007-05-01T00:00:00.000Z,11,3317.0,6.27157,-72.34153,[0.18163161752808854,0.9822446684742684,0.04696133268982816]
2007-05-01T00:00:00.000Z,6,3467.0,6.77157,-72.34153,[0.2458780511774752,0.9680705879692864,0.04881926523378855]
2007-05-01T00:00:00.000Z,9,2203.0,7.27157,-72.34153,[0.27429092373927705,0.9594140680572071,0.06549148928047936]
2007-05-01T00:00:00.000Z,10,97.0,11.27157,-72.34153,[0.37164309971323484,0.9201984968927014,0.12294768298732359]
2007-05-01T00:00:00.000Z,10,19.0,11.77157,-72.34153,[0.35717887724398983,0.9264327128515987,0.11893560530450911]
2007-05-01T00:00:00.000Z,8,109.0,-2.22843,-71.84153,[0.2740149322418394,0.9617177777515143,0.003838341463309813]
2007-05-01T00:00:00.000Z,8,140.0,-1.72843,-71.84153,[0.2764187460450123,0.9610372682262638,2.142780977093119E-4]
2007-05-01T00:00:00.000Z,8,153.0,-1.22843,-71.84153,[0.27471738859945716,0.9615108600981,0.005217500791230001]
2007-05-01T00:00:00.000Z,8,136.0,-0.72843,-71.84153,[0.2738664489748502,0.9617170650047064,0.009871930137465531]
2007-05-01T00:00:00.000Z,8,192.0,-0.22843,-71.84153,[0.2642462773760629,0.9643409963206118,0.014844113589651339]
2007-05-01T00:00:00.000Z,8,216.0,0.27157,-71.84153,[0.2633291391850234,0.9644952201102244,0.020167668199487898]
2007-05-01T00:00:00.000Z,8,215.0,0.77157,-71.84153,[0.26100697986980614,0.9649979176062953,0.025580763764132396]
2007-05-01T00:00:00.000Z,8,232.0,1.27157,-71.84153,[0.25133279092675703,0.9673747830364566,0.03190387672580467]
2007-05-01T00:00:00.000Z,8,233.0,1.77157,-71.84153,[0.2640564609127364,0.9637021230949081,0.03940055066375083]
2007-05-01T00:00:00.000Z,0,159.0,2.27157,-71.84153,[0.26698665576981306,0.9626120440450681,0.045784039798026525]
2007-05-01T00:00:00.000Z,0,186.0,2.77157,-71.84153,[0.27265427589170627,0.9606307627347325,0.053368375707485136]
2007-05-01T00:00:00.000Z,0,222.0,3.27157,-71.84153,[0.2742112038029774,0.959739213310421,0.06090039526321941]
2007-05-01T00:00:00.000Z,9,206.0,3.77157,-71.84153,[0.2784896328469988,0.9580473469755828,0.06774072150332404]
2007-05-01T00:00:00.000Z,9,189.0,4.27157,-71.84153,[0.2876926316517765,0.9549645149505737,0.07263418532957398]
2007-05-01T00:00:00.000Z,9,149.0,4.77157,-71.84153,[0.2977893372066702,0.9515824685175551,0.07623854836005353]
2007-05-01T00:00:00.000Z,9,172.0,5.27157,-71.84153,[0.3079996808427861,0.9481333458779797,0.07860887376733795]
2007-05-01T00:00:00.000Z,9,213.0,5.77157,-71.84153,[0.30656706735995193,0.94895378484321,0.07418454988786623]
2007-05-01T00:00:00.000Z,0,412.0,6.27157,-71.84153,[0.3085160263408898,0.949464050056847,0.057757070047538675]
2007-05-01T00:00:00.000Z,4,325.0,6.77157,-71.84153,[0.35156380343244115,0.9349833051859189,0.04700118232268837]
2007-05-01T00:00:00.000Z,10,174.0,11.77157,-71.84153,[0.36905852145617285,0.9213648504409315,0.12199434459245713]
2007-05-01T00:00:00.000Z,8,107.0,-2.22843,-71.34153,[0.2723396009858874,0.962195944339244,0.0031790614901076346]
2007-05-01T00:00:00.000Z,8,121.0,-1.72843,-71.34153,[0.2738797932351887,0.9617639250817089,1.0615495861829018E-4]
2007-05-01T00:00:00.000Z,8,140.0,-1.22843,-71.34153,[0.2722090768720307,0.9622274345243876,0.004536817947867178]
2007-05-01T00:00:00.000Z,8,186.0,-0.72843,-71.34153,[0.27220067305759,0.9621977280175273,0.009073355768586332]
2007-05-01T00:00:00.000Z,8,201.0,-0.22843,-71.34153,[0.2674542928522009,0.9634672360620624,0.014109793402438947]
2007-05-01T00:00:00.000Z,8,185.0,0.27157,-71.34153,[0.2658126230628643,0.9638323852003858,0.019255717576207493]
2007-05-01T00:00:00.000Z,8,228.0,0.77157,-71.34153,[0.2552800808029687,0.9665644994918855,0.02418984636641034]
2007-05-01T00:00:00.000Z,8,342.0,1.27157,-71.34153,[0.2584343638811878,0.9655107834601178,0.031632366139057386]
2007-05-01T00:00:00.000Z,8,222.0,1.77157,-71.34153,[0.2632564424352912,0.963891698680397,0.04011033197734555]
2007-05-01T00:00:00.000Z,0,164.0,2.27157,-71.34153,[0.2661695057687074,0.9627850091477461,0.04689158089909649]
2007-05-01T00:00:00.000Z,0,189.0,2.77157,-71.34153,[0.27514975167499844,0.9598493260354755,0.054606643024730464]
2007-05-01T00:00:00.000Z,0,209.0,3.27157,-71.34153,[0.2791341023784566,0.9582534702340884,0.06192285259660014]
2007-05-01T00:00:00.000Z,9,171.0,3.77157,-71.34153,[0.2824951207117914,0.9568033973533472,0.06872965580535921]
2007-05-01T00:00:00.000Z,9,165.0,4.27157,-71.34153,[0.2891793983578288,0.9544019687246972,0.07410909296318502]
2007-05-01T00:00:00.000Z,9,131.0,4.77157,-71.34153,[0.29871548616150806,0.9511729954090126,0.07771094602397127]
2007-05-01T00:00:00.000Z,9,146.0,5.27157,-71.34153,[0.3093849688793367,0.9476347009748572,0.07917963462800802]
2007-05-01T00:00:00.000Z,5,151.0,5.77157,-71.34153,[0.3212988621521795,0.9439619855200895,0.07551695884160715]
2007-05-01T00:00:00.000Z,5,157.0,6.27157,-71.34153,[0.33178411673610925,0.9414524034461439,0.0598888297357598]
2007-05-01T00:00:00.000Z,4,154.0,6.77157,-71.34153,[0.34952922631399086,0.935796332861926,0.045984164171095965]
2007-05-01T00:00:00.000Z,8,97.0,-2.22843,-70.84153,[0.2698629527846916,0.9628962167453782,0.0022051058398749115]
2007-05-01T00:00:00.000Z,8,137.0,-1.72843,-70.84153,[0.2713852113949643,0.9624708078542338,1.051880664321567E-4]
2007-05-01T00:00:00.000Z,8,114.0,-1.22843,-70.84153,[0.2673718598526289,0.9635872125669255,0.0034601064216222568]
2007-05-01T00:00:00.000Z,8,155.0,-0.72843,-70.84153,[0.2673656284271122,0.9635647549981023,0.007653996421638898]
2007-05-01T00:00:00.000Z,8,183.0,-0.22843,-70.84153,[0.2681673140553579,0.9632990575478737,0.011883492740492328]
2007-05-01T00:00:00.000Z,8,193.0,0.27157,-70.84153,[0.26733631130278523,0.9634590983814104,0.0166692052929972]
2007-05-01T00:00:00.000Z,8,250.0,0.77157,-70.84153,[0.2641998053037641,0.9642252736873596,0.021635259646922415]
2007-05-01T00:00:00.000Z,8,316.0,1.27157,-70.84153,[0.2656390317378543,0.9635925661079028,0.030418273438217038]
2007-05-01T00:00:00.000Z,0,186.0,1.77157,-70.84153,[0.268012869338658,0.9625520560294992,0.040775498798216056]
2007-05-01T00:00:00.000Z,0,191.0,2.27157,-70.84153,[0.2686171874104845,0.9620243456096423,0.04851767803615728]
2007-05-01T00:00:00.000Z,0,160.0,2.77157,-70.84153,[0.27526328290995145,0.9597302201074934,0.05610730517551501]
2007-05-01T00:00:00.000Z,0,240.0,3.27157,-70.84153,[0.28323218229954,0.9569814644363246,0.06297624659463257]
2007-05-01T00:00:00.000Z,9,186.0,3.77157,-70.84153,[0.28685797784531036,0.9554661163212618,0.06926038628584488]
2007-05-01T00:00:00.000Z,9,176.0,4.27157,-70.84153,[0.29201138521727493,0.953461416883678,0.07510444339489761]
2007-05-01T00:00:00.000Z,9,146.0,4.77157,-70.84153,[0.29774559993779676,0.9514427065681474,0.07813023637465494]
2007-05-01T00:00:00.000Z,9,123.0,5.27157,-70.84153,[0.30939639659797835,0.9475978198388266,0.07957538318405567]
2007-05-01T00:00:00.000Z,5,120.0,5.77157,-70.84153,[0.3180739700026237,0.9449688490623402,0.07656907932426796]
2007-05-01T00:00:00.000Z,5,126.0,6.27157,-70.84153,[0.32759287248803404,0.942713302123839,0.06304395207953173]
2007-05-01T00:00:00.000Z,5,122.0,6.77157,-70.84153,[0.33738128345182955,0.9401051421451334,0.048746192555673584]
2007-05-01T00:00:00.000Z,8,97.0,-3.72843,-70.34153,[0.264955652284102,0.9642307659593986,0.007585004947740959]
2007-05-01T00:00:00.000Z,8,132.0,-2.22843,-70.34153,[0.2705624983947927,0.9626991221954251,0.002516860450184118]
2007-05-01T00:00:00.000Z,8,129.0,-1.72843,-70.34153,[0.27056334939853893,0.962702150185499,2.0973903054150308E-4]
2007-05-01T00:00:00.000Z,8,144.0,-1.22843,-70.34153,[0.2665644089931728,0.9638132748694326,0.00271791162110686]
2007-05-01T00:00:00.000Z,8,134.0,-0.72843,-70.34153,[0.26915723991593005,0.963078249074187,0.00588781462316097]
2007-05-01T00:00:00.000Z,8,170.0,-0.22843,-70.34153,[0.26997137488762735,0.9628275987203271,0.008858435738500271]
2007-05-01T00:00:00.000Z,8,177.0,0.27157,-70.34153,[0.2706660770497629,0.9626023129318417,0.011690246907596765]
2007-05-01T00:00:00.000Z,8,190.0,0.77157,-70.34153,[0.2672350236977798,0.9635075268478543,0.015449524807527893]
2007-05-01T00:00:00.000Z,8,195.0,1.27157,-70.34153,[0.268144685345012,0.9630254652663272,0.02608411336040973]
2007-05-01T00:00:00.000Z,8,216.0,1.77157,-70.34153,[0.2687384004092259,0.9624584572795534,0.03812335447665763]
2007-05-01T00:00:00.000Z,0,168.0,2.27157,-70.34153,[0.2704029353877539,0.9615486621317425,0.04802523176770918]
2007-05-01T00:00:00.000Z,0,193.0,2.77157,-70.34153,[0.27775266303710217,0.9589331484322767,0.05745150140387209]
2007-05-01T00:00:00.000Z,9,177.0,3.27157,-70.34153,[0.28663570767791635,0.9558115515425256,0.06530121761384108]
2007-05-01T00:00:00.000Z,9,174.0,3.77157,-70.34153,[0.28752609131664886,0.9551529624420495,0.07079240884690219]
2007-05-01T00:00:00.000Z,9,118.0,4.27157,-70.34153,[0.29268480664134783,0.9531584457791817,0.07631894392044201]
2007-05-01T00:00:00.000Z,9,116.0,4.77157,-70.34153,[0.2945065591558173,0.9524230988548507,0.07846099274113472]
2007-05-01T00:00:00.000Z,9,124.0,5.27157,-70.34153,[0.3090632746258781,0.9476425405808175,0.08033372616194699]
2007-05-01T00:00:00.000Z,5,105.0,5.77157,-70.34153,[0.3162682906839063,0.9453546725169852,0.07923958264771323]
2007-05-01T00:00:00.000Z,5,104.0,6.27157,-70.34153,[0.3267268387493961,0.9425716715000565,0.06934130750436825]
2007-05-01T00:00:00.000Z,5,109.0,6.77157,-70.34153,[0.3277606401767581,0.9431960868395917,0.054351674504131475]
2007-05-01T00:00:00.000Z,8,140.0,-3.72843,-69.84153,[0.26662081391602294,0.9637771833773747,0.006847071485781134]
2007-05-01T00:00:00.000Z,8,128.0,-3.22843,-69.84153,[0.26582525977286636,0.9640044440012119,0.005688867427045778]
2007-05-01T00:00:00.000Z,8,61.0,-2.72843,-69.84153,[0.26662499209929985,0.9637922866157571,0.003942315058277585]
2007-05-01T00:00:00.000Z,8,111.0,-2.22843,-69.84153,[0.26646171655266804,0.9638419903428538,0.0026021652007096486]
2007-05-01T00:00:00.000Z,8,145.0,-1.72843,-69.84153,[0.2664625667346779,0.9638450656105926,6.245216407844012E-4]
2007-05-01T00:00:00.000Z,8,68.0,-1.22843,-69.84153,[0.2672667460379292,0.9636219007539399,0.001148411799381727]
2007-05-01T00:00:00.000Z,8,122.0,-0.72843,-69.84153,[0.2698619887198601,0.96289277687203,0.0034651539407608498]
2007-05-01T00:00:00.000Z,8,188.0,0.77157,-69.84153,[0.2738661529855342,0.9616915295222795,0.012113310612821702]
2007-05-01T00:00:00.000Z,8,195.0,1.77157,-69.84153,[0.27060435359311674,0.962264902159307,0.028627642040352896]
2007-05-01T00:00:00.000Z,0,182.0,2.27157,-69.84153,[0.27630663364831937,0.9602443465953,0.03981757192118366]
2007-05-01T00:00:00.000Z,0,180.0,2.77157,-69.84153,[0.28020399934580636,0.9584250432169058,0.05391804229835971]
2007-05-01T00:00:00.000Z,9,198.0,3.27157,-69.84153,[0.2826051654363895,0.9570038556823192,0.06540596821274015]
2007-05-01T00:00:00.000Z,9,149.0,3.77157,-69.84153,[0.2881982015977278,0.9548604566143586,0.07199517338026257]
2007-05-01T00:00:00.000Z,9,188.0,4.27157,-69.84153,[0.2892383537020138,0.9542674472517197,0.07559638789938998]
2007-05-01T00:00:00.000Z,9,143.0,4.77157,-69.84153,[0.29192178133074487,0.953168846617811,0.07906214911041008]
2007-05-01T00:00:00.000Z,9,100.0,5.27157,-69.84153,[0.30127945027749775,0.9499296100167374,0.08285184882631189]
2007-05-01T00:00:00.000Z,7,112.0,5.77157,-69.84153,[0.3100069205498168,0.9471798162924292,0.08213467489105847]
2007-05-01T00:00:00.000Z,5,98.0,6.27157,-69.84153,[0.32385679193044,0.9435105815446393,0.07003256980734064]
2007-05-01T00:00:00.000Z,8,169.0,0.77157,-69.34153,[0.2789235080038185,0.9602633748833751,0.009794260586393627]
2007-05-01T00:00:00.000Z,8,182.0,1.77157,-69.34153,[0.27632616868882365,0.960813510211902,0.021937344689799743]
2007-05-01T00:00:00.000Z,0,167.0,2.27157,-69.34153,[0.28203097120635456,0.9589053021016055,0.030970193441905353]
2007-05-01T00:00:00.000Z,0,128.0,2.77157,-69.34153,[0.28369269188248536,0.9577294635732023,0.04767317040280862]
2007-05-01T00:00:00.000Z,0,182.0,3.27157,-69.34153,[0.2833231436502625,0.9568838247810754,0.06404172190434236]
2007-05-01T00:00:00.000Z,9,123.0,3.77157,-69.34153,[0.28918358705968367,0.954523268565422,0.07251332803338685]
2007-05-01T00:00:00.000Z,9,172.0,4.27157,-69.34153,[0.29093571234191595,0.9537441397073335,0.07568703494007738]
2007-05-01T00:00:00.000Z,9,142.0,4.77157,-69.34153,[0.29492605025962937,0.9521582596397022,0.08008291626900048]
2007-05-01T00:00:00.000Z,9,117.0,5.27157,-69.34153,[0.301921947241551,0.949538912142573,0.08496465206760377]
2007-05-01T00:00:00.000Z,5,83.0,5.77157,-69.34153,[0.31786656230561433,0.9443526596497706,0.08461029949371261]
2007-05-01T00:00:00.000Z,8,139.0,1.77157,-68.84153,[0.28044955459982834,0.9597133047142414,0.017274839484856346]
2007-05-01T00:00:00.000Z,8,178.0,2.27157,-68.84153,[0.28223835318019613,0.9589689500099847,0.026834025245541373]
2007-05-01T00:00:00.000Z,0,155.0,2.77157,-68.84153,[0.28520862710953826,0.9574861052963068,0.04331740050836596]
2007-05-01T00:00:00.000Z,0,154.0,3.27157,-68.84153,[0.2892858826335568,0.9552910676518573,0.061095451332310875]
2007-05-01T00:00:00.000Z,9,118.0,3.77157,-68.84153,[0.29592351626232943,0.9524353171554234,0.07277526474006916]
2007-05-01T00:00:00.000Z,9,168.0,4.27157,-68.84153,[0.2983982400950437,0.9513508466498809,0.07674670603182487]
2007-05-01T00:00:00.000Z,9,130.0,4.77157,-68.84153,[0.304400992413683,0.9490148587014824,0.08191967884074117]
2007-05-01T00:00:00.000Z,7,118.0,5.27157,-68.84153,[0.3126220861310992,0.945882209319736,0.08703032434418878]
2007-05-01T00:00:00.000Z,5,76.0,5.77157,-68.84153,[0.33059662082579183,0.9398389649190366,0.08607319163642937]
2007-05-01T00:00:00.000Z,8,140.0,1.77157,-68.34153,[0.2830655662400777,0.9589787814445218,0.015283387987106857]
2007-05-01T00:00:00.000Z,8,115.0,2.27157,-68.34153,[0.2838993962895333,0.958565261996599,0.023532345395862457]
2007-05-01T00:00:00.000Z,0,126.0,2.77157,-68.34153,[0.29044872886876283,0.9561963770623317,0.03644206897791594]
2007-05-01T00:00:00.000Z,0,132.0,3.27157,-68.34153,[0.2927447741674072,0.9546975097847533,0.05341499797308288]
2007-05-01T00:00:00.000Z,9,110.0,3.77157,-68.34153,[0.30277361484153503,0.9504651572131704,0.07031445853829055]
2007-05-01T00:00:00.000Z,5,121.0,4.27157,-68.34153,[0.31052189440914973,0.9473167938134206,0.07853053706434295]
2007-05-01T00:00:00.000Z,5,109.0,4.77157,-68.34153,[0.3168356405108676,0.9447878666497351,0.08361258238752498]
2007-05-01T00:00:00.000Z,5,89.0,5.27157,-68.34153,[0.3287361645536832,0.9402561265729004,0.08860558987253397]
2007-05-01T00:00:00.000Z,10,65.0,5.77157,-68.34153,[0.34010697090177555,0.9358971965240348,0.09178064001994723]
2007-05-01T00:00:00.000Z,2,136.0,2.27157,-67.84153,[0.2917092822633907,0.9562800531341229,0.020836377304527906]
2007-05-01T00:00:00.000Z,0,120.0,2.77157,-67.84153,[0.29674528661612665,0.9544568547130641,0.030892513046977363]
2007-05-01T00:00:00.000Z,0,103.0,3.27157,-67.84153,[0.30405153897877096,0.9512788958490224,0.05119691354863129]
2007-05-01T00:00:00.000Z,5,95.0,3.77157,-67.84153,[0.31170304453473635,0.9475772553855984,0.07027486822237693]
2007-05-01T00:00:00.000Z,5,110.0,4.27157,-67.84153,[0.31522556426673976,0.9456766928002193,0.07955146967313359]
2007-05-01T00:00:00.000Z,5,101.0,4.77157,-67.84153,[0.3252645072474261,0.9417405588896598,0.08560210317089302]
2007-05-01T00:00:00.000Z,10,80.0,5.77157,-67.84153,[0.3501830980489349,0.9317592679535264,0.0958981982289486]
2007-05-01T00:00:00.000Z,10,54.0,6.27157,-67.84153,[0.3532763613858833,0.9312514685295722,0.08925533512046169]
2007-05-01T00:00:00.000Z,2,114.0,2.27157,-67.34153,[0.30468184922802793,0.9522713147459029,0.018663168624299866]
