2009-09-01T00:00:00.000Z,2,10.0,1.77157,-78.84153,[0.31587211440520746,0.9487993848426083,0.0021294749285744323]
2009-09-01T00:00:00.000Z,4,235.0,1.27157,-78.34153,[0.331396179242667,0.9434898685155034,0.0018548293614328378]
2009-09-01T00:00:00.000Z,4,57.0,1.77157,-78.34153,[0.32636288623191556,0.9452436186420666,0.001329626573537434]
2009-09-01T00:00:00.000Z,2,1772.0,1.27157,-77.84153,[0.31891613889644377,0.9477829027444514,2.561575412822842E-4]
2009-09-01T00:00:00.000Z,4,528.0,1.77157,-77.84153,[0.3405358183421063,0.9402294102019184,0.0020031518726006253]
2009-09-01T00:00:00.000Z,4,116.0,2.27157,-77.84153,[0.32847181751094734,0.9445068745278156,0.0036095804122082123]
2009-09-01T00:00:00.000Z,9,167.0,7.27157,-77.84153,[0.26979850342607725,0.957245090155722,0.10435806112520667]
2009-09-01T00:00:00.000Z,1,2201.0,0.77157,-77.34153,[0.22599733779734701,0.9741264560230475,0.0016884858571066157]
2009-09-01T00:00:00.000Z,2,2447.0,1.27157,-77.34153,[0.29004246069481265,0.9570064601727458,0.0037424833638040346]
2009-09-01T00:00:00.000Z,8,1706.0,1.77157,-77.34153,[0.26617404001208267,0.9639118148010372,0.005039217262364672]
2009-09-01T00:00:00.000Z,4,2096.0,2.27157,-77.34153,[0.3343672139235739,0.9424249658849766,0.005809468967784103]
2009-09-01T00:00:00.000Z,4,57.0,2.77157,-77.34153,[0.33500021300383404,0.9421880990732833,0.0075128724239830426]
2009-09-01T00:00:00.000Z,2,74.0,3.27157,-77.34153,[0.3134065367982608,0.949540250894359,0.012233340655694196]
2009-09-01T00:00:00.000Z,0,28.0,4.27157,-77.34153,[0.29559256549482377,0.9540580938545616,0.048971305626754384]
2009-09-01T00:00:00.000Z,9,14.0,5.27157,-77.34153,[0.28400782297387706,0.9553979638738085,0.08095855183623162]
2009-09-01T00:00:00.000Z,9,499.0,6.27157,-77.34153,[0.2913675672661402,0.9516530048730587,0.09727023728504604]
2009-09-01T00:00:00.000Z,7,695.0,6.77157,-77.34153,[0.3033322183237935,0.9472084140966042,0.10385463683130625]
2009-09-01T00:00:00.000Z,7,345.0,7.27157,-77.34153,[0.29891579922814276,0.9482459997986402,0.10713948309413208]
2009-09-01T00:00:00.000Z,2,279.0,0.27157,-76.84153,[0.3158475022833065,0.9488058968590527,0.002779458020093097]
2009-09-01T00:00:00.000Z,1,485.0,0.77157,-76.84153,[0.2374781973127542,0.9713868815612128,0.0034105911316193427]
2009-09-01T00:00:00.000Z,1,3335.0,1.27157,-76.84153,[0.19684555357244457,0.9804178539221111,0.005714870910167745]
2009-09-01T00:00:00.000Z,1,2008.0,1.77157,-76.84153,[0.2059391121891856,0.9785305641287388,0.008186399490750234]
2009-09-01T00:00:00.000Z,8,1013.0,2.27157,-76.84153,[0.2514808554819357,0.9678202620062375,0.009017747848089614]
2009-09-01T00:00:00.000Z,2,2856.0,2.77157,-76.84153,[0.29281709781618154,0.9561114802606623,0.010439566096055166]
2009-09-01T00:00:00.000Z,2,1911.0,3.27157,-76.84153,[0.2942333762287335,0.9556403353983656,0.013351766652396312]
2009-09-01T00:00:00.000Z,2,794.0,3.77157,-76.84153,[0.31147373719802884,0.9500550285190842,0.019482141091150842]
2009-09-01T00:00:00.000Z,4,70.0,4.27157,-76.84153,[0.31783828187894564,0.9476506706944208,0.030610993199411365]
2009-09-01T00:00:00.000Z,5,24.0,4.77157,-76.84153,[0.31313474233042005,0.9474628416835871,0.06527477900784859]
2009-09-01T00:00:00.000Z,5,133.0,5.27157,-76.84153,[0.3138448316150923,0.9461498600160871,0.07938428093793512]
2009-09-01T00:00:00.000Z,7,76.0,5.77157,-76.84153,[0.3025107374769535,0.9486280107296164,0.09269385616274951]
2009-09-01T00:00:00.000Z,7,38.0,6.27157,-76.84153,[0.2941758463869789,0.9506763838837891,0.0983614992166501]
2009-09-01T00:00:00.000Z,7,20.0,6.77157,-76.84153,[0.31311383842041246,0.9439461305321258,0.1045247666491671]
2009-09-01T00:00:00.000Z,7,15.0,7.27157,-76.84153,[0.3109377504010159,0.9442447861442614,0.10825663589329489]
2009-09-01T00:00:00.000Z,7,8.0,7.77157,-76.84153,[0.3214964260851288,0.9402906225285487,0.11177474311920248]
2009-09-01T00:00:00.000Z,2,294.0,0.77157,-76.34153,[0.30220061958818994,0.9531911209510825,0.010073353986273]
2009-09-01T00:00:00.000Z,1,1412.0,1.27157,-76.34153,[0.229864498899335,0.9731763295792499,0.009494403215407315]
2009-09-01T00:00:00.000Z,11,2388.0,1.77157,-76.34153,[0.17208792536066986,0.985010736952491,0.011814991890434052]
2009-09-01T00:00:00.000Z,1,3852.0,2.27157,-76.34153,[0.18466205780418257,0.9827120698530274,0.013300833534147415]
2009-09-01T00:00:00.000Z,8,2450.0,2.77157,-76.34153,[0.2554100453000808,0.9667270214608059,0.014302962536804527]
2009-09-01T00:00:00.000Z,8,990.0,3.27157,-76.34153,[0.25840852829211153,0.9658959552666305,0.01643277534284787]
2009-09-01T00:00:00.000Z,8,962.0,3.77157,-76.34153,[0.27613744794714185,0.9609087874752558,0.02006020922306591]
2009-09-01T00:00:00.000Z,1,1899.0,4.27157,-76.34153,[0.23478390502242583,0.9716799237561782,0.02673282086889007]
2009-09-01T00:00:00.000Z,0,1358.0,4.77157,-76.34153,[0.27079760420480825,0.9613906210415245,0.048956422768904204]
2009-09-01T00:00:00.000Z,6,407.0,5.27157,-76.34153,[0.25121382663302017,0.9651284688319751,0.07361149338548964]
2009-09-01T00:00:00.000Z,6,480.0,5.77157,-76.34153,[0.2415450743750431,0.9661802975001724,0.09028626566445785]
2009-09-01T00:00:00.000Z,6,1095.0,6.27157,-76.34153,[0.23472180039913218,0.9673728569847729,0.09536997423984156]
2009-09-01T00:00:00.000Z,9,1485.0,6.77157,-76.34153,[0.2548885260044794,0.9619271329212528,0.09863077745390726]
2009-09-01T00:00:00.000Z,7,827.0,7.27157,-76.34153,[0.295305435550904,0.9495205543098296,0.10585564074363174]
2009-09-01T00:00:00.000Z,7,201.0,7.77157,-76.34153,[0.31189292964267445,0.9437054452055922,0.1101945240391949]
2009-09-01T00:00:00.000Z,7,165.0,8.27157,-76.34153,[0.31497252812988324,0.9426434145114557,0.1105246560802334]
2009-09-01T00:00:00.000Z,7,99.0,8.77157,-76.34153,[0.32497490128716117,0.939073380231939,0.11194864926902917]
2009-09-01T00:00:00.000Z,4,267.0,0.27157,-75.84153,[0.33072162661508875,0.9434926404566305,0.02109130373507547]
2009-09-01T00:00:00.000Z,4,241.0,0.77157,-75.84153,[0.32211730344704603,0.9465293070520892,0.017964234230700645]
2009-09-01T00:00:00.000Z,8,250.0,1.27157,-75.84153,[0.27369489168905003,0.9616985643752859,0.015065773854443121]
2009-09-01T00:00:00.000Z,2,1712.0,1.77157,-75.84153,[0.29423174974134664,0.9555905025383373,0.016567103025976724]
2009-09-01T00:00:00.000Z,8,1262.0,2.27157,-75.84153,[0.2628476405739151,0.9646641834260943,0.01827925216173927]
2009-09-01T00:00:00.000Z,1,2705.0,2.77157,-75.84153,[0.21675565823363133,0.9760494310879686,0.018560514447550466]
2009-09-01T00:00:00.000Z,1,1867.0,3.27157,-75.84153,[0.19022129735360574,0.9815418943446057,0.019783014924774998]
2009-09-01T00:00:00.000Z,1,3782.0,3.77157,-75.84153,[0.20657626763268305,0.9781993849665286,0.02126520402101149]
2009-09-01T00:00:00.000Z,8,2035.0,4.27157,-75.84153,[0.26115540173380597,0.9650313892639687,0.022633468150263188]
2009-09-01T00:00:00.000Z,8,1185.0,4.77157,-75.84153,[0.26299302589441576,0.9643077616128577,0.030744255139769732]
2009-09-01T00:00:00.000Z,0,1530.0,5.27157,-75.84153,[0.27759539885097195,0.9589659233033576,0.0576641351249519]
2009-09-01T00:00:00.000Z,9,1704.0,5.77157,-75.84153,[0.26808195262485607,0.9594511988679059,0.08709456738386472]
2009-09-01T00:00:00.000Z,6,488.0,6.27157,-75.84153,[0.2152703200145416,0.9722262822395873,0.09184087022359519]
2009-09-01T00:00:00.000Z,6,896.0,6.77157,-75.84153,[0.216167688369929,0.9716517012954461,0.09573140484953997]
2009-09-01T00:00:00.000Z,9,2421.0,7.27157,-75.84153,[0.2662273045288759,0.9586374134270221,0.10068431805022095]
2009-09-01T00:00:00.000Z,7,131.0,7.77157,-75.84153,[0.31778762463146115,0.9418903964708649,0.10887381074919013]
2009-09-01T00:00:00.000Z,7,43.0,8.27157,-75.84153,[0.316718236564965,0.9421797900691585,0.10948425371904005]
2009-09-01T00:00:00.000Z,7,10.0,8.77157,-75.84153,[0.32049403851431435,0.9410250492547954,0.10842245132718294]
2009-09-01T00:00:00.000Z,7,155.0,9.27157,-75.84153,[0.32968185849912807,0.9377876186989332,0.10892315819670839]
2009-09-01T00:00:00.000Z,4,228.0,0.27157,-75.34153,[0.3297881584502666,0.9434916863934318,0.03260687431293989]
2009-09-01T00:00:00.000Z,4,189.0,0.77157,-75.34153,[0.32640486514123634,0.9445958976056993,0.034618697818009914]
2009-09-01T00:00:00.000Z,4,244.0,1.27157,-75.34153,[0.31980747139229354,0.946929934825619,0.03235552151976719]
2009-09-01T00:00:00.000Z,8,1357.0,1.77157,-75.34153,[0.26486070240037285,0.9639401524859723,0.025849385859267153]
2009-09-01T00:00:00.000Z,4,2437.0,2.27157,-75.34153,[0.32658374888272357,0.9448598204854868,0.024144866904577428]
2009-09-01T00:00:00.000Z,4,485.0,2.77157,-75.34153,[0.3909674974903406,0.9200964414622301,0.02381080247873503]
2009-09-01T00:00:00.000Z,4,694.0,3.27157,-75.34153,[0.3952125822238843,0.9182880586966723,0.023538396441275464]
2009-09-01T00:00:00.000Z,2,442.0,3.77157,-75.34153,[0.3019979696757369,0.9530585276779748,0.021832753651882274]
2009-09-01T00:00:00.000Z,11,2270.0,4.27157,-75.34153,[0.15790833489388204,0.9872480449869536,0.020155779331983318]
2009-09-01T00:00:00.000Z,1,4229.0,4.77157,-75.34153,[0.19514179331004475,0.9805272824344224,0.02204379517020876]
2009-09-01T00:00:00.000Z,1,3209.0,5.27157,-75.34153,[0.21718702303978196,0.9755216006926521,0.03445872320854641]
2009-09-01T00:00:00.000Z,6,1992.0,5.77157,-75.34153,[0.23692163576206138,0.9696689628612205,0.060085280822131035]
2009-09-01T00:00:00.000Z,6,2185.0,6.27157,-75.34153,[0.233785739210897,0.9688732376252596,0.08141791912817307]
2009-09-01T00:00:00.000Z,9,2092.0,6.77157,-75.34153,[0.2553652556503325,0.9625305789897151,0.09123305714687094]
2009-09-01T00:00:00.000Z,7,869.0,7.27157,-75.34153,[0.3128000200935846,0.9441080898445053,0.10400029865155312]
2009-09-01T00:00:00.000Z,7,83.0,7.77157,-75.34153,[0.3240089331799775,0.9398556997915658,0.10811787451147475]
2009-09-01T00:00:00.000Z,7,30.0,8.27157,-75.34153,[0.3250002257256781,0.9393999457371189,0.10909901570296614]
2009-09-01T00:00:00.000Z,7,74.0,8.77157,-75.34153,[0.3195219895782057,0.9414487192929275,0.10761044149008855]
2009-09-01T00:00:00.000Z,7,180.0,9.27157,-75.34153,[0.3134902590586799,0.9438659785376861,0.10411950842382146]
2009-09-01T00:00:00.000Z,7,136.0,9.77157,-75.34153,[0.3223875293970323,0.9410537389793656,0.10239209560426872]
2009-09-01T00:00:00.000Z,7,79.0,10.27157,-75.34153,[0.32513581791572016,0.9401654594975545,0.10186073176660325]
2009-09-01T00:00:00.000Z,4,205.0,0.27157,-74.84153,[0.3221947881025663,0.9458369726495792,0.03978617459145326]
2009-09-01T00:00:00.000Z,5,239.0,0.77157,-74.84153,[0.320297817597076,0.9462791036993462,0.04433019224537478]
2009-09-01T00:00:00.000Z,4,226.0,1.27157,-74.84153,[0.32072875695941505,0.9462722485863658,0.041254042402794996]
2009-09-01T00:00:00.000Z,4,258.0,1.77157,-74.84153,[0.3247696705014076,0.9452440215371707,0.032224228006949]
2009-09-01T00:00:00.000Z,8,576.0,2.27157,-74.84153,[0.2527742247958709,0.9670814869055957,0.029301688744993993]
2009-09-01T00:00:00.000Z,8,1998.0,2.77157,-74.84153,[0.284204919845095,0.9583654273846226,0.02762736197563946]
2009-09-01T00:00:00.000Z,2,2106.0,3.27157,-74.84153,[0.2942656393737683,0.9553736453211132,0.02586370642029533]
2009-09-01T00:00:00.000Z,4,361.0,3.77157,-74.84153,[0.3784449480197609,0.9252422442394891,0.02657462686462292]
2009-09-01T00:00:00.000Z,4,289.0,4.27157,-74.84153,[0.34822843948742305,0.9371244105124861,0.023125595209203383]
2009-09-01T00:00:00.000Z,4,277.0,4.77157,-74.84153,[0.35061124127331794,0.9362764607785606,0.02140435667698533]
2009-09-01T00:00:00.000Z,4,325.0,5.27157,-74.84153,[0.34905522561772145,0.9367372963850124,0.026147409628091135]
2009-09-01T00:00:00.000Z,0,379.0,5.77157,-74.84153,[0.3137732416341086,0.9485329028709261,0.04279818928036117]
2009-09-01T00:00:00.000Z,9,978.0,6.27157,-74.84153,[0.27789349973855076,0.9584490093023486,0.06442592157203952]
2009-09-01T00:00:00.000Z,9,1143.0,6.77157,-74.84153,[0.288053821046272,0.9538280222193675,0.08507114792767331]
2009-09-01T00:00:00.000Z,7,322.0,7.27157,-74.84153,[0.3091476917285549,0.9455616212210377,0.10169033962353197]
2009-09-01T00:00:00.000Z,7,55.0,7.77157,-74.84153,[0.3285210843174212,0.9381359133148893,0.10942991048038045]
2009-09-01T00:00:00.000Z,10,27.0,8.27157,-74.84153,[0.33201694542486787,0.9368450173352041,0.10993707948159086]
2009-09-01T00:00:00.000Z,10,14.0,8.77157,-74.84153,[0.3366984590120585,0.9352734972557182,0.10907627161744814]
2009-09-01T00:00:00.000Z,10,48.0,9.27157,-74.84153,[0.333203461068332,0.9369170490667035,0.10564987789971501]
2009-09-01T00:00:00.000Z,7,15.0,9.77157,-74.84153,[0.3252144842687828,0.9401446886784178,0.10180129454751688]
2009-09-01T00:00:00.000Z,10,5.0,10.27157,-74.84153,[0.3378669556500224,0.9355419496102344,0.1029911685498689]
2009-09-01T00:00:00.000Z,4,171.0,-0.72843,-74.34153,[0.3360890841124285,0.9415436841679065,0.02322968669600609]
2009-09-01T00:00:00.000Z,4,219.0,-0.22843,-74.34153,[0.3233349602522039,0.9456939814895287,0.033427486492239124]
2009-09-01T00:00:00.000Z,5,201.0,0.27157,-74.34153,[0.3188290374433002,0.9468256263467705,0.04323514977450814]
2009-09-01T00:00:00.000Z,5,242.0,0.77157,-74.34153,[0.3132933183505773,0.9482503872214038,0.051657524247118086]
2009-09-01T00:00:00.000Z,5,251.0,1.27157,-74.34153,[0.3187188932737125,0.9464985315401161,0.05058455162185059]
2009-09-01T00:00:00.000Z,4,298.0,1.77157,-74.34153,[0.328950550193187,0.9435686834488782,0.03833634231574735]
2009-09-01T00:00:00.000Z,4,313.0,2.27157,-74.34153,[0.33653565030414734,0.9407701133502301,0.041174626912211965]
2009-09-01T00:00:00.000Z,0,364.0,2.77157,-74.34153,[0.3052935688751453,0.9516473172049509,0.03410601794546603]
2009-09-01T00:00:00.000Z,11,899.0,3.27157,-74.34153,[0.17154912239457745,0.9845427893949662,0.03530431214497101]
2009-09-01T00:00:00.000Z,11,3444.0,3.77157,-74.34153,[0.16867545357474847,0.9852179901979626,0.029901557679159956]
2009-09-01T00:00:00.000Z,1,2263.0,4.27157,-74.34153,[0.19534845315557184,0.9804050492745261,0.02539529891022434]
2009-09-01T00:00:00.000Z,1,2655.0,4.77157,-74.34153,[0.2323756045384279,0.972402529760806,0.020854220920115324]
2009-09-01T00:00:00.000Z,2,1104.0,5.27157,-74.34153,[0.30630683327023883,0.9517390890896706,0.019204952244721327]
2009-09-01T00:00:00.000Z,4,744.0,5.77157,-74.34153,[0.33156173223688645,0.9430288398766515,0.027630144353073868]
2009-09-01T00:00:00.000Z,5,119.0,6.27157,-74.34153,[0.3338682839141531,0.9414377758427355,0.04718986345076368]
2009-09-01T00:00:00.000Z,9,97.0,6.77157,-74.34153,[0.286774582995218,0.9555418722457849,0.0685570487472943]
2009-09-01T00:00:00.000Z,9,575.0,7.27157,-74.34153,[0.2754955818182264,0.9565206600728822,0.09576226424001551]
2009-09-01T00:00:00.000Z,7,1234.0,7.77157,-74.34153,[0.30947328024197274,0.9445262567979911,0.10998381260644087]
2009-09-01T00:00:00.000Z,10,715.0,8.27157,-74.34153,[0.337471997709813,0.9345378398117898,0.11292332231059127]
2009-09-01T00:00:00.000Z,10,14.0,8.77157,-74.34153,[0.3470105356785992,0.9313238088143846,0.11054253146874962]
2009-09-01T00:00:00.000Z,10,37.0,9.27157,-74.34153,[0.3351834812849263,0.9361615828168467,0.10608263162070299]
2009-09-01T00:00:00.000Z,7,95.0,9.77157,-74.34153,[0.3270338586201593,0.9395000956119771,0.10192362660882703]
2009-09-01T00:00:00.000Z,7,119.0,10.27157,-74.34153,[0.3190862712395101,0.9423909946285174,0.10041496277716483]
2009-09-01T00:00:00.000Z,7,5.0,10.77157,-74.34153,[0.2996468594462933,0.9486888986330523,0.10100065957398227]
2009-09-01T00:00:00.000Z,4,156.0,-1.22843,-73.84153,[0.3337636749400323,0.9426073017537174,0.009658362754674927]
2009-09-01T00:00:00.000Z,4,195.0,-0.72843,-73.84153,[0.32375596998931433,0.945898972021019,0.021382390555264415]
2009-09-01T00:00:00.000Z,2,174.0,-0.22843,-73.84153,[0.3124822517553029,0.9493735587680194,0.03232163749072026]
2009-09-01T00:00:00.000Z,0,241.0,0.27157,-73.84153,[0.3112927375865727,0.9493240356170674,0.04336711802255689]
2009-09-01T00:00:00.000Z,0,232.0,0.77157,-73.84153,[0.30901887306226106,0.949466384790535,0.054962898796570105]
2009-09-01T00:00:00.000Z,5,267.0,1.27157,-73.84153,[0.31175297719208217,0.9482980294816187,0.05950570134997157]
2009-09-01T00:00:00.000Z,0,265.0,1.77157,-73.84153,[0.29904304862773046,0.9526825976045482,0.05448966222030978]
2009-09-01T00:00:00.000Z,0,554.0,2.27157,-73.84153,[0.2820665799631517,0.95831825493757,0.045437503466867535]
2009-09-01T00:00:00.000Z,5,995.0,2.77157,-73.84153,[0.3161580934265481,0.9472488613128748,0.0525704736744144]
2009-09-01T00:00:00.000Z,0,363.0,3.27157,-73.84153,[0.2991673128670125,0.9524510368827336,0.057757607749427314]
2009-09-01T00:00:00.000Z,6,545.0,3.77157,-73.84153,[0.23042885638313598,0.9714395471731153,0.05663698733206553]
2009-09-01T00:00:00.000Z,11,1499.0,4.27157,-73.84153,[0.16341607298739963,0.985338395642543,0.049024821896219886]
2009-09-01T00:00:00.000Z,11,3610.0,4.77157,-73.84153,[0.1547739451414428,0.9871409099572336,0.039973113390860814]
2009-09-01T00:00:00.000Z,11,2585.0,5.27157,-73.84153,[0.18560388084508486,0.9822019036025609,0.028820478392093923]
2009-09-01T00:00:00.000Z,8,2622.0,5.77157,-73.84153,[0.27079328883855625,0.9623040478898051,0.025336024449272646]
2009-09-01T00:00:00.000Z,4,616.0,6.27157,-73.84153,[0.32960066465859694,0.9434221923198971,0.03630384132471503]
2009-09-01T00:00:00.000Z,5,101.0,6.77157,-73.84153,[0.352527270658119,0.9335894616049497,0.06430583661315344]
2009-09-01T00:00:00.000Z,10,89.0,7.27157,-73.84153,[0.3579882541827862,0.9285702156277048,0.09798859380702885]
2009-09-01T00:00:00.000Z,10,59.0,7.77157,-73.84153,[0.3375167385843064,0.9346617376180794,0.11175816483892945]
2009-09-01T00:00:00.000Z,10,38.0,8.27157,-73.84153,[0.344055110094667,0.9318159231730564,0.1155212817574802]
2009-09-01T00:00:00.000Z,10,29.0,8.77157,-73.84153,[0.3516974549532268,0.9293998036392832,0.11191472277893058]
2009-09-01T00:00:00.000Z,10,52.0,9.27157,-73.84153,[0.34624054059539755,0.9320939120526619,0.10638809690266887]
2009-09-01T00:00:00.000Z,9,46.0,9.77157,-73.84153,[0.28733817240230475,0.9529301108185809,0.09675215023858853]
2009-09-01T00:00:00.000Z,11,931.0,10.27157,-73.84153,[0.15498158203767773,0.9837025415447045,0.09115930554577294]
2009-09-01T00:00:00.000Z,9,2665.0,10.77157,-73.84153,[0.2906938715063467,0.9520787652048952,0.09509520447726999]
2009-09-01T00:00:00.000Z,2,139.0,-1.72843,-73.34153,[0.32410790676817786,0.9460123773196628,0.0038271044341629855]
2009-09-01T00:00:00.000Z,2,199.0,-1.22843,-73.34153,[0.3230312658848161,0.9463619678329241,0.007058831365631167]
2009-09-01T00:00:00.000Z,2,223.0,-0.72843,-73.34153,[0.3197471514137684,0.9473105903825826,0.019089382173956324]
2009-09-01T00:00:00.000Z,2,171.0,-0.22843,-73.34153,[0.3090280894812766,0.9505845033853717,0.02984529837575827]
2009-09-01T00:00:00.000Z,0,209.0,0.27157,-73.34153,[0.30994800749844076,0.9498786845769706,0.04077642988382529]
2009-09-01T00:00:00.000Z,0,237.0,0.77157,-73.34153,[0.300406919581412,0.9524529465798257,0.05088287746398335]
2009-09-01T00:00:00.000Z,0,249.0,1.27157,-73.34153,[0.29931159795795637,0.9524605500910162,0.056846001162557606]
2009-09-01T00:00:00.000Z,0,294.0,1.77157,-73.34153,[0.3085986140631358,0.9492634174033342,0.06054634405193083]
2009-09-01T00:00:00.000Z,5,229.0,2.27157,-73.34153,[0.3164159587414823,0.9468777192301289,0.05747630711221682]
2009-09-01T00:00:00.000Z,5,267.0,2.77157,-73.34153,[0.316777971543561,0.946761230741094,0.05740112115939715]
2009-09-01T00:00:00.000Z,5,234.0,3.27157,-73.34153,[0.3224271318194267,0.9443371426321787,0.0653307409416891]
2009-09-01T00:00:00.000Z,5,256.0,3.77157,-73.34153,[0.3228457289543723,0.9442630719041414,0.0643264046412847]
2009-09-01T00:00:00.000Z,6,300.0,4.27157,-73.34153,[0.2535116916582904,0.9657026765959994,0.05612630940899825]
2009-09-01T00:00:00.000Z,11,1229.0,4.77157,-73.34153,[0.18217212190712082,0.9820945802813372,0.04799534750245299]
2009-09-01T00:00:00.000Z,11,2684.0,5.27157,-73.34153,[0.1573804610639543,0.9866544289778675,0.04176635312851096]
2009-09-01T00:00:00.000Z,1,3515.0,5.77157,-73.34153,[0.23516008280538842,0.971364764150901,0.033915047118164066]
2009-09-01T00:00:00.000Z,8,1301.0,6.27157,-73.34153,[0.2459714697940535,0.9687312388571488,0.032524189607839295]
2009-09-01T00:00:00.000Z,5,1945.0,6.77157,-73.34153,[0.3166444771976112,0.9474883004947825,0.04474589909433425]
2009-09-01T00:00:00.000Z,9,351.0,7.27157,-73.34153,[0.2575035436385871,0.9633391498622143,0.07529679512646185]
2009-09-01T00:00:00.000Z,9,325.0,7.77157,-73.34153,[0.2554730204820329,0.9606247964731645,0.10924072595272448]
2009-09-01T00:00:00.000Z,9,1339.0,8.27157,-73.34153,[0.2762536754731726,0.9547511964051907,0.11015470825352866]
2009-09-01T00:00:00.000Z,9,1230.0,8.77157,-73.34153,[0.2846876063558567,0.952785134174843,0.10560991848685006]
2009-09-01T00:00:00.000Z,7,809.0,9.27157,-73.34153,[0.29673460389893497,0.9497798711668616,0.09933162223180565]
2009-09-01T00:00:00.000Z,9,74.0,9.77157,-73.34153,[0.2859719886944094,0.953615253638444,0.094010476598359]
2009-09-01T00:00:00.000Z,6,99.0,10.27157,-73.34153,[0.24008228945202048,0.9667887709771945,0.08763541866096174]
2009-09-01T00:00:00.000Z,7,1426.0,10.77157,-73.34153,[0.3110131205956046,0.9457573704357047,0.09388202748090368]
2009-09-01T00:00:00.000Z,2,146.0,-2.22843,-72.84153,[0.3172255605707227,0.9481519532613824,0.01938600647932194]
2009-09-01T00:00:00.000Z,2,165.0,-1.72843,-72.84153,[0.3172741438262068,0.9482971632138847,0.00834313489320766]
2009-09-01T00:00:00.000Z,2,168.0,-1.22843,-72.84153,[0.31906083966972676,0.9477288645004476,0.0031906083966972676]
2009-09-01T00:00:00.000Z,2,178.0,-0.72843,-72.84153,[0.314776679851646,0.9490457950583333,0.015090417610865424]
2009-09-01T00:00:00.000Z,2,191.0,-0.22843,-72.84153,[0.30945270647630996,0.9505452946102503,0.02650783561136693]
2009-09-01T00:00:00.000Z,0,247.0,0.27157,-72.84153,[0.2989902282068671,0.9535364034705491,0.03705631785884338]
2009-09-01T00:00:00.000Z,0,264.0,0.77157,-72.84153,[0.2931288142386275,0.9549587151367788,0.04614488755397145]
2009-09-01T00:00:00.000Z,0,246.0,1.27157,-72.84153,[0.2920643415382788,0.9549134916700757,0.053278924804053204]
2009-09-01T00:00:00.000Z,0,259.0,1.77157,-72.84153,[0.29768654862980937,0.9528268293981158,0.0591924990518733]
2009-09-01T00:00:00.000Z,5,271.0,2.27157,-72.84153,[0.311407382878742,0.9482179860689783,0.06251474053296094]
2009-09-01T00:00:00.000Z,5,193.0,2.77157,-72.84153,[0.31269436434674686,0.947487434825105,0.06700593521716004]
2009-09-01T00:00:00.000Z,5,182.0,3.27157,-72.84153,[0.3133521737226005,0.9471246153119203,0.06903171947422702]
2009-09-01T00:00:00.000Z,5,203.0,3.77157,-72.84153,[0.3165651003776188,0.9461250180458908,0.06807339752481126]
2009-09-01T00:00:00.000Z,5,165.0,4.27157,-72.84153,[0.31273195802718706,0.9477086332610954,0.063616577013135]
2009-09-01T00:00:00.000Z,6,293.0,4.77157,-72.84153,[0.23072873238607264,0.9713679633453659,0.05664390380078084]
2009-09-01T00:00:00.000Z,11,1653.0,5.27157,-72.84153,[0.16315013098800835,0.9850807151321413,0.05475417274824825]
2009-09-01T00:00:00.000Z,11,2686.0,5.77157,-72.84153,[0.1617818969037553,0.9857408602042764,0.046277147253864885]
2009-09-01T00:00:00.000Z,11,2685.0,6.27157,-72.84153,[0.1838207607089848,0.9823667926200939,0.03413814127452574]
2009-09-01T00:00:00.000Z,11,1547.0,6.77157,-72.84153,[0.15586468454280636,0.9867240110169595,0.04562812942664411]
2009-09-01T00:00:00.000Z,6,3795.0,7.27157,-72.84153,[0.2308361535986877,0.9702148993894082,0.07346917172912547]
2009-09-01T00:00:00.000Z,7,1328.0,7.77157,-72.84153,[0.30864747809290094,0.944791135230941,0.11002929180869063]
2009-09-01T00:00:00.000Z,10,973.0,8.27157,-72.84153,[0.34613203307865614,0.931431686235967,0.11237272601685537]
2009-09-01T00:00:00.000Z,10,83.0,8.77157,-72.84153,[0.34811594796100126,0.931119819286692,0.1087711768196485]
2009-09-01T00:00:00.000Z,7,223.0,10.77157,-72.84153,[0.32793252623175384,0.9401518827579418,0.09259965219134056]
2009-09-01T00:00:00.000Z,10,51.0,11.27157,-72.84153,[0.3607480254745251,0.927637779791636,0.09669028709997476]
2009-09-01T00:00:00.000Z,2,149.0,-2.22843,-72.34153,[0.3105846943057512,0.9502275219837668,0.024592765757295545]
2009-09-01T00:00:00.000Z,2,147.0,-1.72843,-72.34153,[0.31689711499714934,0.9483526208955281,0.01426621698511152]
2009-09-01T00:00:00.000Z,2,145.0,-1.22843,-72.34153,[0.31517628642490797,0.9490308180127784,0.00210117524283272]
2009-09-01T00:00:00.000Z,2,205.0,-0.72843,-72.34153,[0.3109674932425262,0.9503725636176081,0.009550312526549493]
2009-09-01T00:00:00.000Z,2,176.0,-0.22843,-72.34153,[0.3064257065179478,0.9516541753368718,0.021391983285215226]
2009-09-01T00:00:00.000Z,0,150.0,0.27157,-72.34153,[0.3028965173305362,0.9524540678036252,0.03293855663746515]
2009-09-01T00:00:00.000Z,0,218.0,0.77157,-72.34153,[0.30009182678609647,0.9529633583436348,0.04249391898383275]
2009-09-01T00:00:00.000Z,0,234.0,1.27157,-72.34153,[0.2965842051214247,0.9536322903135039,0.05121781080750758]
2009-09-01T00:00:00.000Z,0,237.0,1.77157,-72.34153,[0.2998450328222304,0.9521796462141058,0.05871011520526878]
2009-09-01T00:00:00.000Z,5,203.0,2.27157,-72.34153,[0.3093062408712767,0.9487708287399838,0.06452568395704163]
2009-09-01T00:00:00.000Z,5,188.0,2.77157,-72.34153,[0.30679068599727016,0.9493145755387228,0.06842011148090063]
2009-09-01T00:00:00.000Z,5,220.0,3.27157,-72.34153,[0.3105178486948961,0.9478965907528408,0.071208980339807]
2009-09-01T00:00:00.000Z,5,180.0,3.77157,-72.34153,[0.3133167856057759,0.9469911834601543,0.07099500198183312]
2009-09-01T00:00:00.000Z,5,190.0,4.27157,-72.34153,[0.3186563175652881,0.9453075889111521,0.06965424339345332]
2009-09-01T00:00:00.000Z,5,177.0,4.77157,-72.34153,[0.3212763290042262,0.9445764729150471,0.06750412755482056]
2009-09-01T00:00:00.000Z,6,257.0,5.27157,-72.34153,[0.2522768347268246,0.9656922557217519,0.061602482898410665]
2009-09-01T00:00:00.000Z,11,1342.0,5.77157,-72.34153,[0.18060561513701096,0.9819682783277217,0.05585617368806895]
2009-09-01T00:00:00.000Z,11,3317.0,6.27157,-72.34153,[0.178759187914792,0.9831755335313561,0.03756358610912183]
2009-09-01T00:00:00.000Z,1,3467.0,6.77157,-72.34153,[0.23788632322389328,0.9703877739430103,0.041924520330547534]
2009-09-01T00:00:00.000Z,6,2203.0,7.27157,-72.34153,[0.2569781076270002,0.9645479656136721,0.06007890004795622]
2009-09-01T00:00:00.000Z,3,97.0,11.27157,-72.34153,[0.377257322115872,0.921209740050385,0.09512900580928466]
2009-09-01T00:00:00.000Z,10,19.0,11.77157,-72.34153,[0.36084506792081594,0.9278873175106696,0.09389335951000824]
2009-09-01T00:00:00.000Z,2,109.0,-2.22843,-71.84153,[0.3074921126416062,0.9510536718134438,0.030749211264160622]
2009-09-01T00:00:00.000Z,2,140.0,-1.72843,-71.84153,[0.3123361210887937,0.9497331681996283,0.021285128251977054]
2009-09-01T00:00:00.000Z,2,153.0,-1.22843,-71.84153,[0.31239665154065566,0.9499172256106604,0.008099172447350332]
2009-09-01T00:00:00.000Z,2,136.0,-0.72843,-71.84153,[0.3124044806751285,0.9499410319788165,0.003933982349242359]
2009-09-01T00:00:00.000Z,2,192.0,-0.22843,-71.84153,[0.2970057950245378,0.9547427663815602,0.0159313453269867]
2009-09-01T00:00:00.000Z,2,216.0,0.27157,-71.84153,[0.30096206107637535,0.9532372504814474,0.027578652745021467]
2009-09-01T00:00:00.000Z,0,215.0,0.77157,-71.84153,[0.2968239598604546,0.9541582464479749,0.038439271430204466]
2009-09-01T00:00:00.000Z,0,232.0,1.27157,-71.84153,[0.28505160816484243,0.9572796132464985,0.04859344343912472]
2009-09-01T00:00:00.000Z,0,233.0,1.77157,-71.84153,[0.30224673065641927,0.9513902771798651,0.05918998475354877]
2009-09-01T00:00:00.000Z,0,159.0,2.27157,-71.84153,[0.303837504877068,0.950495439785243,0.06512441613968853]
2009-09-01T00:00:00.000Z,9,186.0,2.77157,-71.84153,[0.30645066925866704,0.949305832590758,0.07004586725912389]
2009-09-01T00:00:00.000Z,5,222.0,3.27157,-71.84153,[0.3084045533804904,0.9484019724257184,0.07362289150248548]
2009-09-01T00:00:00.000Z,5,206.0,3.77157,-71.84153,[0.30941709391937483,0.9480260584371822,0.07421357365434629]
2009-09-01T00:00:00.000Z,5,189.0,4.27157,-71.84153,[0.3164331965810814,0.9457705949858345,0.07340309095412446]
2009-09-01T00:00:00.000Z,5,149.0,4.77157,-71.84153,[0.3240138860998182,0.9433467015968876,0.07149826711722926]
2009-09-01T00:00:00.000Z,5,172.0,5.27157,-71.84153,[0.33228757509503704,0.9406670324381564,0.06877864146268597]
2009-09-01T00:00:00.000Z,5,213.0,5.77157,-71.84153,[0.32297351587752116,0.9444528570357816,0.060802211133003034]
2009-09-01T00:00:00.000Z,0,412.0,6.27157,-71.84153,[0.313328576133145,0.9485199697727115,0.0462068211495961]
2009-09-01T00:00:00.000Z,4,325.0,6.77157,-71.84153,[0.35630392812289274,0.9335418331822029,0.03933391034474945]
2009-09-01T00:00:00.000Z,3,174.0,11.77157,-71.84153,[0.3787273960788999,0.920852230599867,0.09271854646480092]
2009-09-01T00:00:00.000Z,0,107.0,-2.22843,-71.34153,[0.30309464977066597,0.9522600563690325,0.03652969099847952]
2009-09-01T00:00:00.000Z,2,121.0,-1.72843,-71.34153,[0.3065310612245128,0.9514997625370565,0.02620897549503269]
2009-09-01T00:00:00.000Z,2,140.0,-1.22843,-71.34153,[0.30761498282462457,0.9514337015244895,0.012121631293461043]
2009-09-01T00:00:00.000Z,2,186.0,-0.72843,-71.34153,[0.30763753456207515,0.9515034526232214,5.718169787399168E-4]
2009-09-01T00:00:00.000Z,2,201.0,-0.22843,-71.34153,[0.30013536273795416,0.9538392777922106,0.010459262640868102]
2009-09-01T00:00:00.000Z,2,185.0,0.27157,-71.34153,[0.3027549401540444,0.9528212078810305,0.021706957973308846]
2009-09-01T00:00:00.000Z,0,228.0,0.77157,-71.34153,[0.2909150930458867,0.9561860422593484,0.03281251630866397]
2009-09-01T00:00:00.000Z,0,342.0,1.27157,-71.34153,[0.29244110838970033,0.9552323463231137,0.0448259150697726]
2009-09-01T00:00:00.000Z,0,222.0,1.77157,-71.34153,[0.30161180730661435,0.9516766495697339,0.05780892973376774]
2009-09-01T00:00:00.000Z,0,164.0,2.27157,-71.34153,[0.3031538908930925,0.9506448427628675,0.06612186752309716]
2009-09-01T00:00:00.000Z,5,189.0,2.77157,-71.34153,[0.30883564361258414,0.9484019951237191,0.07179276342188057]
2009-09-01T00:00:00.000Z,9,209.0,3.27157,-71.34153,[0.30805910538062947,0.9484066839808143,0.0749956623585802]
2009-09-01T00:00:00.000Z,9,171.0,3.77157,-71.34153,[0.3083565075231583,0.9482542223832461,0.07569804489196329]
2009-09-01T00:00:00.000Z,5,165.0,4.27157,-71.34153,[0.3139318499882162,0.9464810999644727,0.07496879999718596]
2009-09-01T00:00:00.000Z,5,131.0,4.77157,-71.34153,[0.3221687916647742,0.9439188951359067,0.07227993554693088]
2009-09-01T00:00:00.000Z,5,146.0,5.27157,-71.34153,[0.32409147881473727,0.9436781294899704,0.06660556494758756]
2009-09-01T00:00:00.000Z,5,151.0,5.77157,-71.34153,[0.3304358015045614,0.9420424304711861,0.05803654259152843]
2009-09-01T00:00:00.000Z,4,157.0,6.27157,-71.34153,[0.33252577387861326,0.9421563593227376,0.042047643146244935]
2009-09-01T00:00:00.000Z,4,154.0,6.77157,-71.34153,[0.34206154600403843,0.9391367177028438,0.03187670321184587]
2009-09-01T00:00:00.000Z,0,97.0,-2.22843,-70.84153,[0.29848156485959704,0.9535759356750422,0.04002112367780365]
2009-09-01T00:00:00.000Z,2,137.0,-1.72843,-70.84153,[0.3031898760312765,0.9525592373818463,0.026585679428115662]
2009-09-01T00:00:00.000Z,2,114.0,-1.22843,-70.84153,[0.29792909668016293,0.9544973701187107,0.01315385068361474]
2009-09-01T00:00:00.000Z,2,155.0,-0.72843,-70.84153,[0.30156341544706555,0.9534392195149702,0.0036278305617692096]
2009-09-01T00:00:00.000Z,2,183.0,-0.22843,-70.84153,[0.29820664872733216,0.9544871900552868,0.00519602493994594]
2009-09-01T00:00:00.000Z,2,193.0,0.27157,-70.84153,[0.2991432278363489,0.9540855978719915,0.015297096877995115]
2009-09-01T00:00:00.000Z,2,250.0,0.77157,-70.84153,[0.2983636565859424,0.9540830235314735,0.026546424198140878]
2009-09-01T00:00:00.000Z,0,316.0,1.27157,-70.84153,[0.29823098248897983,0.9536587690997415,0.039915325412973726]
2009-09-01T00:00:00.000Z,0,186.0,1.77157,-70.84153,[0.30138608357717384,0.9519251017135641,0.05481814803177275]
2009-09-01T00:00:00.000Z,0,191.0,2.27157,-70.84153,[0.30119017935231607,0.951306340067504,0.06557989942878731]
2009-09-01T00:00:00.000Z,9,160.0,2.77157,-70.84153,[0.30541534635989953,0.9494184924296502,0.07297939736989359]
2009-09-01T00:00:00.000Z,5,240.0,3.27157,-70.84153,[0.30976911078413333,0.9477322608748764,0.07646345336827677]
2009-09-01T00:00:00.000Z,5,186.0,3.77157,-70.84153,[0.3117932716648797,0.9470138922955675,0.07713393250515493]
2009-09-01T00:00:00.000Z,5,176.0,4.27157,-70.84153,[0.3100915606224706,0.9476955560596855,0.07560659399446755]
2009-09-01T00:00:00.000Z,5,146.0,4.77157,-70.84153,[0.31367447874454985,0.9468538168794591,0.07124725149179181]
2009-09-01T00:00:00.000Z,5,123.0,5.27157,-70.84153,[0.31698975892693276,0.9463076626789317,0.06339795178538657]
2009-09-01T00:00:00.000Z,5,120.0,5.77157,-70.84153,[0.3178724109672086,0.9466565231724169,0.052901393941988]
2009-09-01T00:00:00.000Z,4,126.0,6.27157,-70.84153,[0.32265802302197344,0.9457621037129584,0.037760341100035295]
2009-09-01T00:00:00.000Z,4,122.0,6.77157,-70.84153,[0.32990681372305536,0.9436044349498143,0.027787849901404305]
2009-09-01T00:00:00.000Z,0,97.0,-3.72843,-70.34153,[0.2954797127726456,0.9534438315489085,0.06030422390787452]
2009-09-01T00:00:00.000Z,0,132.0,-2.22843,-70.34153,[0.29755562133963254,0.9539610931338033,0.037668089892432886]
2009-09-01T00:00:00.000Z,2,129.0,-1.72843,-70.34153,[0.3012778682772393,0.953297135444399,0.02135925185547592]
2009-09-01T00:00:00.000Z,2,144.0,-1.22843,-70.34153,[0.2969733330891545,0.95479728223381,0.012999587410695065]
2009-09-01T00:00:00.000Z,2,134.0,-0.72843,-70.34153,[0.29795200991024406,0.9545707789199895,0.004384954108113026]
2009-09-01T00:00:00.000Z,2,170.0,-0.22843,-70.34153,[0.29629174118929175,0.9550919384548759,0.0032547198842763107]
2009-09-01T00:00:00.000Z,2,177.0,0.27157,-70.34153,[0.30155106758459405,0.9534001798445247,0.009749395418148529]
2009-09-01T00:00:00.000Z,2,190.0,0.77157,-70.34153,[0.30081189756332116,0.9535169583139236,0.01782168600658167]
2009-09-01T00:00:00.000Z,0,195.0,1.27157,-70.34153,[0.29805080021503294,0.9539883567488744,0.032740428811499835]
2009-09-01T00:00:00.000Z,0,216.0,1.77157,-70.34153,[0.29788355007763356,0.9534530296045468,0.046826391394779524]
2009-09-01T00:00:00.000Z,0,168.0,2.27157,-70.34153,[0.3003020959256873,0.9519009833116125,0.0608536700045638]
2009-09-01T00:00:00.000Z,9,193.0,2.77157,-70.34153,[0.3051245725562945,0.949529453402797,0.07275171711323587]
2009-09-01T00:00:00.000Z,9,177.0,3.27157,-70.34153,[0.3093905749813035,0.9476518722575482,0.07895189117115486]
2009-09-01T00:00:00.000Z,9,174.0,3.77157,-70.34153,[0.30627978970678643,0.9486643673689603,0.07892153382706707]
2009-09-01T00:00:00.000Z,9,118.0,4.27157,-70.34153,[0.3063209368224668,0.9487918155512362,0.07721123239008246]
2009-09-01T00:00:00.000Z,9,116.0,4.77157,-70.34153,[0.30545563628930406,0.9495437382776118,0.07115857894080416]
2009-09-01T00:00:00.000Z,5,124.0,5.27157,-70.34153,[0.30878384093364636,0.9491399981465957,0.06152888343327271]
2009-09-01T00:00:00.000Z,0,105.0,5.77157,-70.34153,[0.3113775619742228,0.9489601888738218,0.05018539460390404]
2009-09-01T00:00:00.000Z,0,104.0,6.27157,-70.34153,[0.31054488548666825,0.9498350893090403,0.037083381929909835]
2009-09-01T00:00:00.000Z,2,109.0,6.77157,-70.34153,[0.3106298421535991,0.9500949384551476,0.028787307716066145]
2009-09-01T00:00:00.000Z,0,140.0,-3.72843,-69.84153,[0.3003760660260863,0.9519270915973764,0.06007521320521726]
2009-09-01T00:00:00.000Z,0,128.0,-3.22843,-69.84153,[0.2987685335223708,0.9527396568991158,0.05499554117059937]
2009-09-01T00:00:00.000Z,0,61.0,-2.72843,-69.84153,[0.3001032740989634,0.9527442233476386,0.04707939839024631]
2009-09-01T00:00:00.000Z,0,111.0,-2.22843,-69.84153,[0.2924287591627494,0.9556351148488338,0.035312152049841436]
2009-09-01T00:00:00.000Z,2,145.0,-1.72843,-69.84153,[0.2934812974990376,0.9557523009119602,0.020156074016915035]
2009-09-01T00:00:00.000Z,2,68.0,-1.22843,-69.84153,[0.29539425264123587,0.955293866088827,0.012484587281440914]
2009-09-01T00:00:00.000Z,2,122.0,-0.72843,-69.84153,[0.2954133920099697,0.9553557620850718,0.005127930578286266]
2009-09-01T00:00:00.000Z,2,188.0,0.77157,-69.84153,[0.30223417561989113,0.9531130182469976,0.015168306941223002]
2009-09-01T00:00:00.000Z,0,195.0,1.77157,-69.84153,[0.2987392930610749,0.9537111016213937,0.034495933462901474]
2009-09-01T00:00:00.000Z,0,182.0,2.27157,-69.84153,[0.30357823424872643,0.9515138685407843,0.049614651716769466]
2009-09-01T00:00:00.000Z,9,180.0,2.77157,-69.84153,[0.30327206488980535,0.9505542332367033,0.06687827998129663]
2009-09-01T00:00:00.000Z,9,198.0,3.27157,-69.84153,[0.30133765587343503,0.9502857911813944,0.07843807896330987]
2009-09-01T00:00:00.000Z,9,149.0,3.77157,-69.84153,[0.302252766052554,0.9497755457606475,0.08105355074667742]
2009-09-01T00:00:00.000Z,9,188.0,4.27157,-69.84153,[0.2980107049180767,0.9513851183422372,0.07782015388804116]
2009-09-01T00:00:00.000Z,9,143.0,4.77157,-69.84153,[0.29715990413794613,0.9520330513702501,0.07300041418634072]
2009-09-01T00:00:00.000Z,9,100.0,5.27157,-69.84153,[0.2980120105212024,0.9522940185827896,0.06576430457742323]
2009-09-01T00:00:00.000Z,0,112.0,5.77157,-69.84153,[0.29829818665835756,0.9529900869647154,0.0531797516289806]
2009-09-01T00:00:00.000Z,0,98.0,6.27157,-69.84153,[0.30188055618715326,0.9526008661905725,0.03767916571669283]
2009-09-01T00:00:00.000Z,2,169.0,0.77157,-69.34153,[0.3006211162684484,0.9536557508590854,0.012948100513435042]
2009-09-01T00:00:00.000Z,2,182.0,1.77157,-69.34153,[0.30052726737473046,0.9533580354546694,0.028139257244824953]
2009-09-01T00:00:00.000Z,0,167.0,2.27157,-69.34153,[0.29945753599473557,0.9533292344401694,0.038581794899696265]
2009-09-01T00:00:00.000Z,0,128.0,2.77157,-69.34153,[0.30180007951809573,0.9515711462417571,0.05855822438410813]
2009-09-01T00:00:00.000Z,9,182.0,3.27157,-69.34153,[0.29880395450237546,0.9512485442959518,0.0764356183240159]
2009-09-01T00:00:00.000Z,9,123.0,3.77157,-69.34153,[0.29765495169777045,0.951153041139492,0.08191106189577743]
2009-09-01T00:00:00.000Z,9,172.0,4.27157,-69.34153,[0.2970892507262032,0.9515791038297936,0.078963195587754]
2009-09-01T00:00:00.000Z,9,142.0,4.77157,-69.34153,[0.29716621578947616,0.9518256235061416,0.07563215341709599]
2009-09-01T00:00:00.000Z,9,117.0,5.27157,-69.34153,[0.296324700548311,0.9524722517624282,0.07062776697279292]
2009-09-01T00:00:00.000Z,0,83.0,5.77157,-69.34153,[0.30056133080264186,0.9519637689362486,0.05854800644631388]
2009-09-01T00:00:00.000Z,2,139.0,1.77157,-68.84153,[0.29697281209998994,0.9545554674642533,0.02511988072274351]
2009-09-01T00:00:00.000Z,0,178.0,2.27157,-68.84153,[0.29784022191003745,0.9539844701780147,0.03471070255342541]
2009-09-01T00:00:00.000Z,0,155.0,2.77157,-68.84153,[0.2982964125164783,0.9529844190133183,0.05329115684283151]
2009-09-01T00:00:00.000Z,9,154.0,3.27157,-68.84153,[0.29863583541186506,0.9516231471706447,0.07231890193369418]
2009-09-01T00:00:00.000Z,9,118.0,3.77157,-68.84153,[0.3010186114823801,0.9500550228570288,0.08236048254685197]
2009-09-01T00:00:00.000Z,9,168.0,4.27157,-68.84153,[0.3027176272021065,0.9496364082969785,0.08094893586663736]
2009-09-01T00:00:00.000Z,9,130.0,4.77157,-68.84153,[0.3011187303067733,0.9503710112656154,0.07824609386038459]
2009-09-01T00:00:00.000Z,9,118.0,5.27157,-68.84153,[0.30412600517424,0.9496871537039465,0.07484439235143008]
2009-09-01T00:00:00.000Z,5,76.0,5.77157,-68.84153,[0.3101065612932306,0.9484944273987089,0.0647475237864987]
2009-09-01T00:00:00.000Z,2,140.0,1.77157,-68.34153,[0.2953371264656517,0.9551091221926924,0.023292626200498566]
2009-09-01T00:00:00.000Z,0,115.0,2.27157,-68.34153,[0.28912674943416644,0.9567667624405432,0.03167151797236861]
2009-09-01T00:00:00.000Z,0,126.0,2.77157,-68.34153,[0.29580962087300605,0.9541528372520269,0.04570592262361108]
2009-09-01T00:00:00.000Z,0,132.0,3.27157,-68.34153,[0.29716923242377874,0.9527223331638749,0.06332932331428094]
2009-09-01T00:00:00.000Z,9,110.0,3.77157,-68.34153,[0.30275302814021,0.949747462350955,0.07950070257459588]
2009-09-01T00:00:00.000Z,7,121.0,4.27157,-68.34153,[0.3096941630065045,0.9472330626755723,0.08269855122041822]
2009-09-01T00:00:00.000Z,5,109.0,4.77157,-68.34153,[0.316197937153623,0.945144379419193,0.08198150152383024]
2009-09-01T00:00:00.000Z,5,89.0,5.27157,-68.34153,[0.3156159445015604,0.9456917311438695,0.0778056888826191]
2009-09-01T00:00:00.000Z,5,65.0,5.77157,-68.34153,[0.31646568947725784,0.9459321156272782,0.07114703091897477]
2009-09-01T00:00:00.000Z,2,136.0,2.27157,-67.84153,[0.29529421695191754,0.9549703544445032,0.02886083101530062]
2009-09-01T00:00:00.000Z,0,120.0,2.77157,-67.84153,[0.29683858033384214,0.954124008215921,0.039169301389916755]
2009-09-01T00:00:00.000Z,0,103.0,3.27157,-67.84153,[0.3014910809867534,0.9515461998429505,0.060522373134887314]
2009-09-01T00:00:00.000Z,9,95.0,3.77157,-67.84153,[0.30738922737748625,0.948256066743832,0.07951285918509884]
2009-09-01T00:00:00.000Z,7,110.0,4.27157,-67.84153,[0.3109761361996811,0.9466985696115754,0.08399798217644523]
2009-09-01T00:00:00.000Z,5,101.0,4.77157,-67.84153,[0.31932142158318105,0.9439281583063264,0.08386573599822007]
2009-09-01T00:00:00.000Z,5,80.0,5.77157,-67.84153,[0.3195638669034088,0.9446448373298568,0.07433078955445589]
2009-09-01T00:00:00.000Z,0,54.0,6.27157,-67.84153,[0.30780632215757475,0.9495427502720756,0.060198284407200965]
2009-09-01T00:00:00.000Z,2,114.0,2.27157,-67.34153,[0.30125107514873545,0.9532123571870434,0.025179194340789832]
