2009-06-01T00:00:00.000Z,2,10.0,1.77157,-78.84153,[0.3020654356757801,0.9532863559349715,0.001263391556058396]
2009-06-01T00:00:00.000Z,2,235.0,1.27157,-78.34153,[0.31053289200025475,0.9505625167336043,4.7409601832099963E-4]
2009-06-01T00:00:00.000Z,2,57.0,1.77157,-78.34153,[0.3067989945428643,0.9517741535250224,5.810587017857279E-4]
2009-06-01T00:00:00.000Z,2,1772.0,1.27157,-77.84153,[0.28657715231764247,0.9580549987522861,0.002038414890962311]
2009-06-01T00:00:00.000Z,2,528.0,1.77157,-77.84153,[0.31020454856980956,0.9506648902937889,0.0030666609364315774]
2009-06-01T00:00:00.000Z,2,116.0,2.27157,-77.84153,[0.3028249566231748,0.9530415615989729,0.002971112781963225]
2009-06-01T00:00:00.000Z,9,167.0,7.27157,-77.84153,[0.26201832040057127,0.9618121061617678,0.07914462846667461]
2009-06-01T00:00:00.000Z,1,2201.0,0.77157,-77.34153,[0.20464162059039273,0.9788279924624809,0.0041914548795622605]
2009-06-01T00:00:00.000Z,8,2447.0,1.27157,-77.34153,[0.2558887750362943,0.9666909279148898,0.00543918169159273]
2009-06-01T00:00:00.000Z,1,1706.0,1.77157,-77.34153,[0.23134878794943511,0.9728513134283938,0.006169301011984937]
2009-06-01T00:00:00.000Z,2,2096.0,2.27157,-77.34153,[0.28951183225863597,0.9571615678754903,0.0049630599815766166]
2009-06-01T00:00:00.000Z,2,57.0,2.77157,-77.34153,[0.3006303980233655,0.9537240213155042,0.0056440189667221865]
2009-06-01T00:00:00.000Z,2,74.0,3.27157,-77.34153,[0.288765136765142,0.9573674918905862,0.007885509503971185]
2009-06-01T00:00:00.000Z,8,28.0,4.27157,-77.34153,[0.27396104943733585,0.9615080847047811,0.021155293392844467]
2009-06-01T00:00:00.000Z,0,14.0,5.27157,-77.34153,[0.2647224210107223,0.9632954764556839,0.04454059782085169]
2009-06-01T00:00:00.000Z,9,499.0,6.27157,-77.34153,[0.2769749524855051,0.9585929996178025,0.06621432457856605]
2009-06-01T00:00:00.000Z,9,695.0,6.77157,-77.34153,[0.2877669664588844,0.9548129998214324,0.074312235782869]
2009-06-01T00:00:00.000Z,9,345.0,7.27157,-77.34153,[0.2885475079074684,0.9540862043070698,0.08037319473131399]
2009-06-01T00:00:00.000Z,8,279.0,0.27157,-76.84153,[0.28145207904007863,0.9595497040691289,0.00700661293812854]
2009-06-01T00:00:00.000Z,1,485.0,0.77157,-76.84153,[0.2122265529191303,0.9772013594863911,0.0061150023722461285]
2009-06-01T00:00:00.000Z,11,3335.0,1.27157,-76.84153,[0.17599486626218658,0.9843574933698849,0.00813217657901138]
2009-06-01T00:00:00.000Z,11,2008.0,1.77157,-76.84153,[0.18087818982600554,0.9834502903784804,0.010421458619114227]
2009-06-01T00:00:00.000Z,1,1013.0,2.27157,-76.84153,[0.2186638964536398,0.9757582476157044,0.009052215068242078]
2009-06-01T00:00:00.000Z,8,2856.0,2.77157,-76.84153,[0.2558166571641165,0.9666804556432051,0.009313140975099173]
2009-06-01T00:00:00.000Z,8,1911.0,3.27157,-76.84153,[0.2598759532396086,0.9655835418147235,0.010626038976908442]
2009-06-01T00:00:00.000Z,8,794.0,3.77157,-76.84153,[0.27707576546581736,0.9607545851314723,0.013403258573346448]
2009-06-01T00:00:00.000Z,2,70.0,4.27157,-76.84153,[0.2851732746766225,0.9583148416458593,0.017574632044024412]
2009-06-01T00:00:00.000Z,0,24.0,4.77157,-76.84153,[0.28658328564576097,0.9574736593222358,0.033379815646096295]
2009-06-01T00:00:00.000Z,0,133.0,5.27157,-76.84153,[0.287367898750945,0.9567919694044874,0.0443713652094371]
2009-06-01T00:00:00.000Z,0,76.0,5.77157,-76.84153,[0.282398434371852,0.9575071915420608,0.05857561275447399]
2009-06-01T00:00:00.000Z,9,38.0,6.27157,-76.84153,[0.27598782903697616,0.9588103064551522,0.06718269463808463]
2009-06-01T00:00:00.000Z,9,20.0,6.77157,-76.84153,[0.2954566866516672,0.9524001528051848,0.07509524119063209]
2009-06-01T00:00:00.000Z,9,15.0,7.27157,-76.84153,[0.29344967840059427,0.952599902989808,0.08025404083531404]
2009-06-01T00:00:00.000Z,7,8.0,7.77157,-76.84153,[0.3062326661390301,0.9479702385627329,0.08702862166377584]
2009-06-01T00:00:00.000Z,8,294.0,0.77157,-76.34153,[0.2651893880799385,0.9641107531083988,0.012846952578094801]
2009-06-01T00:00:00.000Z,1,1412.0,1.27157,-76.34153,[0.20153800676273195,0.979403997776785,0.012257282282645686]
2009-06-01T00:00:00.000Z,11,2388.0,1.77157,-76.34153,[0.147850134068152,0.9888992573738691,0.014785013406815201]
2009-06-01T00:00:00.000Z,11,3852.0,2.27157,-76.34153,[0.15736553287441635,0.9874386871967195,0.014174910594794756]
2009-06-01T00:00:00.000Z,1,2450.0,2.77157,-76.34153,[0.21604352290345305,0.9762831629583067,0.014013633918061819]
2009-06-01T00:00:00.000Z,1,990.0,3.27157,-76.34153,[0.2251744634674487,0.9742003989394801,0.015167191839776337]
2009-06-01T00:00:00.000Z,1,962.0,3.77157,-76.34153,[0.2425011526661194,0.9700046106644776,0.01685960394726354]
2009-06-01T00:00:00.000Z,1,1899.0,4.27157,-76.34153,[0.20941703157362415,0.9776468789779191,0.018737313351324267]
2009-06-01T00:00:00.000Z,8,1358.0,4.77157,-76.34153,[0.2437566304135898,0.9694100094328479,0.028756542574137785]
2009-06-01T00:00:00.000Z,1,407.0,5.27157,-76.34153,[0.2311458421225776,0.9719400776081069,0.043635824829969534]
2009-06-01T00:00:00.000Z,6,480.0,5.77157,-76.34153,[0.224372447005122,0.9726602524993614,0.059908582296799066]
2009-06-01T00:00:00.000Z,6,1095.0,6.27157,-76.34153,[0.2249918798907675,0.9719649211281156,0.06828503554684794]
2009-06-01T00:00:00.000Z,6,1485.0,6.77157,-76.34153,[0.2444494623231162,0.9668849268673257,0.07333483869693487]
2009-06-01T00:00:00.000Z,9,827.0,7.27157,-76.34153,[0.2764530472881815,0.9577123423912002,0.07975451007083649]
2009-06-01T00:00:00.000Z,9,201.0,7.77157,-76.34153,[0.2942253528908286,0.9517744370029076,0.08693021789956298]
2009-06-01T00:00:00.000Z,7,165.0,8.27157,-76.34153,[0.3044110291614292,0.948055013329322,0.09233426788586524]
2009-06-01T00:00:00.000Z,7,99.0,8.77157,-76.34153,[0.315747916173346,0.9438117059529364,0.09758441032458845]
2009-06-01T00:00:00.000Z,2,267.0,0.27157,-75.84153,[0.29177446475374613,0.9561765591929994,0.024373127979429397]
2009-06-01T00:00:00.000Z,8,241.0,0.77157,-75.84153,[0.28292153051963437,0.9589184661464658,0.020755309001235477]
2009-06-01T00:00:00.000Z,1,250.0,1.27157,-75.84153,[0.23589761703838755,0.9716179078016756,0.01763393077861214]
2009-06-01T00:00:00.000Z,8,1712.0,1.77157,-75.84153,[0.24702549077269972,0.9688219247865882,0.019039037825408077]
2009-06-01T00:00:00.000Z,1,1262.0,2.27157,-75.84153,[0.22321236217210597,0.9745720075164627,0.01963780891240932]
2009-06-01T00:00:00.000Z,1,2705.0,2.77157,-75.84153,[0.18862903170297474,0.9818382932231762,0.020313895721858818]
2009-06-01T00:00:00.000Z,11,1867.0,3.27157,-75.84153,[0.1639780502293108,0.986244794857449,0.020794317963861875]
2009-06-01T00:00:00.000Z,11,3782.0,3.77157,-75.84153,[0.18341340296514813,0.982818989473624,0.020648427126265106]
2009-06-01T00:00:00.000Z,1,2035.0,4.27157,-75.84153,[0.2341637453927266,0.9719560487155385,0.021651321182041054]
2009-06-01T00:00:00.000Z,1,1185.0,4.77157,-75.84153,[0.23831626596466182,0.9708746401614549,0.024653406823930534]
2009-06-01T00:00:00.000Z,8,1530.0,5.27157,-75.84153,[0.25752315692127165,0.9654067162309282,0.04088637799460948]
2009-06-01T00:00:00.000Z,6,1704.0,5.77157,-75.84153,[0.24968297708923076,0.9662731213353231,0.06304495171503076]
2009-06-01T00:00:00.000Z,6,488.0,6.27157,-75.84153,[0.2117589313152061,0.9748008905236305,0.07015253981559622]
2009-06-01T00:00:00.000Z,6,896.0,6.77157,-75.84153,[0.2134955870589784,0.9740736159565889,0.07483465108890233]
2009-06-01T00:00:00.000Z,6,2421.0,7.27157,-75.84153,[0.2538529466572728,0.9639985316098969,0.07915499053996819]
2009-06-01T00:00:00.000Z,7,131.0,7.77157,-75.84153,[0.30347191725266653,0.9486307339305577,0.0894680170863417]
2009-06-01T00:00:00.000Z,7,43.0,8.27157,-75.84153,[0.30701769760864916,0.9470141481384436,0.09436279235324657]
2009-06-01T00:00:00.000Z,7,10.0,8.77157,-75.84153,[0.3120186545663685,0.9450999826720438,0.09711015372192411]
2009-06-01T00:00:00.000Z,7,155.0,9.27157,-75.84153,[0.3198193876900568,0.9422017212883329,0.09985727644423356]
2009-06-01T00:00:00.000Z,0,228.0,0.27157,-75.34153,[0.28706953193722007,0.9572842859358104,0.03461039921339871]
2009-06-01T00:00:00.000Z,0,189.0,0.77157,-75.34153,[0.2836495228050039,0.958181924597391,0.03781993637400051]
2009-06-01T00:00:00.000Z,0,244.0,1.27157,-75.34153,[0.2803886391891315,0.9591628032261539,0.03726832329222206]
2009-06-01T00:00:00.000Z,1,1357.0,1.77157,-75.34153,[0.2309203419957414,0.9724841206727873,0.030829055967472693]
2009-06-01T00:00:00.000Z,8,2437.0,2.27157,-75.34153,[0.27765215720977926,0.960319846496209,0.02636421859744234]
2009-06-01T00:00:00.000Z,4,485.0,2.77157,-75.34153,[0.33256249157425194,0.9427073853899157,0.02655136021439592]
2009-06-01T00:00:00.000Z,4,694.0,3.27157,-75.34153,[0.34173033459116464,0.9394233903859074,0.02653435539178455]
2009-06-01T00:00:00.000Z,8,442.0,3.77157,-75.34153,[0.2665554579470078,0.9635123892763401,0.024332356023603004]
2009-06-01T00:00:00.000Z,11,2270.0,4.27157,-75.34153,[0.14779668261425352,0.9887088423160407,0.02471772105790102]
2009-06-01T00:00:00.000Z,11,4229.0,4.77157,-75.34153,[0.1859589341503092,0.9822446265375306,0.02479452455337456]
2009-06-01T00:00:00.000Z,1,3209.0,5.27157,-75.34153,[0.2112451396780174,0.9768561372393867,0.03357942971760392]
2009-06-01T00:00:00.000Z,6,1992.0,5.77157,-75.34153,[0.23064346548474807,0.9716469397017046,0.052017462428475096]
2009-06-01T00:00:00.000Z,6,2185.0,6.27157,-75.34153,[0.2319663385888088,0.9704714165450163,0.06615774656691026]
2009-06-01T00:00:00.000Z,6,2092.0,6.77157,-75.34153,[0.2524714546178792,0.9648800374309382,0.07255810065322528]
2009-06-01T00:00:00.000Z,9,869.0,7.27157,-75.34153,[0.30628747210595636,0.9482479302468538,0.08374871469760652]
2009-06-01T00:00:00.000Z,7,83.0,7.77157,-75.34153,[0.31660049611414937,0.9441072348152153,0.09179136685899439]
2009-06-01T00:00:00.000Z,7,30.0,8.27157,-75.34153,[0.31714273427117146,0.9434425943966144,0.09662586184449001]
2009-06-01T00:00:00.000Z,7,74.0,8.77157,-75.34153,[0.3174179289653276,0.9430532672158283,0.0994806190416697]
2009-06-01T00:00:00.000Z,7,180.0,9.27157,-75.34153,[0.30686214237399045,0.9466300775817563,0.09862617195857774]
2009-06-01T00:00:00.000Z,7,136.0,9.77157,-75.34153,[0.3143229270894369,0.9440994392794237,0.09938483917683992]
2009-06-01T00:00:00.000Z,7,79.0,10.27157,-75.34153,[0.31703800853649483,0.9431880753960721,0.09941406124822945]
2009-06-01T00:00:00.000Z,0,205.0,0.27157,-74.84153,[0.286051232888542,0.9573488842640719,0.040716163390990046]
2009-06-01T00:00:00.000Z,0,239.0,0.77157,-74.84153,[0.2843128460843796,0.9576853762842261,0.04477639559790433]
2009-06-01T00:00:00.000Z,0,226.0,1.27157,-74.84153,[0.288892793907301,0.9563749346689278,0.043450408115896476]
2009-06-01T00:00:00.000Z,0,258.0,1.77157,-74.84153,[0.2904461203886854,0.9562012193866185,0.0363356463366915]
2009-06-01T00:00:00.000Z,1,576.0,2.27157,-74.84153,[0.2281773465632676,0.9730737636507603,0.032596763794752515]
2009-06-01T00:00:00.000Z,8,1998.0,2.77157,-74.84153,[0.2539393824466879,0.9667296292153614,0.030799578564078483]
2009-06-01T00:00:00.000Z,8,2106.0,3.27157,-74.84153,[0.2596322392240703,0.9652356453449888,0.03018690628299]
2009-06-01T00:00:00.000Z,4,361.0,3.77157,-74.84153,[0.3363171361776346,0.9411665593808225,0.03311029170120899]
2009-06-01T00:00:00.000Z,2,289.0,4.27157,-74.84153,[0.3145350895882006,0.9486989544259491,0.03221756180802216]
2009-06-01T00:00:00.000Z,4,277.0,4.77157,-74.84153,[0.3282981028802196,0.9440167238462346,0.03244658293057423]
2009-06-01T00:00:00.000Z,4,325.0,5.27157,-74.84153,[0.3378771956003297,0.9405089101412162,0.03580489684719911]
2009-06-01T00:00:00.000Z,0,379.0,5.77157,-74.84153,[0.30827329692255606,0.9501079346558466,0.047565606361097516]
2009-06-01T00:00:00.000Z,0,978.0,6.27157,-74.84153,[0.2803617258743243,0.9580956499920091,0.05873694009019935]
2009-06-01T00:00:00.000Z,9,1143.0,6.77157,-74.84153,[0.28747697198193406,0.9552384423336707,0.06983200461135956]
2009-06-01T00:00:00.000Z,9,322.0,7.27157,-74.84153,[0.3083100215472619,0.9476835717670447,0.0827089984003171]
2009-06-01T00:00:00.000Z,7,55.0,7.77157,-74.84153,[0.32451857200408246,0.9412193458481394,0.09377547347591278]
2009-06-01T00:00:00.000Z,7,27.0,8.27157,-74.84153,[0.32437462576821935,0.940801850537718,0.09835131001940316]
2009-06-01T00:00:00.000Z,10,14.0,8.77157,-74.84153,[0.331778829572801,0.937890684304738,0.1014094302404498]
2009-06-01T00:00:00.000Z,7,48.0,9.27157,-74.84153,[0.32256590914944044,0.9412012420539031,0.10045624027796861]
2009-06-01T00:00:00.000Z,7,15.0,9.77157,-74.84153,[0.3207816042306949,0.9417231381343972,0.10127533504997653]
2009-06-01T00:00:00.000Z,7,5.0,10.27157,-74.84153,[0.3276865645023759,0.9392143081159648,0.1024597427035598]
2009-06-01T00:00:00.000Z,2,171.0,-0.72843,-74.34153,[0.2945546469435045,0.9552811491069734,0.025990115906779805]
2009-06-01T00:00:00.000Z,0,219.0,-0.22843,-74.34153,[0.28991879393445674,0.956385503496933,0.03569119813774786]
2009-06-01T00:00:00.000Z,0,201.0,0.27157,-74.34153,[0.28643992008585967,0.9571004558692179,0.043713722744026774]
2009-06-01T00:00:00.000Z,0,242.0,0.77157,-74.34153,[0.28635828954458015,0.9568276983979547,0.04979644151518202]
2009-06-01T00:00:00.000Z,0,251.0,1.27157,-74.34153,[0.2900027494223794,0.9558490620961626,0.04744444980550127]
2009-06-01T00:00:00.000Z,0,298.0,1.77157,-74.34153,[0.30030771302171205,0.9531505674167383,0.03632180244452328]
2009-06-01T00:00:00.000Z,0,313.0,2.27157,-74.34153,[0.30391130750937795,0.9518502151193717,0.04023785711424164]
2009-06-01T00:00:00.000Z,0,364.0,2.77157,-74.34153,[0.27811008079750443,0.9598489514250151,0.03667115224675058]
2009-06-01T00:00:00.000Z,11,899.0,3.27157,-74.34153,[0.17242694893473973,0.9840004078305824,0.04485693558753379]
2009-06-01T00:00:00.000Z,11,3444.0,3.77157,-74.34153,[0.16939514060114277,0.9846092547441424,0.04301048491825891]
2009-06-01T00:00:00.000Z,1,2263.0,4.27157,-74.34153,[0.19356393961499418,0.980227642922086,0.04107029744395069]
2009-06-01T00:00:00.000Z,1,2655.0,4.77157,-74.34153,[0.22820166438328882,0.972859727107705,0.0383138583885627]
2009-06-01T00:00:00.000Z,0,1104.0,5.27157,-74.34153,[0.29702861758076643,0.9541286613716865,0.03758321283675004]
2009-06-01T00:00:00.000Z,5,744.0,5.77157,-74.34153,[0.3278356601651663,0.943586032947711,0.046574438805752405]
2009-06-01T00:00:00.000Z,5,119.0,6.27157,-74.34153,[0.33074526127216464,0.9422670752789727,0.05234817084883182]
2009-06-01T00:00:00.000Z,0,97.0,6.77157,-74.34153,[0.28527587822480727,0.9565798297617545,0.059772088770912]
2009-06-01T00:00:00.000Z,9,575.0,7.27157,-74.34153,[0.268833380424899,0.9601192158032107,0.07680953726425685]
2009-06-01T00:00:00.000Z,9,1234.0,7.77157,-74.34153,[0.29815453567862976,0.9500133114018696,0.09262062952450209]
2009-06-01T00:00:00.000Z,7,715.0,8.27157,-74.34153,[0.32543626403968,0.9402783486003613,0.09983919671788755]
2009-06-01T00:00:00.000Z,10,14.0,8.77157,-74.34153,[0.33427415407429634,0.9369092487434503,0.10228318306005757]
2009-06-01T00:00:00.000Z,10,37.0,9.27157,-74.34153,[0.331108047593053,0.9379430814379721,0.10310303973093288]
2009-06-01T00:00:00.000Z,7,95.0,9.77157,-74.34153,[0.32708097290082455,0.9393393065158911,0.10324584447082966]
2009-06-01T00:00:00.000Z,7,119.0,10.27157,-74.34153,[0.3145634640358865,0.9436903921076594,0.10246107035081956]
2009-06-01T00:00:00.000Z,7,5.0,10.77157,-74.34153,[0.2970247379720386,0.9493143586165155,0.10285209554090592]
2009-06-01T00:00:00.000Z,2,156.0,-1.22843,-73.84153,[0.29916041499543894,0.9540791613368053,0.015362291580846867]
2009-06-01T00:00:00.000Z,2,195.0,-0.72843,-73.84153,[0.2909307347382456,0.9564061555371459,0.02542780437476005]
2009-06-01T00:00:00.000Z,0,174.0,-0.22843,-73.84153,[0.28465047989929754,0.9579803299422142,0.03532409569834656]
2009-06-01T00:00:00.000Z,0,241.0,0.27157,-73.84153,[0.28716920682884395,0.956847797153708,0.04445379321710505]
2009-06-01T00:00:00.000Z,0,232.0,0.77157,-73.84153,[0.2851724838151979,0.9570388556838041,0.0524717370219964]
2009-06-01T00:00:00.000Z,0,267.0,1.27157,-73.84153,[0.2913662326473881,0.9550337625664387,0.05492022242361482]
2009-06-01T00:00:00.000Z,0,265.0,1.77157,-73.84153,[0.27787608528568863,0.9593066512767342,0.050156056887665786]
2009-06-01T00:00:00.000Z,0,554.0,2.27157,-73.84153,[0.2640327834094677,0.9634880517398119,0.04446867931106824]
2009-06-01T00:00:00.000Z,0,995.0,2.77157,-73.84153,[0.29311402929693553,0.9544078758814851,0.056478069059653434]
2009-06-01T00:00:00.000Z,9,363.0,3.27157,-73.84153,[0.2794625649505943,0.957816141411866,0.06699935852020658]
2009-06-01T00:00:00.000Z,6,545.0,3.77157,-73.84153,[0.22531372128159238,0.9714345688042426,0.07448896250019857]
2009-06-01T00:00:00.000Z,11,1499.0,4.27157,-73.84153,[0.1682484200359447,0.9827237261190407,0.07711385918314133]
2009-06-01T00:00:00.000Z,11,3610.0,4.77157,-73.84153,[0.15613031219405354,0.9850172541673621,0.07324161799672267]
2009-06-01T00:00:00.000Z,11,2585.0,5.27157,-73.84153,[0.17998029338852323,0.9817106912101267,0.062058140122925855]
2009-06-01T00:00:00.000Z,0,2622.0,5.77157,-73.84153,[0.2615636132342721,0.9637166016498291,0.05324272660502071]
2009-06-01T00:00:00.000Z,4,616.0,6.27157,-73.84153,[0.3173798552854937,0.9474025530910258,0.041212011059459625]
2009-06-01T00:00:00.000Z,5,101.0,6.77157,-73.84153,[0.34092088052270425,0.9384359220041929,0.05577610165442122]
2009-06-01T00:00:00.000Z,5,89.0,7.27157,-73.84153,[0.33918962103961015,0.9375487764651196,0.07715369548999583]
2009-06-01T00:00:00.000Z,7,59.0,7.77157,-73.84153,[0.31829430000517994,0.943433464763555,0.09285491989359745]
2009-06-01T00:00:00.000Z,7,38.0,8.27157,-73.84153,[0.3264565680641625,0.939728549498982,0.10166790262569633]
2009-06-01T00:00:00.000Z,10,29.0,8.77157,-73.84153,[0.3438762027699083,0.9330347319910798,0.10580806239074102]
2009-06-01T00:00:00.000Z,10,52.0,9.27157,-73.84153,[0.3504329902224048,0.9304179043535628,0.10732773463606057]
2009-06-01T00:00:00.000Z,7,46.0,9.77157,-73.84153,[0.2940997986857503,0.9503460161453265,0.10172393036895364]
2009-06-01T00:00:00.000Z,11,931.0,10.27157,-73.84153,[0.16132148268498572,0.9816583839979982,0.1015982103718208]
2009-06-01T00:00:00.000Z,7,2665.0,10.77157,-73.84153,[0.29949161247993367,0.9485843290220468,0.10243312349021856]
2009-06-01T00:00:00.000Z,2,139.0,-1.72843,-73.34153,[0.29464248795936776,0.9555972582465981,0.00443670155614492]
2009-06-01T00:00:00.000Z,2,199.0,-1.22843,-73.34153,[0.2922188430034524,0.9562492099840603,0.01398557108537924]
2009-06-01T00:00:00.000Z,2,223.0,-0.72843,-73.34153,[0.2897655356088799,0.956794435226184,0.024090311195718646]
2009-06-01T00:00:00.000Z,0,171.0,-0.22843,-73.34153,[0.28489503067090133,0.9579737286304411,0.033483678903552146]
2009-06-01T00:00:00.000Z,0,209.0,0.27157,-73.34153,[0.28313918803120025,0.9581430122975816,0.04235762252946756]
2009-06-01T00:00:00.000Z,0,237.0,0.77157,-73.34153,[0.2742168290532071,0.960318527867966,0.05092598253845274]
2009-06-01T00:00:00.000Z,0,249.0,1.27157,-73.34153,[0.2801155760525257,0.9582901286007458,0.05670355790536957]
2009-06-01T00:00:00.000Z,0,294.0,1.77157,-73.34153,[0.2867278266381308,0.9561402027733684,0.05985871759298029]
2009-06-01T00:00:00.000Z,0,229.0,2.27157,-73.34153,[0.29609611778763767,0.9533133831515707,0.05933533968215014]
2009-06-01T00:00:00.000Z,0,267.0,2.77157,-73.34153,[0.2990356573363255,0.9522233480670443,0.0620352402866338]
2009-06-01T00:00:00.000Z,9,234.0,3.27157,-73.34153,[0.30077207270895884,0.9506756494251796,0.07584174225563158]
2009-06-01T00:00:00.000Z,9,256.0,3.77157,-73.34153,[0.3013082894436202,0.9501887395446448,0.07971620886067432]
2009-06-01T00:00:00.000Z,6,300.0,4.27157,-73.34153,[0.2440042077442896,0.9665409394142732,0.07912369455009001]
2009-06-01T00:00:00.000Z,6,1229.0,4.77157,-73.34153,[0.17825504458411087,0.9810009165031605,0.07656592519049057]
2009-06-01T00:00:00.000Z,11,2684.0,5.27157,-73.34153,[0.15831357920266634,0.9843529803649657,0.07736937822323854]
2009-06-01T00:00:00.000Z,6,3515.0,5.77157,-73.34153,[0.22312210965342139,0.9727651764784087,0.06280474197651861]
2009-06-01T00:00:00.000Z,1,1301.0,6.27157,-73.34153,[0.22961792291652466,0.972431903551482,0.040642372356224865]
2009-06-01T00:00:00.000Z,0,1945.0,6.77157,-73.34153,[0.28998714020172406,0.9560145150552772,0.04408747578676618]
2009-06-01T00:00:00.000Z,6,351.0,7.27157,-73.34153,[0.2388938222454506,0.96903409586887,0.06247129530080563]
2009-06-01T00:00:00.000Z,6,325.0,7.77157,-73.34153,[0.24304263690732947,0.9652919824338275,0.09561205621731735]
2009-06-01T00:00:00.000Z,9,1339.0,8.27157,-73.34153,[0.26575195837535254,0.9587689187938365,0.10068791871204089]
2009-06-01T00:00:00.000Z,7,1230.0,8.77157,-73.34153,[0.2886818926555177,0.9517114428602634,0.104441822952606]
2009-06-01T00:00:00.000Z,7,809.0,9.27157,-73.34153,[0.3087550088563411,0.9453386950698012,0.10490517675427807]
2009-06-01T00:00:00.000Z,7,74.0,9.77157,-73.34153,[0.29861871827516595,0.9487610458584999,0.10334088715113027]
2009-06-01T00:00:00.000Z,6,99.0,10.27157,-73.34153,[0.2525078402809594,0.962473830667334,0.09941788509716697]
2009-06-01T00:00:00.000Z,7,1426.0,10.77157,-73.34153,[0.3242418263405237,0.9400593248753242,0.10562056507286462]
2009-06-01T00:00:00.000Z,2,146.0,-2.22843,-72.84153,[0.28611857867780405,0.9581645425489252,0.007541109825616541]
2009-06-01T00:00:00.000Z,2,165.0,-1.72843,-72.84153,[0.2888878929298017,0.95736104052318,0.0019035248758940424]
2009-06-01T00:00:00.000Z,2,168.0,-1.22843,-72.84153,[0.291051016961754,0.9566327999363076,0.011957909999203846]
2009-06-01T00:00:00.000Z,2,178.0,-0.72843,-72.84153,[0.2853202807356683,0.9581818876674215,0.021904509741517843]
2009-06-01T00:00:00.000Z,0,191.0,-0.22843,-72.84153,[0.2828796267901394,0.9586476241221391,0.031206562003039184]
2009-06-01T00:00:00.000Z,0,247.0,0.27157,-72.84153,[0.2755331415298048,0.9604616795836515,0.03993557273994742]
2009-06-01T00:00:00.000Z,0,264.0,0.77157,-72.84153,[0.27058365302995785,0.9614591277744815,0.048793773497205525]
2009-06-01T00:00:00.000Z,0,246.0,1.27157,-72.84153,[0.27664631896668224,0.9592654881243087,0.05724104729839075]
2009-06-01T00:00:00.000Z,0,259.0,1.77157,-72.84153,[0.27982239374882883,0.9579403721482085,0.06363702825578203]
2009-06-01T00:00:00.000Z,9,271.0,2.27157,-72.84153,[0.2920201699231234,0.9539325550822031,0.06882514593090085]
2009-06-01T00:00:00.000Z,9,193.0,2.77157,-72.84153,[0.29577450983141035,0.9522779316532858,0.07539350250604578]
2009-06-01T00:00:00.000Z,9,182.0,3.27157,-72.84153,[0.2976355555399081,0.9512665794706868,0.08065339956003001]
2009-06-01T00:00:00.000Z,9,203.0,3.77157,-72.84153,[0.300591469855598,0.9501048027592626,0.08334045850506187]
2009-06-01T00:00:00.000Z,9,165.0,4.27157,-72.84153,[0.2967121301427337,0.9513627029973365,0.08289100778590655]
2009-06-01T00:00:00.000Z,6,293.0,4.77157,-72.84153,[0.2230302281580883,0.971524344646751,0.07998728077920966]
2009-06-01T00:00:00.000Z,11,1653.0,5.27157,-72.84153,[0.1663507950631872,0.9821350940530572,0.08796630042941339]
2009-06-01T00:00:00.000Z,11,2686.0,5.77157,-72.84153,[0.16154202103274962,0.9839377644722023,0.07596480162614425]
2009-06-01T00:00:00.000Z,11,2685.0,6.27157,-72.84153,[0.17464989208627346,0.9836184894581095,0.04463275019982544]
2009-06-01T00:00:00.000Z,11,1547.0,6.77157,-72.84153,[0.14802454680834753,0.9877036132167615,0.050302146880004825]
2009-06-01T00:00:00.000Z,6,3795.0,7.27157,-72.84153,[0.20862374680723675,0.975857526049151,0.0646391608960127]
2009-06-01T00:00:00.000Z,9,1328.0,7.77157,-72.84153,[0.28942783962940816,0.9521257105269024,0.09842843593746144]
2009-06-01T00:00:00.000Z,10,973.0,8.27157,-72.84153,[0.3384342705063905,0.9348946692357385,0.1069308280217]
2009-06-01T00:00:00.000Z,10,83.0,8.77157,-72.84153,[0.3554342269770447,0.92807825932895,0.11107319593032647]
2009-06-01T00:00:00.000Z,10,223.0,10.77157,-72.84153,[0.3452307516646108,0.9322476615347612,0.10830524303124432]
2009-06-01T00:00:00.000Z,10,51.0,11.27157,-72.84153,[0.35703557841510486,0.9280436985981472,0.10611545240002943]
2009-06-01T00:00:00.000Z,8,149.0,-2.22843,-72.34153,[0.28090910622559256,0.9596816936422967,0.010055890183951173]
2009-06-01T00:00:00.000Z,2,147.0,-1.72843,-72.34153,[0.2835997179224429,0.9589422368661591,9.931507631525237E-4]
2009-06-01T00:00:00.000Z,2,145.0,-1.22843,-72.34153,[0.2879492531432985,0.957598679057946,0.009486700200457507]
2009-06-01T00:00:00.000Z,8,205.0,-0.72843,-72.34153,[0.2813940648740581,0.9593986621296626,0.01927660129452209]
2009-06-01T00:00:00.000Z,8,176.0,-0.22843,-72.34153,[0.2798823342124962,0.9595965744428442,0.02898781318629425]
2009-06-01T00:00:00.000Z,0,150.0,0.27157,-72.34153,[0.2790668662731854,0.9595008190986413,0.03846897837869408]
2009-06-01T00:00:00.000Z,0,218.0,0.77157,-72.34153,[0.2801547346409778,0.9587765619784858,0.047548174086476706]
2009-06-01T00:00:00.000Z,0,234.0,1.27157,-72.34153,[0.2785592794923806,0.9587361547187556,0.05683056786430897]
2009-06-01T00:00:00.000Z,9,237.0,1.77157,-72.34153,[0.2826001431652392,0.9570124370137582,0.06530202511387997]
2009-06-01T00:00:00.000Z,9,203.0,2.27157,-72.34153,[0.2900343236982027,0.9542697944423219,0.07245171144931573]
2009-06-01T00:00:00.000Z,9,188.0,2.77157,-72.34153,[0.29206464185948317,0.9532345988248487,0.07773058972323253]
2009-06-01T00:00:00.000Z,9,220.0,3.27157,-72.34153,[0.2956235411078532,0.9517918715668529,0.08184714510672328]
2009-06-01T00:00:00.000Z,9,180.0,3.77157,-72.34153,[0.29927636879829506,0.9504362805977103,0.08428838355608231]
2009-06-01T00:00:00.000Z,9,190.0,4.27157,-72.34153,[0.3009965655620351,0.9498374111704686,0.08491148250290873]
2009-06-01T00:00:00.000Z,9,177.0,4.77157,-72.34153,[0.30293214180185424,0.9491873776458101,0.08529618737793386]
2009-06-01T00:00:00.000Z,6,257.0,5.27157,-72.34153,[0.23866402631243747,0.9675886386952514,0.08253307707947345]
2009-06-01T00:00:00.000Z,6,1342.0,5.77157,-72.34153,[0.1766500561280118,0.9809715882853421,0.0805574369434834]
2009-06-01T00:00:00.000Z,11,3317.0,6.27157,-72.34153,[0.1704648412941668,0.984216711413766,0.04753107253603775]
2009-06-01T00:00:00.000Z,1,3467.0,6.77157,-72.34153,[0.21392867667773788,0.975835086663692,0.044501740763443876]
2009-06-01T00:00:00.000Z,6,2203.0,7.27157,-72.34153,[0.22679165449810504,0.9722850138384107,0.05681018672081245]
2009-06-01T00:00:00.000Z,3,97.0,11.27157,-72.34153,[0.40027726292507537,0.9093547214774363,0.11336711741904819]
2009-06-01T00:00:00.000Z,10,19.0,11.77157,-72.34153,[0.35924900382673314,0.927538368765189,0.1030180941287113]
2009-06-01T00:00:00.000Z,8,109.0,-2.22843,-71.84153,[0.27669749284309736,0.9608752778809124,0.012537855144452848]
2009-06-01T00:00:00.000Z,8,140.0,-1.72843,-71.84153,[0.2784518377350095,0.9604412996875521,0.004133269466379047]
2009-06-01T00:00:00.000Z,8,153.0,-1.22843,-71.84153,[0.2826950454593764,0.9591831892629425,0.007149874690606796]
2009-06-01T00:00:00.000Z,8,136.0,-0.72843,-71.84153,[0.2835573054575806,0.9587988266250489,0.01732237235674714]
2009-06-01T00:00:00.000Z,8,192.0,-0.22843,-71.84153,[0.27245154480102945,0.9617867786349595,0.027135736189018194]
2009-06-01T00:00:00.000Z,0,216.0,0.27157,-71.84153,[0.277299619064414,0.9600532628166367,0.037452020264078234]
2009-06-01T00:00:00.000Z,0,215.0,0.77157,-71.84153,[0.2739845561197026,0.9605964557931742,0.046764432269427156]
2009-06-01T00:00:00.000Z,0,232.0,1.27157,-71.84153,[0.26960960410932966,0.9613129326849049,0.056463322827814535]
2009-06-01T00:00:00.000Z,9,233.0,1.77157,-71.84153,[0.28240445224166744,0.9570373103745397,0.06578230693089634]
2009-06-01T00:00:00.000Z,9,159.0,2.27157,-71.84153,[0.290027136926588,0.9542461485545385,0.07279112456196718]
2009-06-01T00:00:00.000Z,9,186.0,2.77157,-71.84153,[0.29180829982704526,0.953240446101681,0.07861658901222748]
2009-06-01T00:00:00.000Z,9,222.0,3.27157,-71.84153,[0.2919321838530674,0.9528022850952477,0.0833270997218401]
2009-06-01T00:00:00.000Z,9,206.0,3.77157,-71.84153,[0.29380164158106903,0.9519635866977157,0.08628977347223524]
2009-06-01T00:00:00.000Z,9,189.0,4.27157,-71.84153,[0.30092356283515637,0.9496070406977113,0.0877010694799736]
2009-06-01T00:00:00.000Z,7,149.0,4.77157,-71.84153,[0.30470766104769675,0.948373069074808,0.08798728972113723]
2009-06-01T00:00:00.000Z,7,172.0,5.27157,-71.84153,[0.30712715836212334,0.9476725158800148,0.08711894881166846]
2009-06-01T00:00:00.000Z,9,213.0,5.77157,-71.84153,[0.2935226127523812,0.9527649325228502,0.07799653298541097]
2009-06-01T00:00:00.000Z,0,412.0,6.27157,-71.84153,[0.28137911899370865,0.9578614175744166,0.05768271939371027]
2009-06-01T00:00:00.000Z,0,325.0,6.77157,-71.84153,[0.3122916271543818,0.9489324732451679,0.04473366551130334]
2009-06-01T00:00:00.000Z,3,174.0,11.77157,-71.84153,[0.3931647388275138,0.9128962086474464,0.10973604867959717]
2009-06-01T00:00:00.000Z,8,107.0,-2.22843,-71.34153,[0.27257334097847485,0.9620235563946172,0.014644136358451396]
2009-06-01T00:00:00.000Z,8,121.0,-1.72843,-71.34153,[0.27428898895435855,0.961624925981163,0.006561422873025832]
2009-06-01T00:00:00.000Z,8,140.0,-1.22843,-71.34153,[0.2800393138702542,0.9599791265357742,0.004249623829159501]
2009-06-01T00:00:00.000Z,8,186.0,-0.72843,-71.34153,[0.2817805888059709,0.9593697089697453,0.014472777323886443]
2009-06-01T00:00:00.000Z,8,201.0,-0.22843,-71.34153,[0.27550646167180626,0.9609927770218957,0.024270807337754365]
2009-06-01T00:00:00.000Z,0,185.0,0.27157,-71.34153,[0.2787754492710166,0.9597368233796657,0.03448882040388466]
2009-06-01T00:00:00.000Z,0,228.0,0.77157,-71.34153,[0.2708330060847969,0.9616216450865056,0.04396924511741034]
2009-06-01T00:00:00.000Z,0,342.0,1.27157,-71.34153,[0.27401805228900766,0.9601680945126921,0.054693119307684994]
2009-06-01T00:00:00.000Z,9,222.0,1.77157,-71.34153,[0.28029937253097226,0.9576895228141552,0.06529195701415902]
2009-06-01T00:00:00.000Z,9,164.0,2.27157,-71.34153,[0.28647359315031484,0.9552879267650264,0.07319738659628124]
2009-06-01T00:00:00.000Z,9,189.0,2.77157,-71.34153,[0.2915488737413656,0.9532281535996994,0.07972039516365466]
2009-06-01T00:00:00.000Z,9,209.0,3.27157,-71.34153,[0.29165824761542125,0.9527502755437093,0.08486683126691864]
2009-06-01T00:00:00.000Z,9,171.0,3.77157,-71.34153,[0.29374823481917495,0.9517905403786653,0.08835576826844474]
2009-06-01T00:00:00.000Z,9,165.0,4.27157,-71.34153,[0.296412771335073,0.9508456743219204,0.08962127321542794]
2009-06-01T00:00:00.000Z,9,131.0,4.77157,-71.34153,[0.29913335151929754,0.949982089004644,0.08974000545578925]
2009-06-01T00:00:00.000Z,9,146.0,5.27157,-71.34153,[0.3009204706372505,0.949597282828055,0.08781725796806922]
2009-06-01T00:00:00.000Z,9,151.0,5.77157,-71.34153,[0.2981353033177323,0.9512488277063833,0.07900005508146915]
2009-06-01T00:00:00.000Z,0,157.0,6.27157,-71.34153,[0.2982683096955098,0.9526088650740314,0.05976926981107696]
2009-06-01T00:00:00.000Z,0,154.0,6.77157,-71.34153,[0.2999035846102044,0.9529754831436225,0.04353812656889454]
2009-06-01T00:00:00.000Z,8,97.0,-2.22843,-70.84153,[0.27061952551548335,0.962556508402131,0.015812670314434125]
2009-06-01T00:00:00.000Z,8,137.0,-1.72843,-70.84153,[0.2734391631383003,0.9618624679806094,0.007184479972653381]
2009-06-01T00:00:00.000Z,8,114.0,-1.22843,-70.84153,[0.2717403203655,0.9623688816106243,0.001825923101270158]
2009-06-01T00:00:00.000Z,8,155.0,-0.72843,-70.84153,[0.27342296379131564,0.9618436275662882,0.009834580911071037]
2009-06-01T00:00:00.000Z,8,183.0,-0.22843,-70.84153,[0.27626365466970765,0.9609170597207223,0.017798804628917923]
2009-06-01T00:00:00.000Z,8,193.0,0.27157,-70.84153,[0.277074524828256,0.9604520089896463,0.02759793686036384]
2009-06-01T00:00:00.000Z,0,250.0,0.77157,-70.84153,[0.2762627570462276,0.9603419649702197,0.037712058898373924]
2009-06-01T00:00:00.000Z,0,316.0,1.27157,-70.84153,[0.28037030440092847,0.958578313465625,0.05020069086704372]
2009-06-01T00:00:00.000Z,0,186.0,1.77157,-70.84153,[0.28267638911415716,0.9570932859770676,0.06376912242614648]
2009-06-01T00:00:00.000Z,9,191.0,2.27157,-70.84153,[0.2862634164578668,0.9553339898260574,0.07341814680919408]
2009-06-01T00:00:00.000Z,9,160.0,2.77157,-70.84153,[0.2870352883712166,0.9545330374070261,0.08048244360212545]
2009-06-01T00:00:00.000Z,9,240.0,3.27157,-70.84153,[0.29306819233024234,0.9521865392830832,0.08632397727392742]
2009-06-01T00:00:00.000Z,9,186.0,3.77157,-70.84153,[0.2908211452532499,0.9526109954752123,0.08919278431192193]
2009-06-01T00:00:00.000Z,9,176.0,4.27157,-70.84153,[0.29269654004513734,0.9518399294381239,0.09126600776210583]
2009-06-01T00:00:00.000Z,9,146.0,4.77157,-70.84153,[0.2943980424614015,0.9513097528948817,0.09132111826939945]
2009-06-01T00:00:00.000Z,9,123.0,5.27157,-70.84153,[0.29493580298638006,0.9513687964035373,0.0889397849472547]
2009-06-01T00:00:00.000Z,9,120.0,5.77157,-70.84153,[0.28775867784122966,0.9543246776843906,0.08037009947518718]
2009-06-01T00:00:00.000Z,0,126.0,6.27157,-70.84153,[0.28323723743596085,0.9570320718051021,0.06217942478086328]
2009-06-01T00:00:00.000Z,0,122.0,6.77157,-70.84153,[0.29124949317004406,0.9555223756694138,0.046375880835537786]
2009-06-01T00:00:00.000Z,8,97.0,-3.72843,-70.34153,[0.2590704841721493,0.9653459707843182,0.03145855879233241]
2009-06-01T00:00:00.000Z,8,132.0,-2.22843,-70.34153,[0.2674584845243628,0.963482335983433,0.012951729762400247]
2009-06-01T00:00:00.000Z,8,129.0,-1.72843,-70.34153,[0.2691166921830281,0.9630987133636715,0.004132106690999251]
2009-06-01T00:00:00.000Z,8,144.0,-1.22843,-70.34153,[0.2685228902610194,0.9632725904601649,0.0011721237273298465]
2009-06-01T00:00:00.000Z,8,134.0,-0.72843,-70.34153,[0.2693466666406428,0.9630212168381711,0.006519899470269527]
2009-06-01T00:00:00.000Z,8,170.0,-0.22843,-70.34153,[0.27455786337848453,0.9614951262977758,0.0120458193023762]
2009-06-01T00:00:00.000Z,8,177.0,0.27157,-70.34153,[0.2778561083797118,0.9604632407771141,0.017502746984548775]
2009-06-01T00:00:00.000Z,8,190.0,0.77157,-70.34153,[0.27868953022448795,0.9600525155371141,0.025125945835199903]
2009-06-01T00:00:00.000Z,0,195.0,1.27157,-70.34153,[0.28373121431921755,0.9580101001131228,0.041391377147744685]
2009-06-01T00:00:00.000Z,0,216.0,1.77157,-70.34153,[0.2818889046911806,0.9577563966475939,0.05693268035691955]
2009-06-01T00:00:00.000Z,9,168.0,2.27157,-70.34153,[0.28256740075548126,0.9567242702744642,0.06952938010715583]
2009-06-01T00:00:00.000Z,9,193.0,2.77157,-70.34153,[0.2894017088872227,0.9537869549707303,0.08085230621829803]
2009-06-01T00:00:00.000Z,9,177.0,3.27157,-70.34153,[0.29184348464317755,0.95245044213006,0.08755304539295326]
2009-06-01T00:00:00.000Z,9,174.0,3.77157,-70.34153,[0.2879313413899722,0.9533474728699471,0.09068703665825896]
2009-06-01T00:00:00.000Z,9,118.0,4.27157,-70.34153,[0.289761154184935,0.9525612745843336,0.0930886227617744]
2009-06-01T00:00:00.000Z,9,116.0,4.77157,-70.34153,[0.28715998494734807,0.9534165508133294,0.09239060385262503]
2009-06-01T00:00:00.000Z,9,124.0,5.27157,-70.34153,[0.2875248601640327,0.9535492432783742,0.08985151880126023]
2009-06-01T00:00:00.000Z,9,105.0,5.77157,-70.34153,[0.28030269519548023,0.9563268424316385,0.08288165967740867]
2009-06-01T00:00:00.000Z,9,104.0,6.27157,-70.34153,[0.2755173555716945,0.958887174509362,0.06801156769427262]
2009-06-01T00:00:00.000Z,0,109.0,6.77157,-70.34153,[0.2867570735119042,0.9565950251516806,0.05192628087918266]
2009-06-01T00:00:00.000Z,8,140.0,-3.72843,-69.84153,[0.2622978302170289,0.9645124937901772,0.030257190651019478]
2009-06-01T00:00:00.000Z,8,128.0,-3.22843,-69.84153,[0.26339022654274774,0.9643815381289582,0.024368780802183354]
2009-06-01T00:00:00.000Z,8,61.0,-2.72843,-69.84153,[0.2616785231879589,0.9650041981595481,0.01706599064269297]
2009-06-01T00:00:00.000Z,8,111.0,-2.22843,-69.84153,[0.2625738008462658,0.9648545221573099,0.010523791224393987]
2009-06-01T00:00:00.000Z,8,145.0,-1.72843,-69.84153,[0.2626733282781988,0.9648797158266904,0.003139521851930663]
2009-06-01T00:00:00.000Z,8,68.0,-1.22843,-69.84153,[0.2668790769948303,0.9637300002591094,2.1180879126573833E-4]
2009-06-01T00:00:00.000Z,8,122.0,-0.72843,-69.84153,[0.267696801984315,0.9634960293641814,0.0037180111386710415]
2009-06-01T00:00:00.000Z,8,188.0,0.77157,-69.84153,[0.2810355807007505,0.9594730372361561,0.020748329981422592]
2009-06-01T00:00:00.000Z,0,195.0,1.77157,-69.84153,[0.2803084195728538,0.9590079394047637,0.04160483235392358]
2009-06-01T00:00:00.000Z,0,182.0,2.27157,-69.84153,[0.28334971421156757,0.9574121202851794,0.05545242453906068]
2009-06-01T00:00:00.000Z,9,180.0,2.77157,-69.84153,[0.2848455573116492,0.9557903661355729,0.0729916740611101]
2009-06-01T00:00:00.000Z,9,198.0,3.27157,-69.84153,[0.2838441447386089,0.9550520634734371,0.08548717770951045]
2009-06-01T00:00:00.000Z,9,149.0,3.77157,-69.84153,[0.2842112557901458,0.9544574849960408,0.0907461923014993]
2009-06-01T00:00:00.000Z,9,188.0,4.27157,-69.84153,[0.28273945734040834,0.9548066595106647,0.0916659272409181]
2009-06-01T00:00:00.000Z,9,143.0,4.77157,-69.84153,[0.2785520438325632,0.9559906144333569,0.09214501609981189]
2009-06-01T00:00:00.000Z,9,100.0,5.27157,-69.84153,[0.2738615701414487,0.9574200492145045,0.09136021979918726]
2009-06-01T00:00:00.000Z,9,112.0,5.77157,-69.84153,[0.26790081503890323,0.9597089438341434,0.08478146275126737]
2009-06-01T00:00:00.000Z,9,98.0,6.27157,-69.84153,[0.27377989706829386,0.9593075133495337,0.06909169843337654]
2009-06-01T00:00:00.000Z,8,169.0,0.77157,-69.34153,[0.2768312765488456,0.9607673715518759,0.0170441217326152]
2009-06-01T00:00:00.000Z,0,182.0,1.77157,-69.34153,[0.2793498975661927,0.9596490598744503,0.032207399954690456]
2009-06-01T00:00:00.000Z,0,167.0,2.27157,-69.34153,[0.28174458180198814,0.958591916990358,0.04149129192943341]
2009-06-01T00:00:00.000Z,0,128.0,2.77157,-69.34153,[0.28323137642122154,0.9570122679857681,0.0625100498742149]
2009-06-01T00:00:00.000Z,9,182.0,3.27157,-69.34153,[0.28210463112184037,0.9558368678010593,0.08241880399442003]
2009-06-01T00:00:00.000Z,9,123.0,3.77157,-69.34153,[0.27871381538042606,0.9562197302379833,0.08923248634709291]
2009-06-01T00:00:00.000Z,9,172.0,4.27157,-69.34153,[0.2771048910758957,0.9566716477620208,0.08939931604948541]
2009-06-01T00:00:00.000Z,9,142.0,4.77157,-69.34153,[0.27617284145203597,0.9567416293159817,0.09150965183033731]
2009-06-01T00:00:00.000Z,9,117.0,5.27157,-69.34153,[0.27083247677191286,0.9581643002926638,0.0925793884742236]
2009-06-01T00:00:00.000Z,9,83.0,5.77157,-69.34153,[0.2683485428275378,0.9594525281254425,0.08625488876599428]
2009-06-01T00:00:00.000Z,8,139.0,1.77157,-68.84153,[0.2769221890020395,0.9605057027984127,0.027256120964767674]
2009-06-01T00:00:00.000Z,0,178.0,2.27157,-68.84153,[0.27525808438628796,0.9606833538066888,0.03633841904546252]
2009-06-01T00:00:00.000Z,0,155.0,2.77157,-68.84153,[0.27993500559067447,0.9583657250221913,0.0563163364188298]
2009-06-01T00:00:00.000Z,9,154.0,3.27157,-68.84153,[0.28203925830713394,0.9562893601976259,0.07723028127863316]
2009-06-01T00:00:00.000Z,9,118.0,3.77157,-68.84153,[0.2792934707689274,0.956169411691269,0.08795006157939164]
2009-06-01T00:00:00.000Z,9,168.0,4.27157,-68.84153,[0.28085517285246436,0.9555658420097518,0.08952258634672303]
2009-06-01T00:00:00.000Z,9,130.0,4.77157,-68.84153,[0.27658278534710795,0.9566510457888204,0.09121808724585011]
2009-06-01T00:00:00.000Z,9,118.0,5.27157,-68.84153,[0.2690400665486805,0.9587221419075995,0.09202878466863594]
2009-06-01T00:00:00.000Z,9,76.0,5.77157,-68.84153,[0.2763614610091799,0.9570494175026074,0.087639918569059]
2009-06-01T00:00:00.000Z,8,140.0,1.77157,-68.34153,[0.27450026216536716,0.9612934082154754,0.02376108988704166]
2009-06-01T00:00:00.000Z,8,115.0,2.27157,-68.34153,[0.270291903965348,0.9622391781166391,0.03221879495266949]
2009-06-01T00:00:00.000Z,0,126.0,2.77157,-68.34153,[0.27759449446536827,0.9595589218133597,0.046775765209125054]
2009-06-01T00:00:00.000Z,9,132.0,3.27157,-68.34153,[0.27643582252160886,0.9588187387462103,0.06519096759466288]
2009-06-01T00:00:00.000Z,9,110.0,3.77157,-68.34153,[0.28171950668332785,0.9558731899916805,0.08331004866899966]
2009-06-01T00:00:00.000Z,9,121.0,4.27157,-68.34153,[0.2833007256576951,0.9549093957496828,0.08881860588187197]
2009-06-01T00:00:00.000Z,9,109.0,4.77157,-68.34153,[0.27872846483567154,0.9561034549595709,0.09042469963854924]
2009-06-01T00:00:00.000Z,9,89.0,5.27157,-68.34153,[0.2795503515431703,0.9556721320196752,0.09242498056834272]
2009-06-01T00:00:00.000Z,9,65.0,5.77157,-68.34153,[0.2870979823572882,0.9533406284383232,0.09336163395740821]
2009-06-01T00:00:00.000Z,8,136.0,2.27157,-67.84153,[0.2753237070372927,0.9609123846400373,0.02905590109840203]
2009-06-01T00:00:00.000Z,0,120.0,2.77157,-67.84153,[0.2743684540848467,0.9608318194433763,0.03904057054171732]
2009-06-01T00:00:00.000Z,0,103.0,3.27157,-67.84153,[0.2812821757187863,0.9576727772526771,0.061181609426771026]
2009-06-01T00:00:00.000Z,9,95.0,3.77157,-67.84153,[0.280876940449619,0.9562930851883915,0.0813122349005901]
2009-06-01T00:00:00.000Z,9,110.0,4.27157,-67.84153,[0.27738499613013123,0.956761529620726,0.08754963940357267]
2009-06-01T00:00:00.000Z,9,101.0,4.77157,-67.84153,[0.2788980373327063,0.9560668128020008,0.09028917006257262]
2009-06-01T00:00:00.000Z,7,80.0,5.77157,-67.84153,[0.3018009076104309,0.9483556609930769,0.0976614172941619]
2009-06-01T00:00:00.000Z,7,54.0,6.27157,-67.84153,[0.3115157828523746,0.9460001346914022,0.08967531543140048]
2009-06-01T00:00:00.000Z,8,114.0,2.27157,-67.34153,[0.27677987214343813,0.9605889680272265,0.025724246940390133]
