2007-07-01T00:00:00.000Z,8,10.0,1.77157,-78.84153,[0.28301060774610926,0.9590915040284814,0.0069629593969280845]
2007-07-01T00:00:00.000Z,2,235.0,1.27157,-78.34153,[0.29400120666656876,0.9557967515534664,0.003982486464806111]
2007-07-01T00:00:00.000Z,2,57.0,1.77157,-78.34153,[0.2891170226252996,0.9572732914483345,0.006260407970232866]
2007-07-01T00:00:00.000Z,8,1772.0,1.27157,-77.84153,[0.28097574139599624,0.9596963634694418,0.005960091484157496]
2007-07-01T00:00:00.000Z,2,528.0,1.77157,-77.84153,[0.3023668940346858,0.953164388617154,0.007204836146920247]
2007-07-01T00:00:00.000Z,2,116.0,2.27157,-77.84153,[0.29367563310229583,0.9558631610240749,0.008957673750996669]
2007-07-01T00:00:00.000Z,9,167.0,7.27157,-77.84153,[0.2609753797651491,0.9600923523880485,0.10057100000705746]
2007-07-01T00:00:00.000Z,1,2201.0,0.77157,-77.34153,[0.19275999548610387,0.9812105576679739,0.008332206256496104]
2007-07-01T00:00:00.000Z,8,2447.0,1.27157,-77.34153,[0.26233460053155355,0.9649238029452687,0.010129751901713455]
2007-07-01T00:00:00.000Z,1,1706.0,1.77157,-77.34153,[0.23842830482993696,0.9710986165469309,0.010927963971372112]
2007-07-01T00:00:00.000Z,2,2096.0,2.27157,-77.34153,[0.2939834010034766,0.9557485053199444,0.010888274111239873]
2007-07-01T00:00:00.000Z,2,57.0,2.77157,-77.34153,[0.29779173298546935,0.9545494696859811,0.012465700450554531]
2007-07-01T00:00:00.000Z,8,74.0,3.27157,-77.34153,[0.28177448998344035,0.9593489444961489,0.015897782508793326]
2007-07-01T00:00:00.000Z,0,28.0,4.27157,-77.34153,[0.2662975492977621,0.9630062538558607,0.041286441751591026]
2007-07-01T00:00:00.000Z,6,14.0,5.27157,-77.34153,[0.2562855480137976,0.9638787144423303,0.07249511517521763]
2007-07-01T00:00:00.000Z,9,499.0,6.27157,-77.34153,[0.2753420142124473,0.9567331466603713,0.09406626010837693]
2007-07-01T00:00:00.000Z,9,695.0,6.77157,-77.34153,[0.2875855726997612,0.952422181830768,0.10092832076117095]
2007-07-01T00:00:00.000Z,7,345.0,7.27157,-77.34153,[0.2883758945477289,0.9517501006366109,0.10493373805405953]
2007-07-01T00:00:00.000Z,8,279.0,0.27157,-76.84153,[0.26970706685520285,0.9629015457023471,0.008871942988657988]
2007-07-01T00:00:00.000Z,1,485.0,0.77157,-76.84153,[0.20069837455596334,0.9795992091422019,0.010273845364174312]
2007-07-01T00:00:00.000Z,11,3335.0,1.27157,-76.84153,[0.16773567461210034,0.985750957321836,0.012640949391056838]
2007-07-01T00:00:00.000Z,11,2008.0,1.77157,-76.84153,[0.1785414766773494,0.9838251025186356,0.014529582239949813]
2007-07-01T00:00:00.000Z,1,1013.0,2.27157,-76.84153,[0.2208689944069675,0.9752029916985231,0.014000438989731271]
2007-07-01T00:00:00.000Z,8,2856.0,2.77157,-76.84153,[0.2614545427085686,0.9650925746984491,0.015422203440874093]
2007-07-01T00:00:00.000Z,8,1911.0,3.27157,-76.84153,[0.26072208412074394,0.9652510936559098,0.01772910172021059]
2007-07-01T00:00:00.000Z,8,794.0,3.77157,-76.84153,[0.27495042515927887,0.9612088034023569,0.021906619240332784]
2007-07-01T00:00:00.000Z,8,70.0,4.27157,-76.84153,[0.28252611659812205,0.9588434613503835,0.028252611659812205]
2007-07-01T00:00:00.000Z,0,24.0,4.77157,-76.84153,[0.2800993552168454,0.9583476023319653,0.05580523552213012]
2007-07-01T00:00:00.000Z,9,133.0,5.27157,-76.84153,[0.2858126593095726,0.9556178990655939,0.07145316482739315]
2007-07-01T00:00:00.000Z,9,76.0,5.77157,-76.84153,[0.2825120714019389,0.955264552717062,0.08750179332137875]
2007-07-01T00:00:00.000Z,9,38.0,6.27157,-76.84153,[0.2760710401874679,0.9563889606494425,0.09541979206479548]
2007-07-01T00:00:00.000Z,7,20.0,6.77157,-76.84153,[0.2980152648722267,0.9489433434089323,0.10340905619438542]
2007-07-01T00:00:00.000Z,7,15.0,7.27157,-76.84153,[0.29889061291463154,0.9481661016430447,0.1079140639886535]
2007-07-01T00:00:00.000Z,7,8.0,7.77157,-76.84153,[0.3104934959306563,0.943900227629195,0.11245509888979406]
2007-07-01T00:00:00.000Z,8,294.0,0.77157,-76.34153,[0.2585866137395167,0.9658623289448615,0.015586042471970872]
2007-07-01T00:00:00.000Z,1,1412.0,1.27157,-76.34153,[0.19228167391441736,0.9812192087026632,0.01538253391315339]
2007-07-01T00:00:00.000Z,11,2388.0,1.77157,-76.34153,[0.14089400350511844,0.9898706912923706,0.01746122265661724]
2007-07-01T00:00:00.000Z,11,3852.0,2.27157,-76.34153,[0.1502418506693487,0.9884959857530959,0.017408976347400722]
2007-07-01T00:00:00.000Z,1,2450.0,2.77157,-76.34153,[0.21852013728153266,0.975662883213762,0.018190324941273532]
2007-07-01T00:00:00.000Z,1,990.0,3.27157,-76.34153,[0.22507168570312625,0.9741383896838433,0.01992822217163097]
2007-07-01T00:00:00.000Z,8,962.0,3.77157,-76.34153,[0.24493088886760478,0.9692762663718009,0.022635793047006126]
2007-07-01T00:00:00.000Z,1,1899.0,4.27157,-76.34153,[0.21117332616793896,0.9770869443936243,0.026588144175548795]
2007-07-01T00:00:00.000Z,6,1358.0,4.77157,-76.34153,[0.243607457233038,0.9688680148400736,0.044160803891103245]
2007-07-01T00:00:00.000Z,6,407.0,5.27157,-76.34153,[0.23245502028186016,0.97024704117646,0.0677151580821071]
2007-07-01T00:00:00.000Z,6,480.0,5.77157,-76.34153,[0.2302068099752518,0.9691706699958101,0.08782389800555856]
2007-07-01T00:00:00.000Z,6,1095.0,6.27157,-76.34153,[0.2225532746555462,0.9703322774981814,0.09447386509127936]
2007-07-01T00:00:00.000Z,6,1485.0,6.77157,-76.34153,[0.24440050323962012,0.9645673194523673,0.09938953798411218]
2007-07-01T00:00:00.000Z,9,827.0,7.27157,-76.34153,[0.28072303841023605,0.9537952053072193,0.1070947339446924]
2007-07-01T00:00:00.000Z,7,201.0,7.77157,-76.34153,[0.2993667706855317,0.9474341619073944,0.11290724272671553]
2007-07-01T00:00:00.000Z,7,165.0,8.27157,-76.34153,[0.3080030845660998,0.9443171493839763,0.11575500540835838]
2007-07-01T00:00:00.000Z,10,99.0,8.77157,-76.34153,[0.32864976215341857,0.9366518221372429,0.1211309123365457]
2007-07-01T00:00:00.000Z,8,267.0,0.27157,-75.84153,[0.2836024290093189,0.9586230864860449,0.02472731922353979]
2007-07-01T00:00:00.000Z,8,241.0,0.77157,-75.84153,[0.27787800883295855,0.960365001238593,0.021974453418171197]
2007-07-01T00:00:00.000Z,1,250.0,1.27157,-75.84153,[0.2304228555219861,0.9728965010928301,0.01943465498594529]
2007-07-01T00:00:00.000Z,8,1712.0,1.77157,-75.84153,[0.24793723040299867,0.9685429739388075,0.021251762605971315]
2007-07-01T00:00:00.000Z,1,1262.0,2.27157,-75.84153,[0.22210271463767134,0.9747841364653352,0.02159331947866249]
2007-07-01T00:00:00.000Z,11,2705.0,2.77157,-75.84153,[0.18308151146306847,0.9828586404859465,0.021680705304837056]
2007-07-01T00:00:00.000Z,11,1867.0,3.27157,-75.84153,[0.15863936871947903,0.9870894053656474,0.022092000977231154]
2007-07-01T00:00:00.000Z,11,3782.0,3.77157,-75.84153,[0.17656394314456858,0.9840347149776911,0.022379760946349775]
2007-07-01T00:00:00.000Z,1,2035.0,4.27157,-75.84153,[0.23307184904992428,0.9721087171429003,0.026118101677453827]
2007-07-01T00:00:00.000Z,1,1185.0,4.77157,-75.84153,[0.2421231478144455,0.969673679783706,0.0333066964310603]
2007-07-01T00:00:00.000Z,0,1530.0,5.27157,-75.84153,[0.2661545258706074,0.962154858781069,0.05847902258565458]
2007-07-01T00:00:00.000Z,9,1704.0,5.77157,-75.84153,[0.2624964786282867,0.9607629735015615,0.08961086684207027]
2007-07-01T00:00:00.000Z,6,488.0,6.27157,-75.84153,[0.20662987005706804,0.9739464099880905,0.09344777831232572]
2007-07-01T00:00:00.000Z,6,896.0,6.77157,-75.84153,[0.20858913104747784,0.9730519149911138,0.09828807222132463]
2007-07-01T00:00:00.000Z,9,2421.0,7.27157,-75.84153,[0.25638907343623296,0.9609203928786546,0.1043869798990377]
2007-07-01T00:00:00.000Z,7,131.0,7.77157,-75.84153,[0.3097048683915564,0.9438624560504577,0.1149197918244127]
2007-07-01T00:00:00.000Z,7,43.0,8.27157,-75.84153,[0.3140369601781299,0.9421108805343897,0.11750692073574387]
2007-07-01T00:00:00.000Z,7,10.0,8.77157,-75.84153,[0.31916807282143855,0.9403446446567115,0.11782907347888236]
2007-07-01T00:00:00.000Z,10,155.0,9.27157,-75.84153,[0.33779766609764694,0.9334196992521552,0.12091485362435209]
2007-07-01T00:00:00.000Z,0,228.0,0.27157,-75.34153,[0.2842706104850167,0.9580972427457969,0.035212120887238685]
2007-07-01T00:00:00.000Z,0,189.0,0.77157,-75.34153,[0.2780184209545566,0.959798034166768,0.038645714116089816]
2007-07-01T00:00:00.000Z,0,244.0,1.27157,-75.34153,[0.2725256891404919,0.9613778565849694,0.038501501614741834]
2007-07-01T00:00:00.000Z,1,1357.0,1.77157,-75.34153,[0.22115723954369065,0.9747300557666366,0.0314768769509274]
2007-07-01T00:00:00.000Z,8,2437.0,2.27157,-75.34153,[0.2787097609452895,0.9600002877004415,0.026838717720657504]
2007-07-01T00:00:00.000Z,4,485.0,2.77157,-75.34153,[0.34991733941253567,0.9363788002679455,0.027433519409942795]
2007-07-01T00:00:00.000Z,4,694.0,3.27157,-75.34153,[0.3661242204857754,0.9301534250179159,0.027706697766491113]
2007-07-01T00:00:00.000Z,8,442.0,3.77157,-75.34153,[0.27265062995995837,0.9617813506385687,0.025263957455005315]
2007-07-01T00:00:00.000Z,11,2270.0,4.27157,-75.34153,[0.1345816009239715,0.9905690806746371,0.025703873329623386]
2007-07-01T00:00:00.000Z,11,4229.0,4.77157,-75.34153,[0.17809260668560833,0.9835833506492748,0.02910009913163535]
2007-07-01T00:00:00.000Z,1,3209.0,5.27157,-75.34153,[0.20637504212488403,0.9775659890126085,0.04211981853893832]
2007-07-01T00:00:00.000Z,6,1992.0,5.77157,-75.34153,[0.2315440629157373,0.9705144764766008,0.06699998416285163]
2007-07-01T00:00:00.000Z,6,2185.0,6.27157,-75.34153,[0.23054597665929047,0.9692341059553844,0.08621949025064281]
2007-07-01T00:00:00.000Z,6,2092.0,6.77157,-75.34153,[0.24706313090279652,0.9644130986995127,0.09416572840110972]
2007-07-01T00:00:00.000Z,7,869.0,7.27157,-75.34153,[0.30919809277264926,0.9447085638957696,0.10918914198650381]
2007-07-01T00:00:00.000Z,7,83.0,7.77157,-75.34153,[0.3230627944066031,0.9391896951677677,0.11641798555580805]
2007-07-01T00:00:00.000Z,7,30.0,8.27157,-75.34153,[0.322966328672637,0.9389092554983092,0.1189208160219603]
2007-07-01T00:00:00.000Z,10,74.0,8.77157,-75.34153,[0.32865909880326655,0.9366784315893096,0.12089959705977306]
2007-07-01T00:00:00.000Z,7,180.0,9.27157,-75.34153,[0.3178900819681654,0.9409546426257698,0.11640556819707004]
2007-07-01T00:00:00.000Z,7,136.0,9.77157,-75.34153,[0.3256353627394774,0.9386642128789207,0.11345089684055101]
2007-07-01T00:00:00.000Z,7,79.0,10.27157,-75.34153,[0.32324389628771116,0.9398230009503914,0.11066214527714523]
2007-07-01T00:00:00.000Z,0,205.0,0.27157,-74.84153,[0.2793657890525447,0.9593097962920027,0.04098134508828652]
2007-07-01T00:00:00.000Z,0,239.0,0.77157,-74.84153,[0.27746795733452384,0.9596722325991589,0.04517453520239768]
2007-07-01T00:00:00.000Z,0,226.0,1.27157,-74.84153,[0.277931408408137,0.9596067969317983,0.04369127490201989]
2007-07-01T00:00:00.000Z,0,258.0,1.77157,-74.84153,[0.28216658356739355,0.9586580161369188,0.0368351355954087]
2007-07-01T00:00:00.000Z,1,576.0,2.27157,-74.84153,[0.21251958343900387,0.9766610364601215,0.031123086536422425]
2007-07-01T00:00:00.000Z,8,1998.0,2.77157,-74.84153,[0.2462341380709231,0.968769664430551,0.029224758811447944]
2007-07-01T00:00:00.000Z,8,2106.0,3.27157,-74.84153,[0.25950286174333936,0.9653005002046924,0.02920974240879134]
2007-07-01T00:00:00.000Z,4,361.0,3.77157,-74.84153,[0.35433238806201384,0.9345178631711891,0.033539859633350926]
2007-07-01T00:00:00.000Z,4,289.0,4.27157,-74.84153,[0.32660913698663024,0.9445536241653345,0.03383670659181489]
2007-07-01T00:00:00.000Z,4,277.0,4.77157,-74.84153,[0.33538469132677096,0.9414079945736004,0.0356103436736919]
2007-07-01T00:00:00.000Z,4,325.0,5.27157,-74.84153,[0.3449354120789548,0.937713305429455,0.04139224944947458]
2007-07-01T00:00:00.000Z,0,379.0,5.77157,-74.84153,[0.30566609154289354,0.9505616101706453,0.054780158366706806]
2007-07-01T00:00:00.000Z,9,978.0,6.27157,-74.84153,[0.26911554456075815,0.9604835125955091,0.07105100778989053]
2007-07-01T00:00:00.000Z,9,1143.0,6.77157,-74.84153,[0.28187353595747916,0.9552380940781239,0.08981922594200624]
2007-07-01T00:00:00.000Z,7,322.0,7.27157,-74.84153,[0.3065757961339762,0.9458431043688968,0.10673379569108801]
2007-07-01T00:00:00.000Z,10,55.0,7.77157,-74.84153,[0.33187384787053714,0.9358138890483697,0.11879441975012514]
2007-07-01T00:00:00.000Z,10,27.0,8.27157,-74.84153,[0.3375240032746179,0.9332242616856102,0.12316665382652725]
2007-07-01T00:00:00.000Z,10,14.0,8.77157,-74.84153,[0.34941252079281726,0.928542615809286,0.1253774339315403]
2007-07-01T00:00:00.000Z,10,48.0,9.27157,-74.84153,[0.34135830168466547,0.9321707469081247,0.12054961003549373]
2007-07-01T00:00:00.000Z,10,15.0,9.77157,-74.84153,[0.3331305406546815,0.9358260771041406,0.1151242645796037]
2007-07-01T00:00:00.000Z,10,5.0,10.27157,-74.84153,[0.3403639273072048,0.9333324417796872,0.1142057358874001]
2007-07-01T00:00:00.000Z,2,171.0,-0.72843,-74.34153,[0.29445792934067266,0.955221522781142,0.02909244341885846]
2007-07-01T00:00:00.000Z,0,219.0,-0.22843,-74.34153,[0.2841690102175264,0.9580555201619461,0.03711595235494222]
2007-07-01T00:00:00.000Z,0,201.0,0.27157,-74.34153,[0.2788466197100784,0.9593241731589528,0.04406465101591362]
2007-07-01T00:00:00.000Z,0,242.0,0.77157,-74.34153,[0.27319361425052935,0.9606932468066136,0.049332896457636916]
2007-07-01T00:00:00.000Z,0,251.0,1.27157,-74.34153,[0.275618216360116,0.9601454258446666,0.046425855296724466]
2007-07-01T00:00:00.000Z,0,298.0,1.77157,-74.34153,[0.2861125101145756,0.9575539653028134,0.03507185607856088]
2007-07-01T00:00:00.000Z,0,313.0,2.27157,-74.34153,[0.2920297879383715,0.9556259320747521,0.03869988246662971]
2007-07-01T00:00:00.000Z,8,364.0,2.77157,-74.34153,[0.26246203668762985,0.9643401528975359,0.0340844364386198]
2007-07-01T00:00:00.000Z,11,899.0,3.27157,-74.34153,[0.14260921708586216,0.9889891233678082,0.03953637644412926]
2007-07-01T00:00:00.000Z,11,3444.0,3.77157,-74.34153,[0.14132236744733712,0.9892565721313598,0.037408861971353936]
2007-07-01T00:00:00.000Z,11,2263.0,4.27157,-74.34153,[0.1704389912124577,0.9846306586935901,0.03811845006170507]
2007-07-01T00:00:00.000Z,1,2655.0,4.77157,-74.34153,[0.21251447780425822,0.9764178709925379,0.038022860623356476]
2007-07-01T00:00:00.000Z,0,1104.0,5.27157,-74.34153,[0.292165864351091,0.9555260645580763,0.040112936294104715]
2007-07-01T00:00:00.000Z,5,744.0,5.77157,-74.34153,[0.3197602547719066,0.9462534946768644,0.04855618683573396]
2007-07-01T00:00:00.000Z,5,119.0,6.27157,-74.34153,[0.32475211749786076,0.9438838522959405,0.06016091385302097]
2007-07-01T00:00:00.000Z,9,97.0,6.77157,-74.34153,[0.2831075747651111,0.9560497862107521,0.07628176320059939]
2007-07-01T00:00:00.000Z,9,575.0,7.27157,-74.34153,[0.27271220801316526,0.9567099004689495,0.10165735558864737]
2007-07-01T00:00:00.000Z,7,1234.0,7.77157,-74.34153,[0.31534010391593964,0.9413137430326556,0.12037049489030084]
2007-07-01T00:00:00.000Z,10,715.0,8.27157,-74.34153,[0.34314941421092876,0.9307175339826244,0.12654387169673198]
2007-07-01T00:00:00.000Z,10,14.0,8.77157,-74.34153,[0.3597916655277186,0.924122428581469,0.12863784205854048]
2007-07-01T00:00:00.000Z,10,37.0,9.27157,-74.34153,[0.35027819351643225,0.9283596877113833,0.12431201623048208]
2007-07-01T00:00:00.000Z,10,95.0,9.77157,-74.34153,[0.3379418533461267,0.9338181247938907,0.11738404305273588]
2007-07-01T00:00:00.000Z,7,119.0,10.27157,-74.34153,[0.3260766049256232,0.9384928808432811,0.11360088171602357]
2007-07-01T00:00:00.000Z,7,5.0,10.77157,-74.34153,[0.31770877148491194,0.9410000254667621,0.11653363717442762]
2007-07-01T00:00:00.000Z,2,156.0,-1.22843,-73.84153,[0.2964252910015379,0.9548877951235312,0.017926114436061385]
2007-07-01T00:00:00.000Z,0,195.0,-0.72843,-73.84153,[0.2871352823318116,0.9575035422919685,0.027208383608054727]
2007-07-01T00:00:00.000Z,0,174.0,-0.22843,-73.84153,[0.27544635247576427,0.96064760946093,0.03585355414457262]
2007-07-01T00:00:00.000Z,0,241.0,0.27157,-73.84153,[0.2749045661512418,0.9604690397629807,0.04389422702332585]
2007-07-01T00:00:00.000Z,0,232.0,0.77157,-73.84153,[0.2709703729534719,0.9612200061147853,0.051294803110533777]
2007-07-01T00:00:00.000Z,0,267.0,1.27157,-73.84153,[0.27213878583796286,0.9608165295911749,0.052650524280487505]
2007-07-01T00:00:00.000Z,0,265.0,1.77157,-73.84153,[0.25695841193393987,0.9652412140595436,0.04776790991079652]
2007-07-01T00:00:00.000Z,8,554.0,2.27157,-73.84153,[0.24387140749345076,0.9688945108523584,0.04207331039188813]
2007-07-01T00:00:00.000Z,0,995.0,2.77157,-73.84153,[0.27190423666882096,0.9607283028965007,0.05540048822127226]
2007-07-01T00:00:00.000Z,6,363.0,3.27157,-73.84153,[0.25737930467307457,0.9640435359245864,0.06615099672737794]
2007-07-01T00:00:00.000Z,6,545.0,3.77157,-73.84153,[0.19455065266350907,0.9783437993136234,0.070664374990424]
2007-07-01T00:00:00.000Z,11,1499.0,4.27157,-73.84153,[0.14216956270044306,0.9871612377829151,0.0728045744474043]
2007-07-01T00:00:00.000Z,11,3610.0,4.77157,-73.84153,[0.13380678520967532,0.988555301074929,0.06967180885055509]
2007-07-01T00:00:00.000Z,11,2585.0,5.27157,-73.84153,[0.162509850361738,0.9848751334003317,0.06009592452974338]
2007-07-01T00:00:00.000Z,6,2622.0,5.77157,-73.84153,[0.25330697656433454,0.9659439372986623,0.052800432003854626]
2007-07-01T00:00:00.000Z,5,616.0,6.27157,-73.84153,[0.3176255599275788,0.9469947249692627,0.048114390374214715]
2007-07-01T00:00:00.000Z,5,101.0,6.77157,-73.84153,[0.3527442965115337,0.9328673207395614,0.07300700771005263]
2007-07-01T00:00:00.000Z,10,89.0,7.27157,-73.84153,[0.35755002038591827,0.9278979767800647,0.10565664962269003]
2007-07-01T00:00:00.000Z,10,59.0,7.77157,-73.84153,[0.34148918792399174,0.931880706482724,0.12240703989669846]
2007-07-01T00:00:00.000Z,10,38.0,8.27157,-73.84153,[0.35071404451683086,0.92749811772918,0.12940981642624527]
2007-07-01T00:00:00.000Z,10,29.0,8.77157,-73.84153,[0.3660162221705544,0.9213079564909503,0.1312393782919762]
2007-07-01T00:00:00.000Z,10,52.0,9.27157,-73.84153,[0.37048462244093877,0.9198676413345227,0.1287814697868332]
2007-07-01T00:00:00.000Z,7,46.0,9.77157,-73.84153,[0.3079452848198238,0.9441268228390721,0.11744889932663047]
2007-07-01T00:00:00.000Z,6,931.0,10.27157,-73.84153,[0.16228205165425919,0.9805492980236225,0.11039750837888337]
2007-07-01T00:00:00.000Z,7,2665.0,10.77157,-73.84153,[0.3134349465860069,0.9426974729380666,0.11436786600619185]
2007-07-01T00:00:00.000Z,2,139.0,-1.72843,-73.34153,[0.2935077839142096,0.9559304899024061,0.007076669888840627]
2007-07-01T00:00:00.000Z,2,199.0,-1.22843,-73.34153,[0.28910958506254103,0.9571715744500859,0.01543453561688466]
2007-07-01T00:00:00.000Z,8,223.0,-0.72843,-73.34153,[0.2847421390735708,0.9582888053961942,0.024586168634866557]
2007-07-01T00:00:00.000Z,8,171.0,-0.22843,-73.34153,[0.2745676607572342,0.9609868126503198,0.03342073575610597]
2007-07-01T00:00:00.000Z,0,209.0,0.27157,-73.34153,[0.27108748671166916,0.9616354466891309,0.04205760596308612]
2007-07-01T00:00:00.000Z,0,237.0,0.77157,-73.34153,[0.2617694461930417,0.9638372914220783,0.049944296010053145]
2007-07-01T00:00:00.000Z,0,249.0,1.27157,-73.34153,[0.2616192711143595,0.9636309819378909,0.05450401481549157]
2007-07-01T00:00:00.000Z,0,294.0,1.77157,-73.34153,[0.26832553668532294,0.9615911069784226,0.05782689117136756]
2007-07-01T00:00:00.000Z,0,229.0,2.27157,-73.34153,[0.2731082745160755,0.9602839329758784,0.05715451390074323]
2007-07-01T00:00:00.000Z,0,267.0,2.77157,-73.34153,[0.27671103793536067,0.9590426736474548,0.06056526733926569]
2007-07-01T00:00:00.000Z,9,234.0,3.27157,-73.34153,[0.2782132004865982,0.9575450313936332,0.07553097330479534]
2007-07-01T00:00:00.000Z,9,256.0,3.77157,-73.34153,[0.2769576989304127,0.9575784408363258,0.07961132236461256]
2007-07-01T00:00:00.000Z,6,300.0,4.27157,-73.34153,[0.21941759233019792,0.9724940524383647,0.07817440852367354]
2007-07-01T00:00:00.000Z,11,1229.0,4.77157,-73.34153,[0.15003489444285395,0.9859435920530403,0.07351709827699844]
2007-07-01T00:00:00.000Z,11,2684.0,5.27157,-73.34153,[0.13679450851235708,0.9877027224790529,0.07570068988014338]
2007-07-01T00:00:00.000Z,6,3515.0,5.77157,-73.34153,[0.21501398861564153,0.9744250973432266,0.06530478058485709]
2007-07-01T00:00:00.000Z,6,1301.0,6.27157,-73.34153,[0.2278330856447215,0.9725412312595574,0.04749356362444692]
2007-07-01T00:00:00.000Z,0,1945.0,6.77157,-73.34153,[0.30367414789017966,0.9511074311920427,0.05636192184841734]
2007-07-01T00:00:00.000Z,9,351.0,7.27157,-73.34153,[0.25608522339544965,0.9629748492658382,0.08426029931076084]
2007-07-01T00:00:00.000Z,7,325.0,7.77157,-73.34153,[0.26546742462130063,0.9559262767326652,0.125427269431165]
2007-07-01T00:00:00.000Z,7,1339.0,8.27157,-73.34153,[0.28296649979836197,0.9508153997461908,0.12601601325766035]
2007-07-01T00:00:00.000Z,7,1230.0,8.77157,-73.34153,[0.29851379433965153,0.94609613851196,0.12566467793975653]
2007-07-01T00:00:00.000Z,7,809.0,9.27157,-73.34153,[0.3200351040177697,0.939260113707324,0.12396762075171078]
2007-07-01T00:00:00.000Z,7,74.0,9.77157,-73.34153,[0.3164998015402225,0.9409122007029096,0.12046620353197617]
2007-07-01T00:00:00.000Z,9,99.0,10.27157,-73.34153,[0.26146808413938755,0.9587163085110878,0.11179213197426259]
2007-07-01T00:00:00.000Z,10,1426.0,10.77157,-73.34153,[0.3473525860215385,0.9300491343112933,0.11981147170018283]
2007-07-01T00:00:00.000Z,2,146.0,-2.22843,-72.84153,[0.28744884726819553,0.957784103743434,0.004771878096942376]
2007-07-01T00:00:00.000Z,2,165.0,-1.72843,-72.84153,[0.288391803466078,0.9575063830494288,0.00341966565374796]
2007-07-01T00:00:00.000Z,2,168.0,-1.22843,-72.84153,[0.286698657562916,0.957937578047521,0.012628393249795112]
2007-07-01T00:00:00.000Z,8,178.0,-0.72843,-72.84153,[0.2791127042821963,0.9600126481964253,0.021721270938090276]
2007-07-01T00:00:00.000Z,8,191.0,-0.22843,-72.84153,[0.2765124947562619,0.9605170870480677,0.030785804072053453]
2007-07-01T00:00:00.000Z,8,247.0,0.27157,-72.84153,[0.2650508204070935,0.9634212393220491,0.03959265367076915]
2007-07-01T00:00:00.000Z,0,264.0,0.77157,-72.84153,[0.25749986177183476,0.9650835155482209,0.048037789338947326]
2007-07-01T00:00:00.000Z,6,246.0,1.27157,-72.84153,[0.25395119569256436,0.9656547567301292,0.05495162427801288]
2007-07-01T00:00:00.000Z,9,259.0,1.77157,-72.84153,[0.25843857454781116,0.9640509482094698,0.061767891676157344]
2007-07-01T00:00:00.000Z,9,271.0,2.27157,-72.84153,[0.27107580305612416,0.9601962180542231,0.06738792051877145]
2007-07-01T00:00:00.000Z,9,193.0,2.77157,-72.84153,[0.27106832479046117,0.9596693111533261,0.07454378931737682]
2007-07-01T00:00:00.000Z,9,182.0,3.27157,-72.84153,[0.27512682647093123,0.9579717210855319,0.081212135524552]
2007-07-01T00:00:00.000Z,9,203.0,3.77157,-72.84153,[0.27711310825606067,0.9570974823301693,0.08469199814572778]
2007-07-01T00:00:00.000Z,9,165.0,4.27157,-72.84153,[0.27681390105327197,0.9570812611315558,0.08584593044809974]
2007-07-01T00:00:00.000Z,6,293.0,4.77157,-72.84153,[0.20256953493577895,0.9758188349594512,0.08211689749547167]
2007-07-01T00:00:00.000Z,11,1653.0,5.27157,-72.84153,[0.14544362196692587,0.9853805388259227,0.08872060939982478]
2007-07-01T00:00:00.000Z,11,2686.0,5.77157,-72.84153,[0.14512185048937926,0.9863366448515437,0.07797224848327665]
2007-07-01T00:00:00.000Z,11,2685.0,6.27157,-72.84153,[0.16646587288996967,0.9847276987857361,0.050994827258547044]
2007-07-01T00:00:00.000Z,11,1547.0,6.77157,-72.84153,[0.14422958859127108,0.9877151290134369,0.06013858738582464]
2007-07-01T00:00:00.000Z,6,3795.0,7.27157,-72.84153,[0.22626476847239504,0.970397563181074,0.08445604726937526]
2007-07-01T00:00:00.000Z,7,1328.0,7.77157,-72.84153,[0.3129827202884657,0.941374383503292,0.12592095490675478]
2007-07-01T00:00:00.000Z,10,973.0,8.27157,-72.84153,[0.35347974033403606,0.9264890036123683,0.1291131262062216]
2007-07-01T00:00:00.000Z,10,83.0,8.77157,-72.84153,[0.36091380635341036,0.923588455841887,0.12932744727663872]
2007-07-01T00:00:00.000Z,10,223.0,10.77157,-72.84153,[0.36658131710035347,0.922241418810363,0.12283689748450442]
2007-07-01T00:00:00.000Z,10,51.0,11.27157,-72.84153,[0.3769681741681675,0.918223153970435,0.12149582370149721]
2007-07-01T00:00:00.000Z,8,149.0,-2.22843,-72.34153,[0.28251967124756366,0.95922686799074,0.008151753360107568]
2007-07-01T00:00:00.000Z,2,147.0,-1.72843,-72.34153,[0.284662868796203,0.9586275265389919,5.625748395181878E-4]
2007-07-01T00:00:00.000Z,2,145.0,-1.22843,-72.34153,[0.2855743499709192,0.9583107633411478,0.009368644682840432]
2007-07-01T00:00:00.000Z,8,205.0,-0.72843,-72.34153,[0.2771714689292305,0.9606384646021122,0.0187007256145023]
2007-07-01T00:00:00.000Z,8,176.0,-0.22843,-72.34153,[0.2727167914500591,0.9616855277449452,0.02804456074020851]
2007-07-01T00:00:00.000Z,8,150.0,0.27157,-72.34153,[0.27017060979461704,0.9620709519515629,0.03777995519079197]
2007-07-01T00:00:00.000Z,0,218.0,0.77157,-72.34153,[0.26678589851894813,0.9626070787377559,0.04704143190211658]
2007-07-01T00:00:00.000Z,0,234.0,1.27157,-72.34153,[0.26160670290188676,0.9635308604822578,0.05630465251756658]
2007-07-01T00:00:00.000Z,9,237.0,1.77157,-72.34153,[0.2613783627669568,0.9630292956044844,0.06523746841191667]
2007-07-01T00:00:00.000Z,9,203.0,2.27157,-72.34153,[0.27253403864883563,0.9593198160439015,0.07369320405064515]
2007-07-01T00:00:00.000Z,9,188.0,2.77157,-72.34153,[0.269000684266353,0.9599419579666226,0.07842237690506985]
2007-07-01T00:00:00.000Z,9,220.0,3.27157,-72.34153,[0.27331844745347045,0.958261062758553,0.08386156379696845]
2007-07-01T00:00:00.000Z,9,180.0,3.77157,-72.34153,[0.2757124266684545,0.9572735453928741,0.08723541179789901]
2007-07-01T00:00:00.000Z,9,190.0,4.27157,-72.34153,[0.28864383232657603,0.9530906149763805,0.09112089608740931]
2007-07-01T00:00:00.000Z,9,177.0,4.77157,-72.34153,[0.2909759102706158,0.952284797249288,0.09212320321215939]
2007-07-01T00:00:00.000Z,6,257.0,5.27157,-72.34153,[0.22852190504730852,0.969521151611601,0.08835426130789502]
2007-07-01T00:00:00.000Z,11,1342.0,5.77157,-72.34153,[0.1632453566611776,0.9829954210460837,0.08408897508590155]
2007-07-01T00:00:00.000Z,11,3317.0,6.27157,-72.34153,[0.16397778404776592,0.985063622418331,0.05254470598318922]
2007-07-01T00:00:00.000Z,6,3467.0,6.77157,-72.34153,[0.22095773707819777,0.9738507671224272,0.05284280272981238]
2007-07-01T00:00:00.000Z,6,2203.0,7.27157,-72.34153,[0.24167678441010218,0.9678860487838726,0.0692020841213317]
2007-07-01T00:00:00.000Z,3,97.0,11.27157,-72.34153,[0.412856883039051,0.901516997062321,0.12967767014800355]
2007-07-01T00:00:00.000Z,10,19.0,11.77157,-72.34153,[0.37603018063536164,0.9184791236465083,0.12246388315286778]
2007-07-01T00:00:00.000Z,8,109.0,-2.22843,-71.84153,[0.2798112377496399,0.9599847998683297,0.011612719353245924]
2007-07-01T00:00:00.000Z,8,140.0,-1.72843,-71.84153,[0.28072176011021116,0.9597799308115915,0.004216374262524911]
2007-07-01T00:00:00.000Z,8,153.0,-1.22843,-71.84153,[0.2832467691254699,0.9590244938893865,0.0065793540859853256]
2007-07-01T00:00:00.000Z,8,136.0,-0.72843,-71.84153,[0.2806869203972521,0.9596608147969292,0.01630868667920793]
2007-07-01T00:00:00.000Z,8,192.0,-0.22843,-71.84153,[0.2678336314136524,0.9631078745935827,0.026236763893582277]
2007-07-01T00:00:00.000Z,8,216.0,0.27157,-71.84153,[0.26578598499118683,0.963338590498669,0.03655913344572652]
2007-07-01T00:00:00.000Z,0,215.0,0.77157,-71.84153,[0.2648407397267683,0.9631555065165329,0.04680654706191457]
2007-07-01T00:00:00.000Z,6,232.0,1.27157,-71.84153,[0.25288174580438677,0.9658382644377629,0.05663276072005804]
2007-07-01T00:00:00.000Z,9,233.0,1.77157,-71.84153,[0.2644228988680071,0.9620264003531152,0.06771805946619693]
2007-07-01T00:00:00.000Z,9,159.0,2.27157,-71.84153,[0.26738748996756817,0.9606542482302549,0.07514882278523992]
2007-07-01T00:00:00.000Z,9,186.0,2.77157,-71.84153,[0.27236331438266925,0.9587188666269957,0.08170899431480078]
2007-07-01T00:00:00.000Z,9,222.0,3.27157,-71.84153,[0.2739660222875382,0.9577852139172335,0.08712119508743714]
2007-07-01T00:00:00.000Z,9,206.0,3.77157,-71.84153,[0.2781128282889507,0.9562206008500574,0.09107918121654082]
2007-07-01T00:00:00.000Z,9,189.0,4.27157,-71.84153,[0.2876376689109374,0.9531522754107532,0.09362324125336394]
2007-07-01T00:00:00.000Z,7,149.0,4.77157,-71.84153,[0.29745435995330716,0.9500092736493222,0.09488563497735342]
2007-07-01T00:00:00.000Z,7,172.0,5.27157,-71.84153,[0.3035218164625869,0.948211566158314,0.09364471546675161]
2007-07-01T00:00:00.000Z,9,213.0,5.77157,-71.84153,[0.2972650926636671,0.9510114319080663,0.08491596471707141]
2007-07-01T00:00:00.000Z,0,412.0,6.27157,-71.84153,[0.2908106563918501,0.9546694088929177,0.0635254425642853]
2007-07-01T00:00:00.000Z,5,325.0,6.77157,-71.84153,[0.33234588686752314,0.9418557020283391,0.04953834917459308]
2007-07-01T00:00:00.000Z,3,174.0,11.77157,-71.84153,[0.4005871054441977,0.9070149511228155,0.129822376312852]
2007-07-01T00:00:00.000Z,8,107.0,-2.22843,-71.34153,[0.2762812679934822,0.9609783234555901,0.013759462358568677]
2007-07-01T00:00:00.000Z,8,121.0,-1.72843,-71.34153,[0.27717411320955493,0.960797222469485,0.0065732991274993265]
2007-07-01T00:00:00.000Z,8,140.0,-1.22843,-71.34153,[0.27805624777101035,0.9605579468453086,0.003626820623100135]
2007-07-01T00:00:00.000Z,8,186.0,-0.72843,-71.34153,[0.28052502653827655,0.9597490081171747,0.013694922555411928]
2007-07-01T00:00:00.000Z,8,201.0,-0.22843,-71.34153,[0.2697565290325412,0.9626392265878991,0.023603696290347358]
2007-07-01T00:00:00.000Z,8,185.0,0.27157,-71.34153,[0.26883228910231316,0.9625930351727986,0.03382083637093617]
2007-07-01T00:00:00.000Z,8,228.0,0.77157,-71.34153,[0.2594134855514625,0.9647608966789928,0.04405741428167401]
2007-07-01T00:00:00.000Z,0,342.0,1.27157,-71.34153,[0.2607934580361196,0.9637552482157834,0.05623694321437311]
2007-07-01T00:00:00.000Z,9,222.0,1.77157,-71.34153,[0.26595035944314316,0.9615128379867484,0.06901788680285618]
2007-07-01T00:00:00.000Z,9,164.0,2.27157,-71.34153,[0.2697325906343015,0.9597713867549843,0.07799496596654501]
2007-07-01T00:00:00.000Z,9,189.0,2.77157,-71.34153,[0.2730097448817477,0.958253327652668,0.08494845049906172]
2007-07-01T00:00:00.000Z,9,209.0,3.27157,-71.34153,[0.2795610335781382,0.9558114389133974,0.09094020973707816]
2007-07-01T00:00:00.000Z,9,171.0,3.77157,-71.34153,[0.27966675807934016,0.9555280901044121,0.0935551893098745]
2007-07-01T00:00:00.000Z,9,165.0,4.27157,-71.34153,[0.28501138634253986,0.9537782613825153,0.09526561693103006]
2007-07-01T00:00:00.000Z,9,131.0,4.77157,-71.34153,[0.29281913308825425,0.951377339022149,0.09559348352569857]
2007-07-01T00:00:00.000Z,9,146.0,5.27157,-71.34153,[0.29693355091411855,0.9504166552424876,0.09240480387520446]
2007-07-01T00:00:00.000Z,9,151.0,5.77157,-71.34153,[0.3052984223463789,0.9485225793509635,0.08424838143375266]
2007-07-01T00:00:00.000Z,5,157.0,6.27157,-71.34153,[0.3095879350146906,0.9487751924784815,0.06309472744025635]
2007-07-01T00:00:00.000Z,5,154.0,6.77157,-71.34153,[0.31806288812979866,0.9470143135293253,0.04472012036110703]
2007-07-01T00:00:00.000Z,8,97.0,-2.22843,-70.84153,[0.2769964046988743,0.9607631202350718,0.014395088748130476]
2007-07-01T00:00:00.000Z,8,137.0,-1.72843,-70.84153,[0.27789228485724976,0.9605882917506509,0.006783197504389562]
2007-07-01T00:00:00.000Z,8,114.0,-1.22843,-70.84153,[0.271279517668014,0.9624997286861137,0.001302141684806467]
2007-07-01T00:00:00.000Z,8,155.0,-0.72843,-70.84153,[0.2724070294339848,0.9621416279608342,0.008825987753661108]
2007-07-01T00:00:00.000Z,8,183.0,-0.22843,-70.84153,[0.27237978811558594,0.9620454116242496,0.01666964303267386]
2007-07-01T00:00:00.000Z,8,193.0,0.27157,-70.84153,[0.26961223367976406,0.9625914688406034,0.026961223367976406]
2007-07-01T00:00:00.000Z,8,250.0,0.77157,-70.84153,[0.267951721611357,0.9626813869182219,0.0380318572609668]
2007-07-01T00:00:00.000Z,0,316.0,1.27157,-70.84153,[0.2677792978343973,0.9620619127840643,0.05226015328703559]
2007-07-01T00:00:00.000Z,9,186.0,1.77157,-70.84153,[0.2706460574052821,0.9602522116739408,0.06831106488909319]
2007-07-01T00:00:00.000Z,9,191.0,2.27157,-70.84153,[0.2719943694062219,0.9590239718107824,0.0793226607192647]
2007-07-01T00:00:00.000Z,9,160.0,2.77157,-70.84153,[0.276105730129278,0.9570937759817265,0.08796095592260794]
2007-07-01T00:00:00.000Z,9,240.0,3.27157,-70.84153,[0.2809380283745874,0.9551892964735972,0.09320532235486313]
2007-07-01T00:00:00.000Z,9,186.0,3.77157,-70.84153,[0.2844835656519496,0.9538566613035957,0.0960550392260112]
2007-07-01T00:00:00.000Z,9,176.0,4.27157,-70.84153,[0.28567147708949725,0.9533585372673025,0.09746438630112257]
2007-07-01T00:00:00.000Z,9,146.0,4.77157,-70.84153,[0.2890039729566852,0.9524761287716434,0.09625968904705158]
2007-07-01T00:00:00.000Z,9,123.0,5.27157,-70.84153,[0.2931401355694864,0.9515779785409483,0.09256463511636476]
2007-07-01T00:00:00.000Z,9,120.0,5.77157,-70.84153,[0.296715467789031,0.9513014997816263,0.08357863176652859]
2007-07-01T00:00:00.000Z,0,126.0,6.27157,-70.84153,[0.2959390352803589,0.9530812276899772,0.06368878097668561]
2007-07-01T00:00:00.000Z,0,122.0,6.77157,-70.84153,[0.3022321390197962,0.9521448590172525,0.04556206306275874]
2007-07-01T00:00:00.000Z,8,97.0,-3.72843,-70.34153,[0.27234028004923583,0.9617686267880494,0.028842336745371826]
2007-07-01T00:00:00.000Z,8,132.0,-2.22843,-70.34153,[0.27527410761967663,0.9612918640104456,0.01192131962132458]
2007-07-01T00:00:00.000Z,8,129.0,-1.72843,-70.34153,[0.2761549008128517,0.9611060327502399,0.0036965616644239994]
2007-07-01T00:00:00.000Z,8,144.0,-1.22843,-70.34153,[0.27115220980197524,0.9625363304125892,5.401438442270423E-4]
2007-07-01T00:00:00.000Z,8,134.0,-0.72843,-70.34153,[0.2695861633502459,0.9629617754870783,0.005283888801664819]
2007-07-01T00:00:00.000Z,8,170.0,-0.22843,-70.34153,[0.2719865253287667,0.9622471493702981,0.010185949554145047]
2007-07-01T00:00:00.000Z,8,177.0,0.27157,-70.34153,[0.27468867851921586,0.9614103748172556,0.015369485583813267]
2007-07-01T00:00:00.000Z,8,190.0,0.77157,-70.34153,[0.2727775495043998,0.9617853837107323,0.023691436570501656]
2007-07-01T00:00:00.000Z,0,195.0,1.27157,-70.34153,[0.2701845258470223,0.9618569120153995,0.042797228894168336]
2007-07-01T00:00:00.000Z,0,216.0,1.77157,-70.34153,[0.27148321832488853,0.9604665253884501,0.06165156750804241]
2007-07-01T00:00:00.000Z,9,168.0,2.27157,-70.34153,[0.272787346644482,0.9590856711389326,0.07577426295680055]
2007-07-01T00:00:00.000Z,9,193.0,2.77157,-70.34153,[0.27999356182850593,0.9559155196801337,0.08848234043721144]
2007-07-01T00:00:00.000Z,9,177.0,3.27157,-70.34153,[0.2839191862397226,0.9541005212009283,0.09530000592387589]
2007-07-01T00:00:00.000Z,9,174.0,3.77157,-70.34153,[0.28081696219062435,0.9547776714481228,0.09768025312277795]
2007-07-01T00:00:00.000Z,9,118.0,4.27157,-70.34153,[0.2858061851535024,0.953057979286193,0.09997656048754813]
2007-07-01T00:00:00.000Z,9,116.0,4.77157,-70.34153,[0.28496242898122603,0.9535707740227798,0.09746380353093295]
2007-07-01T00:00:00.000Z,9,124.0,5.27157,-70.34153,[0.29006697381095925,0.9524421323984371,0.09335488812306734]
2007-07-01T00:00:00.000Z,9,105.0,5.77157,-70.34153,[0.2866183190269775,0.9542962422775612,0.08466771033325657]
2007-07-01T00:00:00.000Z,9,104.0,6.27157,-70.34153,[0.28515816996772847,0.9559900334167141,0.06904979441364152]
2007-07-01T00:00:00.000Z,0,109.0,6.77157,-70.34153,[0.2950143343054846,0.9540652245275484,0.052211970863876335]
2007-07-01T00:00:00.000Z,8,140.0,-3.72843,-69.84153,[0.27490094590198255,0.9610794788370092,0.02749009459019825]
2007-07-01T00:00:00.000Z,8,128.0,-3.22843,-69.84153,[0.2757948229046983,0.9609725860585581,0.0216542028921267]
2007-07-01T00:00:00.000Z,8,61.0,-2.72843,-69.84153,[0.27668526033672436,0.9608327985912029,0.015671626073759777]
2007-07-01T00:00:00.000Z,8,111.0,-2.22843,-69.84153,[0.2717286358462863,0.9623275008627372,0.00945143081204474]
2007-07-01T00:00:00.000Z,8,145.0,-1.72843,-69.84153,[0.2725850386223041,0.9621282193269469,0.0025857869276424104]
2007-07-01T00:00:00.000Z,8,68.0,-1.22843,-69.84153,[0.2710258625173862,0.9625720117184947,3.2264983633022165E-4]
2007-07-01T00:00:00.000Z,8,122.0,-0.72843,-69.84153,[0.27186840659914824,0.9623278519303183,0.0035601815149888458]
2007-07-01T00:00:00.000Z,8,188.0,0.77157,-69.84153,[0.27610273893229786,0.9609244929769738,0.019783739561290637]
2007-07-01T00:00:00.000Z,0,195.0,1.77157,-69.84153,[0.27161098497095076,0.9614166610876512,0.04365176544175994]
2007-07-01T00:00:00.000Z,0,182.0,2.27157,-69.84153,[0.2763773397838566,0.9591919439557375,0.059719182047413714]
2007-07-01T00:00:00.000Z,9,180.0,2.77157,-69.84153,[0.28003319774554203,0.9566892903524744,0.07954250363978431]
2007-07-01T00:00:00.000Z,9,198.0,3.27157,-69.84153,[0.28057108969010414,0.9552517645091094,0.09366925873700753]
2007-07-01T00:00:00.000Z,9,149.0,3.77157,-69.84153,[0.2813117575104606,0.9544896986347148,0.09906114418169919]
2007-07-01T00:00:00.000Z,9,188.0,4.27157,-69.84153,[0.27969717268599303,0.954903628623273,0.099642117769385]
2007-07-01T00:00:00.000Z,9,143.0,4.77157,-69.84153,[0.28219612269743444,0.954196228109224,0.09937256460746234]
2007-07-01T00:00:00.000Z,9,100.0,5.27157,-69.84153,[0.2787370766653243,0.9555150371289911,0.09641916776477562]
2007-07-01T00:00:00.000Z,9,112.0,5.77157,-69.84153,[0.27876627417121963,0.9562331497733696,0.08892428048174951]
2007-07-01T00:00:00.000Z,9,98.0,6.27157,-69.84153,[0.28156266426848375,0.9568815448511305,0.07141551101369205]
2007-07-01T00:00:00.000Z,8,169.0,0.77157,-69.34153,[0.27425677679348087,0.9615119939347918,0.01667050996195668]
2007-07-01T00:00:00.000Z,8,182.0,1.77157,-69.34153,[0.27570472842116356,0.9606586630924917,0.03349381661678979]
2007-07-01T00:00:00.000Z,0,167.0,2.27157,-69.34153,[0.2788918955084121,0.9593013059511141,0.04427544489005142]
2007-07-01T00:00:00.000Z,9,128.0,2.77157,-69.34153,[0.280094633135088,0.9575328156013472,0.06839520111438194]
2007-07-01T00:00:00.000Z,9,182.0,3.27157,-69.34153,[0.28234364004922846,0.954953778699321,0.09135288430936428]
2007-07-01T00:00:00.000Z,9,123.0,3.77157,-69.34153,[0.280239958735192,0.9547710222024565,0.09938742722585298]
2007-07-01T00:00:00.000Z,9,172.0,4.27157,-69.34153,[0.28297801540825196,0.953821650391521,0.10073580316849742]
2007-07-01T00:00:00.000Z,9,142.0,4.77157,-69.34153,[0.2810713660215289,0.9543353357940283,0.10120748024573656]
2007-07-01T00:00:00.000Z,9,117.0,5.27157,-69.34153,[0.27932532789284115,0.9549028651220384,0.10068703679858228]
2007-07-01T00:00:00.000Z,9,83.0,5.77157,-69.34153,[0.2861775057738033,0.9535609257272148,0.09393612784941635]
2007-07-01T00:00:00.000Z,8,139.0,1.77157,-68.84153,[0.27731378415580665,0.9603473459092138,0.028810420377276415]
2007-07-01T00:00:00.000Z,0,178.0,2.27157,-68.84153,[0.2789488871856289,0.9594973395801398,0.03940017355968221]
2007-07-01T00:00:00.000Z,0,155.0,2.77157,-68.84153,[0.2812063296882713,0.9576215551546536,0.062321402795779045]
2007-07-01T00:00:00.000Z,9,154.0,3.27157,-68.84153,[0.28636404828580186,0.954182496769103,0.0867836085263079]
2007-07-01T00:00:00.000Z,9,118.0,3.77157,-68.84153,[0.28852813194349314,0.9522525419275742,0.09983292778272956]
2007-07-01T00:00:00.000Z,7,168.0,4.27157,-68.84153,[0.2903782660001544,0.9514287882202028,0.10229234370459986]
2007-07-01T00:00:00.000Z,7,130.0,4.77157,-68.84153,[0.2918584260010857,0.950750933185355,0.10436149778220641]
2007-07-01T00:00:00.000Z,7,118.0,5.27157,-68.84153,[0.2886184905825846,0.9517800605471494,0.10399078439311446]
2007-07-01T00:00:00.000Z,7,76.0,5.77157,-68.84153,[0.2973061423305635,0.9498207468463321,0.09720908698673482]
2007-07-01T00:00:00.000Z,8,140.0,1.77157,-68.34153,[0.2789093029275641,0.959966903099523,0.025945051435122244]
2007-07-01T00:00:00.000Z,0,115.0,2.27157,-68.34153,[0.2774055200876583,0.9600831671783796,0.03586766685508394]
2007-07-01T00:00:00.000Z,0,126.0,2.77157,-68.34153,[0.2829608758240377,0.9577137335582815,0.05213009981527464]
2007-07-01T00:00:00.000Z,9,132.0,3.27157,-68.34153,[0.2866635315305394,0.9551803932296218,0.07385415411569242]
2007-07-01T00:00:00.000Z,9,110.0,3.77157,-68.34153,[0.2922026773647037,0.9515883417575066,0.09537936449829007]
2007-07-01T00:00:00.000Z,7,121.0,4.27157,-68.34153,[0.29876162265566925,0.9486796301491586,0.10367474219021358]
2007-07-01T00:00:00.000Z,7,109.0,4.77157,-68.34153,[0.30588523850690363,0.9459784227898687,0.10751299679372281]
2007-07-01T00:00:00.000Z,7,89.0,5.27157,-68.34153,[0.30417792727322923,0.9465835497980343,0.10702977067860267]
2007-07-01T00:00:00.000Z,7,65.0,5.77157,-68.34153,[0.31035340738711226,0.9448028084663012,0.10501626368043614]
2007-07-01T00:00:00.000Z,0,136.0,2.27157,-67.84153,[0.28497533342561376,0.9579555438999479,0.03332019283130253]
2007-07-01T00:00:00.000Z,0,120.0,2.77157,-67.84153,[0.288060018853015,0.9565351771073399,0.04540793426957832]
2007-07-01T00:00:00.000Z,9,103.0,3.27157,-67.84153,[0.29537734544073296,0.9527585052186048,0.07073510114501763]
2007-07-01T00:00:00.000Z,7,95.0,3.77157,-67.84153,[0.30093217067664235,0.9488346426185179,0.09566948112555944]
2007-07-01T00:00:00.000Z,7,110.0,4.27157,-67.84153,[0.3015764584087185,0.9476503693067971,0.10493053552872639]
2007-07-01T00:00:00.000Z,7,101.0,4.77157,-67.84153,[0.3105206631142315,0.9442598603250607,0.10931712563909934]
2007-07-01T00:00:00.000Z,7,80.0,5.77157,-67.84153,[0.3252971907460711,0.9390878754749717,0.11088597669957316]
2007-07-01T00:00:00.000Z,7,54.0,6.27157,-67.84153,[0.32425541446042677,0.9409302572342566,0.09751244645773562]
2007-07-01T00:00:00.000Z,0,114.0,2.27157,-67.34153,[0.29270329722739197,0.9557206144318633,0.03037905433344902]
