2006-08-01T00:00:00.000Z,2,10.0,1.77157,-78.84153,[0.2953683260084492,0.9553319294335778,0.009922529701846339]
2006-08-01T00:00:00.000Z,2,235.0,1.27157,-78.34153,[0.30650872597385675,0.9518532701141255,0.005268118727675663]
2006-08-01T00:00:00.000Z,2,57.0,1.77157,-78.34153,[0.3011784180930946,0.9535378487889482,0.007558531728205077]
2006-08-01T00:00:00.000Z,2,1772.0,1.27157,-77.84153,[0.2991960384459754,0.954158794876031,0.007919895135334644]
2006-08-01T00:00:00.000Z,2,528.0,1.77157,-77.84153,[0.3162173472305082,0.9486520416915246,0.008117456806300404]
2006-08-01T00:00:00.000Z,2,116.0,2.27157,-77.84153,[0.300352329107719,0.9537906023573367,0.008483233722889774]
2006-08-01T00:00:00.000Z,6,167.0,7.27157,-77.84153,[0.24746458625873982,0.9625867375697104,0.11039950725747046]
2006-08-01T00:00:00.000Z,1,2201.0,0.77157,-77.34153,[0.20465089856160593,0.9787651670337675,0.011694337060663196]
2006-08-01T00:00:00.000Z,8,2447.0,1.27157,-77.34153,[0.2775149492081207,0.9606286703358023,0.013342064865775032]
2006-08-01T00:00:00.000Z,8,1706.0,1.77157,-77.34153,[0.25027756183000416,0.9680786909363613,0.01359375589635048]
2006-08-01T00:00:00.000Z,2,2096.0,2.27157,-77.34153,[0.3105811533269116,0.9504531680124766,0.013346258395975722]
2006-08-01T00:00:00.000Z,2,57.0,2.77157,-77.34153,[0.30563677717033144,0.952040995553561,0.014286470043977177]
2006-08-01T00:00:00.000Z,8,74.0,3.27157,-77.34153,[0.2833744793928836,0.958860157015455,0.016914600707947317]
2006-08-01T00:00:00.000Z,0,28.0,4.27157,-77.34153,[0.2687394954202111,0.961859120673883,0.051050128087545894]
2006-08-01T00:00:00.000Z,9,14.0,5.27157,-77.34153,[0.2592667018733834,0.9622586286921228,0.08269890451060095]
2006-08-01T00:00:00.000Z,9,499.0,6.27157,-77.34153,[0.2692886065007154,0.9577034488002096,0.10142854906330447]
2006-08-01T00:00:00.000Z,9,695.0,6.77157,-77.34153,[0.27880775696377674,0.954094985807601,0.10940289170593824]
2006-08-01T00:00:00.000Z,7,345.0,7.27157,-77.34153,[0.2769363256701096,0.954008787289427,0.11477589162753593]
2006-08-01T00:00:00.000Z,2,279.0,0.27157,-76.84153,[0.2888871624904672,0.957244750286209,0.015056407197596381]
2006-08-01T00:00:00.000Z,1,485.0,0.77157,-76.84153,[0.21250973270677587,0.977056242330004,0.014167315513785058]
2006-08-01T00:00:00.000Z,11,3335.0,1.27157,-76.84153,[0.1746118636681179,0.9845136994053456,0.015603613349065857]
2006-08-01T00:00:00.000Z,1,2008.0,1.77157,-76.84153,[0.18645042393992664,0.9823059247841773,0.01764396629230178]
2006-08-01T00:00:00.000Z,1,1013.0,2.27157,-76.84153,[0.2320303776514331,0.972552859517709,0.017402278323857483]
2006-08-01T00:00:00.000Z,8,2856.0,2.77157,-76.84153,[0.26949169253374605,0.9628203196887473,0.01874192225348325]
2006-08-01T00:00:00.000Z,8,1911.0,3.27157,-76.84153,[0.2684396442504377,0.9630860920914824,0.020132973318782825]
2006-08-01T00:00:00.000Z,8,794.0,3.77157,-76.84153,[0.2812319083285316,0.9593636872820069,0.023020192496246736]
2006-08-01T00:00:00.000Z,0,70.0,4.27157,-76.84153,[0.2875182191442362,0.9572924614419205,0.030404225472723822]
2006-08-01T00:00:00.000Z,9,24.0,4.77157,-76.84153,[0.2842729563361932,0.9565839025001178,0.06431270304944295]
2006-08-01T00:00:00.000Z,9,133.0,5.27157,-76.84153,[0.29097861309063033,0.9533958345583153,0.07979868025667287]
2006-08-01T00:00:00.000Z,9,76.0,5.77157,-76.84153,[0.2821412307033942,0.9546871876126478,0.09470321929811604]
2006-08-01T00:00:00.000Z,9,38.0,6.27157,-76.84153,[0.2739754770141392,0.9562069019900589,0.10298445796065073]
2006-08-01T00:00:00.000Z,7,20.0,6.77157,-76.84153,[0.29055844236261436,0.9503227250205808,0.11163561206563605]
2006-08-01T00:00:00.000Z,7,15.0,7.27157,-76.84153,[0.2886465840633725,0.9502634733771703,0.11697213631332175]
2006-08-01T00:00:00.000Z,7,8.0,7.77157,-76.84153,[0.2953861001326137,0.9476072336371075,0.1216042047261271]
2006-08-01T00:00:00.000Z,8,294.0,0.77157,-76.34153,[0.27465392117810083,0.9612887241233528,0.022118147634696616]
2006-08-01T00:00:00.000Z,1,1412.0,1.27157,-76.34153,[0.2041573146597476,0.9787541849864371,0.018974621009553015]
2006-08-01T00:00:00.000Z,11,2388.0,1.77157,-76.34153,[0.14598857650241914,0.9890726058038897,0.020560057857424027]
2006-08-01T00:00:00.000Z,11,3852.0,2.27157,-76.34153,[0.15537243276442236,0.9876387198978787,0.02071632436858965]
2006-08-01T00:00:00.000Z,1,2450.0,2.77157,-76.34153,[0.22959144372560603,0.9730304043609017,0.022351759600799742]
2006-08-01T00:00:00.000Z,1,990.0,3.27157,-76.34153,[0.2334398596594898,0.9720675181718241,0.0243016879542956]
2006-08-01T00:00:00.000Z,8,962.0,3.77157,-76.34153,[0.2510421528806382,0.9676319601643377,0.025811376282093786]
2006-08-01T00:00:00.000Z,1,1899.0,4.27157,-76.34153,[0.21153067700562364,0.9769664257579318,0.02813139931311902]
2006-08-01T00:00:00.000Z,6,1358.0,4.77157,-76.34153,[0.24434710108916585,0.9685432604258338,0.04710039143166726]
2006-08-01T00:00:00.000Z,6,407.0,5.27157,-76.34153,[0.2283934895042435,0.9709481679407453,0.07138675734746161]
2006-08-01T00:00:00.000Z,6,480.0,5.77157,-76.34153,[0.22679717436093266,0.9695579203929872,0.0923064499648996]
2006-08-01T00:00:00.000Z,6,1095.0,6.27157,-76.34153,[0.21965762814914222,0.9704277303305386,0.10010268029085287]
2006-08-01T00:00:00.000Z,6,1485.0,6.77157,-76.34153,[0.24015116184155497,0.9648551104076633,0.1066866223402306]
2006-08-01T00:00:00.000Z,9,827.0,7.27157,-76.34153,[0.2726165628746524,0.9552312636159082,0.11494973970029639]
2006-08-01T00:00:00.000Z,7,201.0,7.77157,-76.34153,[0.2894002285765018,0.9494928847678484,0.12128796096520804]
2006-08-01T00:00:00.000Z,7,165.0,8.27157,-76.34153,[0.2937000201384447,0.947801163889999,0.12415011840284437]
2006-08-01T00:00:00.000Z,7,99.0,8.77157,-76.34153,[0.312533094534082,0.9409359358570581,0.13024065967950535]
2006-08-01T00:00:00.000Z,0,267.0,0.27157,-75.84153,[0.29697094609683,0.954123521596241,0.038164940863849646]
2006-08-01T00:00:00.000Z,0,241.0,0.77157,-75.84153,[0.28895777869276285,0.9568765786219361,0.029843180422367315]
2006-08-01T00:00:00.000Z,1,250.0,1.27157,-75.84153,[0.2405073654007178,0.9703638752553714,0.023455421279178913]
2006-08-01T00:00:00.000Z,8,1712.0,1.77157,-75.84153,[0.2595320045085772,0.9654089056599249,0.02507555599116688]
2006-08-01T00:00:00.000Z,1,1262.0,2.27157,-75.84153,[0.23614425863497596,0.9713825990336037,0.025529109041619022]
2006-08-01T00:00:00.000Z,1,2705.0,2.77157,-75.84153,[0.1926990891683797,0.9809005248635586,0.026480584511525726]
2006-08-01T00:00:00.000Z,11,1867.0,3.27157,-75.84153,[0.1676835548162249,0.9854446591011478,0.027947259136037482]
2006-08-01T00:00:00.000Z,11,3782.0,3.77157,-75.84153,[0.18435486150033203,0.9824625538340674,0.027939494537938515]
2006-08-01T00:00:00.000Z,1,2035.0,4.27157,-75.84153,[0.23691628669061301,0.9711222048506316,0.02814846970581541]
2006-08-01T00:00:00.000Z,1,1185.0,4.77157,-75.84153,[0.23805206915449686,0.9706977577173658,0.03281882895139665]
2006-08-01T00:00:00.000Z,0,1530.0,5.27157,-75.84153,[0.2591862927313346,0.9640761168885156,0.058135243229458226]
2006-08-01T00:00:00.000Z,9,1704.0,5.77157,-75.84153,[0.2544271323862747,0.9628320892264906,0.09067084570824593]
2006-08-01T00:00:00.000Z,6,488.0,6.27157,-75.84153,[0.20547095895086623,0.973704044361605,0.09839775923091482]
2006-08-01T00:00:00.000Z,6,896.0,6.77157,-75.84153,[0.2061145359929897,0.9729033279254591,0.10476598953840564]
2006-08-01T00:00:00.000Z,6,2421.0,7.27157,-75.84153,[0.2491607354479319,0.9620954448598716,0.1108660583358655]
2006-08-01T00:00:00.000Z,7,131.0,7.77157,-75.84153,[0.30222191115202224,0.9452707221068726,0.1229844638447098]
2006-08-01T00:00:00.000Z,7,43.0,8.27157,-75.84153,[0.30025483620785753,0.9455297751127439,0.12577948047689158]
2006-08-01T00:00:00.000Z,7,10.0,8.77157,-75.84153,[0.30383234906435164,0.9441671922537379,0.1274135657366636]
2006-08-01T00:00:00.000Z,7,155.0,9.27157,-75.84153,[0.3212431785675413,0.9376214328508449,0.13292429756275295]
2006-08-01T00:00:00.000Z,0,228.0,0.27157,-75.34153,[0.29107079036444344,0.9553694490187781,0.05046791929706075]
2006-08-01T00:00:00.000Z,0,189.0,0.77157,-75.34153,[0.28934489940423347,0.9558924611896944,0.0504889277907792]
2006-08-01T00:00:00.000Z,0,244.0,1.27157,-75.34153,[0.28614881247906554,0.9569956135191983,0.04773104672887316]
2006-08-01T00:00:00.000Z,1,1357.0,1.77157,-75.34153,[0.23329535392119283,0.971663123548061,0.038000686514998425]
2006-08-01T00:00:00.000Z,0,2437.0,2.27157,-75.34153,[0.29703896197592533,0.9542880678864569,0.033198472220838715]
2006-08-01T00:00:00.000Z,4,485.0,2.77157,-75.34153,[0.37596026147267997,0.9260032899307642,0.03423140123914673]
2006-08-01T00:00:00.000Z,4,694.0,3.27157,-75.34153,[0.3892623549142313,0.9204737640641032,0.03468239778747098]
2006-08-01T00:00:00.000Z,0,442.0,3.77157,-75.34153,[0.28485664212444,0.9580380340508071,0.031934601135026906]
2006-08-01T00:00:00.000Z,11,2270.0,4.27157,-75.34153,[0.13474281108957747,0.9904778569567186,0.028248712149481596]
2006-08-01T00:00:00.000Z,11,4229.0,4.77157,-75.34153,[0.17226092785910296,0.9846656908591305,0.027561748457456476]
2006-08-01T00:00:00.000Z,1,3209.0,5.27157,-75.34153,[0.19684965275042499,0.9796968266943116,0.03800449943274101]
2006-08-01T00:00:00.000Z,6,1992.0,5.77157,-75.34153,[0.22318678417570798,0.9726245120920327,0.06472416741095531]
2006-08-01T00:00:00.000Z,6,2185.0,6.27157,-75.34153,[0.22522999366386018,0.970309013107438,0.08815820459065234]
2006-08-01T00:00:00.000Z,6,2092.0,6.77157,-75.34153,[0.24635083486730408,0.9639815277416247,0.10025407888512897]
2006-08-01T00:00:00.000Z,7,869.0,7.27157,-75.34153,[0.3007610192515822,0.9466758281239838,0.11553218488593987]
2006-08-01T00:00:00.000Z,7,83.0,7.77157,-75.34153,[0.3144457205411561,0.9410991137904351,0.1243235571249909]
2006-08-01T00:00:00.000Z,7,30.0,8.27157,-75.34153,[0.3159392660596119,0.9399753341277107,0.12895251604064303]
2006-08-01T00:00:00.000Z,7,74.0,8.77157,-75.34153,[0.31515212706495904,0.9398286646401457,0.1319136760429043]
2006-08-01T00:00:00.000Z,7,180.0,9.27157,-75.34153,[0.306211121426967,0.9430414971482679,0.13002878054797293]
2006-08-01T00:00:00.000Z,7,136.0,9.77157,-75.34153,[0.31523792788029886,0.9401442089433649,0.1294369159706386]
2006-08-01T00:00:00.000Z,7,79.0,10.27157,-75.34153,[0.31333521092979155,0.9411128243474304,0.1269948717090003]
2006-08-01T00:00:00.000Z,0,205.0,0.27157,-74.84153,[0.2909542855265883,0.9549870500751729,0.05783889627605162]
2006-08-01T00:00:00.000Z,0,239.0,0.77157,-74.84153,[0.2872667517102588,0.9560051413191608,0.05943048992872156]
2006-08-01T00:00:00.000Z,0,226.0,1.27157,-74.84153,[0.2873338898982476,0.9562285728597553,0.055372846798204804]
2006-08-01T00:00:00.000Z,0,258.0,1.77157,-74.84153,[0.29446289245544954,0.9545907702141828,0.04525556748803016]
2006-08-01T00:00:00.000Z,1,576.0,2.27157,-74.84153,[0.22706476637845965,0.9731347130505414,0.03808440790580514]
2006-08-01T00:00:00.000Z,8,1998.0,2.77157,-74.84153,[0.25940518766919857,0.965139889416283,0.03484167716733354]
2006-08-01T00:00:00.000Z,0,2106.0,3.27157,-74.84153,[0.27591416357243254,0.960542298418048,0.035069463781169]
2006-08-01T00:00:00.000Z,4,361.0,3.77157,-74.84153,[0.36400908924902003,0.9305495514636603,0.039685201459479624]
2006-08-01T00:00:00.000Z,4,289.0,4.27157,-74.84153,[0.3336149919870544,0.9419717420810948,0.03728638145737667]
2006-08-01T00:00:00.000Z,4,277.0,4.77157,-74.84153,[0.3373380810636595,0.9407277053058278,0.035134079386252834]
2006-08-01T00:00:00.000Z,4,325.0,5.27157,-74.84153,[0.3378223505601883,0.9404578257353226,0.0376183130294129]
2006-08-01T00:00:00.000Z,0,379.0,5.77157,-74.84153,[0.30280039845628554,0.9516583951483261,0.05155790568309727]
2006-08-01T00:00:00.000Z,9,978.0,6.27157,-74.84153,[0.26861990569190985,0.9606201565690111,0.07107925899584282]
2006-08-01T00:00:00.000Z,9,1143.0,6.77157,-74.84153,[0.2809610007854136,0.9552674026704061,0.09233149751301042]
2006-08-01T00:00:00.000Z,7,322.0,7.27157,-74.84153,[0.3053884941860535,0.9453570297965335,0.11418385977471193]
2006-08-01T00:00:00.000Z,7,55.0,7.77157,-74.84153,[0.325987262281954,0.9366394578242058,0.12821400421441642]
2006-08-01T00:00:00.000Z,10,27.0,8.27157,-74.84153,[0.33206284970430094,0.9337098247782958,0.13386645195396385]
2006-08-01T00:00:00.000Z,10,14.0,8.77157,-74.84153,[0.3337444543307047,0.9328621032507545,0.13558368457184877]
2006-08-01T00:00:00.000Z,10,48.0,9.27157,-74.84153,[0.3309233081565741,0.9339647373060106,0.13490601761086818]
2006-08-01T00:00:00.000Z,7,15.0,9.77157,-74.84153,[0.31755514619739716,0.9391524536476215,0.13096334575445848]
2006-08-01T00:00:00.000Z,10,5.0,10.27157,-74.84153,[0.3275035248592018,0.9357243567405766,0.13100140994368073]
2006-08-01T00:00:00.000Z,0,171.0,-0.72843,-74.34153,[0.3068724464048754,0.9507028731758884,0.04464693239851324]
2006-08-01T00:00:00.000Z,0,219.0,-0.22843,-74.34153,[0.2941601455823489,0.9542555122691397,0.053537146495987495]
2006-08-01T00:00:00.000Z,0,201.0,0.27157,-74.34153,[0.28937035990257953,0.9552708266663471,0.061011822871025814]
2006-08-01T00:00:00.000Z,9,242.0,0.77157,-74.34153,[0.28472142069273393,0.9563425138590619,0.06589923204743116]
2006-08-01T00:00:00.000Z,0,251.0,1.27157,-74.34153,[0.2869230970710009,0.9560277594405748,0.060712927340223787]
2006-08-01T00:00:00.000Z,0,298.0,1.77157,-74.34153,[0.2971796942814999,0.9537941176149325,0.04428329831783615]
2006-08-01T00:00:00.000Z,0,313.0,2.27157,-74.34153,[0.30784043713145354,0.9502900450579652,0.046723607849200856]
2006-08-01T00:00:00.000Z,0,364.0,2.77157,-74.34153,[0.2778645397497549,0.9597853752928215,0.040041614898436294]
2006-08-01T00:00:00.000Z,11,899.0,3.27157,-74.34153,[0.14819604292186772,0.9879736194791181,0.0441141709162769]
2006-08-01T00:00:00.000Z,11,3444.0,3.77157,-74.34153,[0.14357149905634642,0.9887908080170955,0.04098734731124728]
2006-08-01T00:00:00.000Z,11,2263.0,4.27157,-74.34153,[0.16803213840536083,0.9849778639419506,0.03979708541179599]
2006-08-01T00:00:00.000Z,1,2655.0,4.77157,-74.34153,[0.21006073967537547,0.9769491543632544,0.03801099098887747]
2006-08-01T00:00:00.000Z,0,1104.0,5.27157,-74.34153,[0.29165863159404315,0.9557969613684305,0.03724796981803443]
2006-08-01T00:00:00.000Z,4,744.0,5.77157,-74.34153,[0.3173328464386242,0.9473489738002883,0.04277600274337498]
2006-08-01T00:00:00.000Z,5,119.0,6.27157,-74.34153,[0.3247281465688153,0.944138419027481,0.05616294634606558]
2006-08-01T00:00:00.000Z,9,97.0,6.77157,-74.34153,[0.28065779369007476,0.9568883832110423,0.07480524658589788]
2006-08-01T00:00:00.000Z,9,575.0,7.27157,-74.34153,[0.2718525555764116,0.9563969425097854,0.10677582303362672]
2006-08-01T00:00:00.000Z,7,1234.0,7.77157,-74.34153,[0.30540606336358966,0.9435679868098964,0.12808821463458014]
2006-08-01T00:00:00.000Z,10,715.0,8.27157,-74.34153,[0.3345893853282254,0.9324046856873974,0.1366434972249536]
2006-08-01T00:00:00.000Z,10,14.0,8.77157,-74.34153,[0.34386354763519766,0.9287860771177502,0.13825441605951244]
2006-08-01T00:00:00.000Z,10,37.0,9.27157,-74.34153,[0.3303686711811116,0.9341057850649034,0.1352882973886031]
2006-08-01T00:00:00.000Z,7,95.0,9.77157,-74.34153,[0.3240875192002797,0.936635915419248,0.1329678225938736]
2006-08-01T00:00:00.000Z,7,119.0,10.27157,-74.34153,[0.3151999641709165,0.9399308284089561,0.13106876207970486]
2006-08-01T00:00:00.000Z,7,5.0,10.77157,-74.34153,[0.30226076942923824,0.9439836337559288,0.132413467838424]
2006-08-01T00:00:00.000Z,2,156.0,-1.22843,-73.84153,[0.3060737565828508,0.9515678268859837,0.028940047801413522]
2006-08-01T00:00:00.000Z,0,195.0,-0.72843,-73.84153,[0.29722423362414013,0.9539370660189794,0.040765537180860324]
2006-08-01T00:00:00.000Z,0,174.0,-0.22843,-73.84153,[0.28686255837077945,0.9565940958573976,0.05135765157928471]
2006-08-01T00:00:00.000Z,0,241.0,0.27157,-73.84153,[0.2809812659717073,0.9578389714501115,0.05995025391380151]
2006-08-01T00:00:00.000Z,9,232.0,0.77157,-73.84153,[0.2785375843092752,0.9580345137734345,0.06772506586229556]
2006-08-01T00:00:00.000Z,9,267.0,1.27157,-73.84153,[0.28090091729661876,0.9573103261468767,0.06820274271961903]
2006-08-01T00:00:00.000Z,0,265.0,1.77157,-73.84153,[0.2696371603394079,0.9610718702553999,0.060304742499145574]
2006-08-01T00:00:00.000Z,6,554.0,2.27157,-73.84153,[0.25263360124943535,0.9662127205680159,0.05108074130525864]
2006-08-01T00:00:00.000Z,0,995.0,2.77157,-73.84153,[0.2795753920877956,0.9580571363008604,0.06296128748643852]
2006-08-01T00:00:00.000Z,9,363.0,3.27157,-73.84153,[0.26604672684600994,0.9611645578394147,0.07336096978562318]
2006-08-01T00:00:00.000Z,6,545.0,3.77157,-73.84153,[0.19850560830725358,0.9771740165843256,0.07567340869171546]
2006-08-01T00:00:00.000Z,11,1499.0,4.27157,-73.84153,[0.14133624463376254,0.9871624528296128,0.07439326364831378]
2006-08-01T00:00:00.000Z,11,3610.0,4.77157,-73.84153,[0.13780511949473304,0.9879738002485297,0.07012502451707786]
2006-08-01T00:00:00.000Z,11,2585.0,5.27157,-73.84153,[0.15989577915828057,0.985501436250056,0.05674732554440937]
2006-08-01T00:00:00.000Z,8,2622.0,5.77157,-73.84153,[0.25584697012907526,0.96554421770451,0.04760978400662792]
2006-08-01T00:00:00.000Z,5,616.0,6.27157,-73.84153,[0.3173070550534902,0.9472719775406392,0.04463220115038104]
2006-08-01T00:00:00.000Z,5,101.0,6.77157,-73.84153,[0.34931117837958636,0.9343167504755026,0.07095005595460803]
2006-08-01T00:00:00.000Z,10,89.0,7.27157,-73.84153,[0.3538305135266054,0.9289570870595413,0.10882416137673945]
2006-08-01T00:00:00.000Z,10,59.0,7.77157,-73.84153,[0.3360294838410731,0.9328930425517905,0.12959458764919707]
2006-08-01T00:00:00.000Z,10,38.0,8.27157,-73.84153,[0.342209263289642,0.9291932079600697,0.13961662651573936]
2006-08-01T00:00:00.000Z,10,29.0,8.77157,-73.84153,[0.34961141306043875,0.9262900325415747,0.1405654134985269]
2006-08-01T00:00:00.000Z,10,52.0,9.27157,-73.84153,[0.34800439756403595,0.9272089485270163,0.13847925854624268]
2006-08-01T00:00:00.000Z,7,46.0,9.77157,-73.84153,[0.28837188085401944,0.9488000315157737,0.12891919379356162]
2006-08-01T00:00:00.000Z,6,931.0,10.27157,-73.84153,[0.15244936338108694,0.9806494509691196,0.12282445163185444]
2006-08-01T00:00:00.000Z,7,2665.0,10.77157,-73.84153,[0.2976684603881539,0.9458731386079178,0.12929614592149544]
2006-08-01T00:00:00.000Z,2,139.0,-1.72843,-73.34153,[0.301053808398712,0.9535322958620684,0.011948439088197909]
2006-08-01T00:00:00.000Z,2,199.0,-1.22843,-73.34153,[0.299254112781675,0.953872484491589,0.023963708250095066]
2006-08-01T00:00:00.000Z,0,223.0,-0.72843,-73.34153,[0.2947058240357545,0.9548932802418346,0.03643213730205785]
2006-08-01T00:00:00.000Z,0,171.0,-0.22843,-73.34153,[0.2835754439453645,0.9577789090684802,0.047376459711354076]
2006-08-01T00:00:00.000Z,0,209.0,0.27157,-73.34153,[0.2778268144565945,0.9589506176405035,0.05679765924576347]
2006-08-01T00:00:00.000Z,9,237.0,0.77157,-73.34153,[0.2694684990233816,0.9608098120915656,0.06504792865769335]
2006-08-01T00:00:00.000Z,9,249.0,1.27157,-73.34153,[0.2705787183460742,0.9602244760817998,0.06896457577357257]
2006-08-01T00:00:00.000Z,9,294.0,1.77157,-73.34153,[0.27592304736012885,0.958585248199332,0.07057473960366642]
2006-08-01T00:00:00.000Z,9,229.0,2.27157,-73.34153,[0.2824230601874421,0.9569157803998039,0.06744927202123617]
2006-08-01T00:00:00.000Z,9,267.0,2.77157,-73.34153,[0.2815024988532033,0.9571084961008912,0.06855413795601539]
2006-08-01T00:00:00.000Z,9,234.0,3.27157,-73.34153,[0.28717850941637096,0.9542818951034274,0.08291301711554369]
2006-08-01T00:00:00.000Z,9,256.0,3.77157,-73.34153,[0.2885236084306609,0.9534803622356995,0.08734601427100085]
2006-08-01T00:00:00.000Z,6,300.0,4.27157,-73.34153,[0.22598501601001061,0.9705346822845384,0.08362537307423581]
2006-08-01T00:00:00.000Z,11,1229.0,4.77157,-73.34153,[0.15545351102043833,0.9848866738476093,0.0763704497093697]
2006-08-01T00:00:00.000Z,11,2684.0,5.27157,-73.34153,[0.15692269091276131,0.984544586689695,0.07776391127454617]
2006-08-01T00:00:00.000Z,6,3515.0,5.77157,-73.34153,[0.21253675192350358,0.9752337418989929,0.06121501240296744]
2006-08-01T00:00:00.000Z,6,1301.0,6.27157,-73.34153,[0.22942578429472457,0.972275289753857,0.045216926419251534]
2006-08-01T00:00:00.000Z,0,1945.0,6.77157,-73.34153,[0.30818145061251534,0.9498248614581039,0.053450220340608125]
2006-08-01T00:00:00.000Z,6,351.0,7.27157,-73.34153,[0.2529662914738924,0.9637901240770016,0.08436025195305821]
2006-08-01T00:00:00.000Z,9,325.0,7.77157,-73.34153,[0.25921060963069165,0.9570853278671689,0.12960530481534582]
2006-08-01T00:00:00.000Z,7,1339.0,8.27157,-73.34153,[0.276190253007207,0.9515798633021417,0.13496187573419402]
2006-08-01T00:00:00.000Z,7,1230.0,8.77157,-73.34153,[0.28514731157637874,0.9489517818452767,0.13483889065636048]
2006-08-01T00:00:00.000Z,7,809.0,9.27157,-73.34153,[0.30115716453180524,0.9443261476985677,0.13248580687736394]
2006-08-01T00:00:00.000Z,7,74.0,9.77157,-73.34153,[0.28938308371311633,0.948533441059659,0.12861470387249613]
2006-08-01T00:00:00.000Z,6,99.0,10.27157,-73.34153,[0.24277010451853323,0.9622923599920139,0.12270326097158443]
2006-08-01T00:00:00.000Z,7,1426.0,10.77157,-73.34153,[0.32526094946433703,0.9361754265025198,0.13334498703132044]
2006-08-01T00:00:00.000Z,2,146.0,-2.22843,-72.84153,[0.29343491575824965,0.9559559364936727,0.006648134810147843]
2006-08-01T00:00:00.000Z,2,165.0,-1.72843,-72.84153,[0.2951292697266706,0.9554379471307002,0.006086323461289316]
2006-08-01T00:00:00.000Z,2,168.0,-1.22843,-72.84153,[0.2933882934575164,0.9558040497795651,0.019024397153885826]
2006-08-01T00:00:00.000Z,0,178.0,-0.72843,-72.84153,[0.28824775453380586,0.9570281178197507,0.03178700534187029]
2006-08-01T00:00:00.000Z,0,191.0,-0.22843,-72.84153,[0.2836639394442754,0.9579286209011048,0.04367524146999162]
2006-08-01T00:00:00.000Z,0,247.0,0.27157,-72.84153,[0.27198374055192037,0.9607880916244667,0.0539544981257468]
2006-08-01T00:00:00.000Z,9,264.0,0.77157,-72.84153,[0.26582197428737714,0.9619705053104672,0.06286036031303958]
2006-08-01T00:00:00.000Z,9,246.0,1.27157,-72.84153,[0.2644898048824489,0.9618792495929058,0.0695230344262437]
2006-08-01T00:00:00.000Z,9,259.0,1.77157,-72.84153,[0.2673982841174325,0.9606930288251303,0.07461274701986423]
2006-08-01T00:00:00.000Z,9,271.0,2.27157,-72.84153,[0.2776182500813754,0.957566073522869,0.0774294650617586]
2006-08-01T00:00:00.000Z,9,193.0,2.77157,-72.84153,[0.2759311727992857,0.9576434820681092,0.08234651862755155]
2006-08-01T00:00:00.000Z,9,182.0,3.27157,-72.84153,[0.28249570681396613,0.9552092187600646,0.0881562478073155]
2006-08-01T00:00:00.000Z,9,203.0,3.77157,-72.84153,[0.2826069743786412,0.9549024720215805,0.09107451322749179]
2006-08-01T00:00:00.000Z,9,165.0,4.27157,-72.84153,[0.2845940029200472,0.9542269509672172,0.09196292486514468]
2006-08-01T00:00:00.000Z,6,293.0,4.77157,-72.84153,[0.20578884091097657,0.9748450762741623,0.0856039147500815]
2006-08-01T00:00:00.000Z,6,1653.0,5.27157,-72.84153,[0.17212960731923987,0.9806538895863738,0.09321666762570105]
2006-08-01T00:00:00.000Z,11,2686.0,5.77157,-72.84153,[0.1580305248065108,0.9843733453596397,0.07768828853083432]
2006-08-01T00:00:00.000Z,11,2685.0,6.27157,-72.84153,[0.171225183336864,0.9839740535758452,0.049769453289915146]
2006-08-01T00:00:00.000Z,11,1547.0,6.77157,-72.84153,[0.15014841603239856,0.9870412267047841,0.05661333719254372]
2006-08-01T00:00:00.000Z,6,3795.0,7.27157,-72.84153,[0.2254386400566642,0.9706710356843934,0.08351742364793519]
2006-08-01T00:00:00.000Z,7,1328.0,7.77157,-72.84153,[0.3054626017261899,0.9434094968697326,0.1291166920373395]
2006-08-01T00:00:00.000Z,10,973.0,8.27157,-72.84153,[0.34448936207207015,0.9286758676837973,0.13743439235113006]
2006-08-01T00:00:00.000Z,10,83.0,8.77157,-72.84153,[0.35006666684893667,0.9262180560378116,0.13990511581358545]
2006-08-01T00:00:00.000Z,10,223.0,10.77157,-72.84153,[0.3422534892321403,0.9298499814980729,0.13506132317010267]
2006-08-01T00:00:00.000Z,10,51.0,11.27157,-72.84153,[0.3607599975339566,0.922903144376252,0.13454371140906807]
2006-08-01T00:00:00.000Z,2,149.0,-2.22843,-72.34153,[0.2886678742356867,0.9573399422894453,0.01308026305130455]
2006-08-01T00:00:00.000Z,2,147.0,-1.72843,-72.34153,[0.2912968742623128,0.9566325364879067,5.667254363080016E-4]
2006-08-01T00:00:00.000Z,2,145.0,-1.22843,-72.34153,[0.2912704271280819,0.9565456828642067,0.013486840789199121]
2006-08-01T00:00:00.000Z,2,205.0,-0.72843,-72.34153,[0.28786723701294475,0.9572996744587339,0.026641830562766648]
2006-08-01T00:00:00.000Z,0,176.0,-0.22843,-72.34153,[0.2797873026038241,0.9592707517845399,0.03897037429124693]
2006-08-01T00:00:00.000Z,0,150.0,0.27157,-72.34153,[0.276253402610355,0.9597329365586835,0.050958296975535604]
2006-08-01T00:00:00.000Z,0,218.0,0.77157,-72.34153,[0.2743503663199456,0.9596797674458653,0.061209643481740836]
2006-08-01T00:00:00.000Z,9,234.0,1.27157,-72.34153,[0.2682130882394247,0.9608276092753689,0.06980003260206716]
2006-08-01T00:00:00.000Z,9,237.0,1.77157,-72.34153,[0.27105588155028,0.9594517712017847,0.07733697572803624]
2006-08-01T00:00:00.000Z,9,203.0,2.27157,-72.34153,[0.2749221028281654,0.9579317020418889,0.08236923940203238]
2006-08-01T00:00:00.000Z,9,188.0,2.77157,-72.34153,[0.2741292152830865,0.9578397286950198,0.08600132244175263]
2006-08-01T00:00:00.000Z,9,220.0,3.27157,-72.34153,[0.2797769752496393,0.9558139465726977,0.09024712547935834]
2006-08-01T00:00:00.000Z,9,180.0,3.77157,-72.34153,[0.2858808442189634,0.9536720054254224,0.09371151997756755]
2006-08-01T00:00:00.000Z,7,190.0,4.27157,-72.34153,[0.29610415067517715,0.9502353732693898,0.09682493139948758]
2006-08-01T00:00:00.000Z,7,177.0,4.77157,-72.34153,[0.29822084990613434,0.9495077634942436,0.0974645153141504]
2006-08-01T00:00:00.000Z,6,257.0,5.27157,-72.34153,[0.23314296922365252,0.9680984245858334,0.09181392168950506]
2006-08-01T00:00:00.000Z,11,1342.0,5.77157,-72.34153,[0.17086163248090627,0.9815943449909782,0.08531614400388876]
2006-08-01T00:00:00.000Z,11,3317.0,6.27157,-72.34153,[0.16947080248506827,0.9840994185684655,0.05317876905565935]
2006-08-01T00:00:00.000Z,6,3467.0,6.77157,-72.34153,[0.22539935274133055,0.9728972062202328,0.05163485172492725]
2006-08-01T00:00:00.000Z,6,2203.0,7.27157,-72.34153,[0.24470269027299765,0.9672681813621323,0.06717781402777578]
2006-08-01T00:00:00.000Z,3,97.0,11.27157,-72.34153,[0.39142739634913726,0.9094163175178289,0.14052243528934028]
2006-08-01T00:00:00.000Z,10,19.0,11.77157,-72.34153,[0.36488671589864596,0.9215568933958976,0.132629471819815]
2006-08-01T00:00:00.000Z,8,109.0,-2.22843,-71.84153,[0.28372926044587893,0.9586945714284579,0.02006054536746253]
2006-08-01T00:00:00.000Z,2,140.0,-1.72843,-71.84153,[0.2872360433972001,0.9578260279821031,0.008047079815018836]
2006-08-01T00:00:00.000Z,2,153.0,-1.22843,-71.84153,[0.2888807650948885,0.9573374192098051,0.007278003771770448]
2006-08-01T00:00:00.000Z,2,136.0,-0.72843,-71.84153,[0.2878995097979286,0.9574332535140416,0.020867135012485525]
2006-08-01T00:00:00.000Z,0,192.0,-0.22843,-71.84153,[0.27572667984322896,0.9606317525738097,0.0340798176286231]
2006-08-01T00:00:00.000Z,0,216.0,0.27157,-71.84153,[0.27543375468897435,0.9601774316846715,0.04685665866621196]
2006-08-01T00:00:00.000Z,0,215.0,0.77157,-71.84153,[0.27081864430274594,0.9608645499861427,0.05828017225395093]
2006-08-01T00:00:00.000Z,9,232.0,1.27157,-71.84153,[0.2602467174962297,0.9631261717176042,0.06826143409737173]
2006-08-01T00:00:00.000Z,9,233.0,1.77157,-71.84153,[0.27359759010047996,0.9586687212182171,0.0780938003239559]
2006-08-01T00:00:00.000Z,9,159.0,2.27157,-71.84153,[0.273344279975865,0.9583128874447975,0.08318241618089069]
2006-08-01T00:00:00.000Z,9,186.0,2.77157,-71.84153,[0.27720140450832703,0.9567223571941093,0.08855344478651227]
2006-08-01T00:00:00.000Z,9,222.0,3.27157,-71.84153,[0.2812774847030539,0.9550351806196713,0.09375916156768463]
2006-08-01T00:00:00.000Z,9,206.0,3.77157,-71.84153,[0.2848852934469629,0.9536507699556636,0.09690499750068508]
2006-08-01T00:00:00.000Z,9,189.0,4.27157,-71.84153,[0.29249654856820084,0.9511719823668211,0.0985780352617257]
2006-08-01T00:00:00.000Z,7,149.0,4.77157,-71.84153,[0.3003754814001425,0.9487331242713934,0.0983871388133297]
2006-08-01T00:00:00.000Z,7,172.0,5.27157,-71.84153,[0.31085232087478243,0.9454117578484924,0.09781330547826798]
2006-08-01T00:00:00.000Z,9,213.0,5.77157,-71.84153,[0.3036807455310986,0.9487080654963777,0.08792616934563202]
2006-08-01T00:00:00.000Z,0,412.0,6.27157,-71.84153,[0.29946592574284264,0.9518738353968926,0.06524079096540501]
2006-08-01T00:00:00.000Z,5,325.0,6.77157,-71.84153,[0.3447576113350646,0.9373883957832961,0.04944881067689066]
2006-08-01T00:00:00.000Z,10,174.0,11.77157,-71.84153,[0.3876118177317753,0.9114115714233634,0.1381521850361564]
2006-08-01T00:00:00.000Z,8,107.0,-2.22843,-71.34153,[0.28011906698399164,0.9596266474412526,0.025495211955964863]
2006-08-01T00:00:00.000Z,8,121.0,-1.72843,-71.34153,[0.2826763987921341,0.9591199211935445,0.013528870448028207]
2006-08-01T00:00:00.000Z,2,140.0,-1.22843,-71.34153,[0.28521718411656455,0.9584623977870599,9.949436655228995E-4]
2006-08-01T00:00:00.000Z,2,186.0,-0.72843,-71.34153,[0.28895443260058884,0.9572312863756959,0.014615069757018201]
2006-08-01T00:00:00.000Z,8,201.0,-0.22843,-71.34153,[0.2788354949522575,0.9599435419107363,0.027552914520974064]
2006-08-01T00:00:00.000Z,0,185.0,0.27157,-71.34153,[0.2785541132035364,0.9595860198940723,0.04002844540129559]
2006-08-01T00:00:00.000Z,0,228.0,0.77157,-71.34153,[0.26778830827193006,0.9620942849608455,0.0516140368362833]
2006-08-01T00:00:00.000Z,9,342.0,1.27157,-71.34153,[0.26748440199417717,0.9614399188144119,0.06391695549660056]
2006-08-01T00:00:00.000Z,9,222.0,1.77157,-71.34153,[0.273634014737225,0.9587963508509065,0.07638051828688683]
2006-08-01T00:00:00.000Z,9,164.0,2.27157,-71.34153,[0.2748852751406136,0.9578033805680756,0.08396886139060931]
2006-08-01T00:00:00.000Z,9,189.0,2.77157,-71.34153,[0.28057944211314756,0.9554867488177459,0.0912154016445059]
2006-08-01T00:00:00.000Z,9,209.0,3.27157,-71.34153,[0.28468332202755053,0.9536891287922943,0.09712081024555282]
2006-08-01T00:00:00.000Z,9,171.0,3.77157,-71.34153,[0.2864215715754296,0.9529025362028715,0.09969673933683222]
2006-08-01T00:00:00.000Z,7,165.0,4.27157,-71.34153,[0.2931341206221518,0.9507353798125302,0.10086934568937161]
2006-08-01T00:00:00.000Z,7,131.0,4.77157,-71.34153,[0.29650703448325344,0.9499414048161593,0.09846271333783511]
2006-08-01T00:00:00.000Z,7,146.0,5.27157,-71.34153,[0.303857342341328,0.9479893864057162,0.09479893864057162]
2006-08-01T00:00:00.000Z,7,151.0,5.77157,-71.34153,[0.3112579698276769,0.9465019305540509,0.08516203189337182]
2006-08-01T00:00:00.000Z,5,157.0,6.27157,-71.34153,[0.3184349431181622,0.9459045358307031,0.062159440926017634]
2006-08-01T00:00:00.000Z,4,154.0,6.77157,-71.34153,[0.3270283523467105,0.9440854989279125,0.04189304805609321]
2006-08-01T00:00:00.000Z,8,97.0,-2.22843,-70.84153,[0.2790594597762032,0.9598776748722322,0.027580195635469113]
2006-08-01T00:00:00.000Z,8,137.0,-1.72843,-70.84153,[0.2800101864869056,0.9598792774123106,0.015035566433927226]
2006-08-01T00:00:00.000Z,8,114.0,-1.22843,-70.84153,[0.27861334432210483,0.9603965868985497,0.0036055844559331218]
2006-08-01T00:00:00.000Z,8,155.0,-0.72843,-70.84153,[0.2794880212224064,0.960123555258149,0.007014601316954514]
2006-08-01T00:00:00.000Z,8,183.0,-0.22843,-70.84153,[0.2787361632214885,0.9602131607039466,0.017228967569202242]
2006-08-01T00:00:00.000Z,8,193.0,0.27157,-70.84153,[0.2777784006913555,0.9601946291614573,0.029418263695265602]
2006-08-01T00:00:00.000Z,0,250.0,0.77157,-70.84153,[0.2776562851425649,0.9597725132093385,0.04175775626947236]
2006-08-01T00:00:00.000Z,0,316.0,1.27157,-70.84153,[0.2757148086358597,0.9595743733625983,0.0565541005115287]
2006-08-01T00:00:00.000Z,9,186.0,1.77157,-70.84153,[0.2792829475225263,0.9573862909235239,0.07356986594270438]
2006-08-01T00:00:00.000Z,9,191.0,2.27157,-70.84153,[0.2788657581986289,0.9565744031232037,0.08484868999454406]
2006-08-01T00:00:00.000Z,9,160.0,2.77157,-70.84153,[0.28210126143832265,0.9548042694835536,0.09363591870048942]
2006-08-01T00:00:00.000Z,9,240.0,3.27157,-70.84153,[0.2894382774205813,0.9519547907559043,0.10003779246209445]
2006-08-01T00:00:00.000Z,9,186.0,3.77157,-70.84153,[0.28868069814278513,0.9519852030357495,0.10191971213056346]
2006-08-01T00:00:00.000Z,7,176.0,4.27157,-70.84153,[0.29029222930047854,0.9514520975551806,0.1023197325329063]
2006-08-01T00:00:00.000Z,9,146.0,4.77157,-70.84153,[0.2895774257016175,0.9520954754128939,0.09828082326842776]
2006-08-01T00:00:00.000Z,9,123.0,5.27157,-70.84153,[0.29811302876801776,0.9499571886861462,0.09332717579715184]
2006-08-01T00:00:00.000Z,9,120.0,5.77157,-70.84153,[0.3000641728907284,0.9503891275200766,0.0819877944515559]
2006-08-01T00:00:00.000Z,0,126.0,6.27157,-70.84153,[0.30316993455291746,0.9510553132085967,0.05984799078396482]
2006-08-01T00:00:00.000Z,0,122.0,6.77157,-70.84153,[0.31494846464200177,0.9482811953584634,0.03962624318768458]
2006-08-01T00:00:00.000Z,0,97.0,-3.72843,-70.34153,[0.2746277765433887,0.9601244531497378,0.05235091990358347]
2006-08-01T00:00:00.000Z,8,132.0,-2.22843,-70.34153,[0.27735215895246684,0.9604802391739123,0.023526369903361002]
2006-08-01T00:00:00.000Z,8,129.0,-1.72843,-70.34153,[0.280737067725309,0.9597290454795447,0.010337217610040446]
2006-08-01T00:00:00.000Z,8,144.0,-1.22843,-70.34153,[0.27686888415491345,0.9608978920670527,0.004343041320077074]
2006-08-01T00:00:00.000Z,8,134.0,-0.72843,-70.34153,[0.2786139430083551,0.9603986506052713,0.0029500299847943488]
2006-08-01T00:00:00.000Z,8,170.0,-0.22843,-70.34153,[0.2794812998548975,0.9601004653838832,0.009864045877231676]
2006-08-01T00:00:00.000Z,8,177.0,0.27157,-70.34153,[0.280174377175686,0.959816128058893,0.015978694948300842]
2006-08-01T00:00:00.000Z,8,190.0,0.77157,-70.34153,[0.28012139628572486,0.9596346271194558,0.025167156697545587]
2006-08-01T00:00:00.000Z,0,195.0,1.27157,-70.34153,[0.2806374827146472,0.9587537347216353,0.0450985526697079]
2006-08-01T00:00:00.000Z,9,216.0,1.77157,-70.34153,[0.2777227169260328,0.9585215949937397,0.06408154518954765]
2006-08-01T00:00:00.000Z,9,168.0,2.27157,-70.34153,[0.2781093521957165,0.9572135843015357,0.0799833873369076]
2006-08-01T00:00:00.000Z,9,193.0,2.77157,-70.34153,[0.28527720166014864,0.9538275902835504,0.09396726146286576]
2006-08-01T00:00:00.000Z,9,177.0,3.27157,-70.34153,[0.28766756279752825,0.9523539768372716,0.10133743689458383]
2006-08-01T00:00:00.000Z,9,174.0,3.77157,-70.34153,[0.2841302658172738,0.9532461971503194,0.10291588635900491]
2006-08-01T00:00:00.000Z,9,118.0,4.27157,-70.34153,[0.2842202900877746,0.9531646230320046,0.10342160365551342]
2006-08-01T00:00:00.000Z,9,116.0,4.77157,-70.34153,[0.2817116379963794,0.9543918990675817,0.09886686002686622]
2006-08-01T00:00:00.000Z,9,124.0,5.27157,-70.34153,[0.2884885993630551,0.952984811379081,0.09270532518857727]
2006-08-01T00:00:00.000Z,9,105.0,5.77157,-70.34153,[0.2906739881976738,0.9533672971110273,0.0812368720746484]
2006-08-01T00:00:00.000Z,0,104.0,6.27157,-70.34153,[0.2936008477336803,0.9539298918930729,0.06177623785028366]
2006-08-01T00:00:00.000Z,0,109.0,6.77157,-70.34153,[0.2983096464188426,0.9534860179980043,0.043310141257846775]
2006-08-01T00:00:00.000Z,0,140.0,-3.72843,-69.84153,[0.2760923337158903,0.9599024160587348,0.04858368973140085]
2006-08-01T00:00:00.000Z,0,128.0,-3.22843,-69.84153,[0.2789091516173257,0.9594905563360511,0.03984416451676082]
2006-08-01T00:00:00.000Z,8,61.0,-2.72843,-69.84153,[0.2771532309272182,0.9603681722826864,0.029648950285237296]
2006-08-01T00:00:00.000Z,8,111.0,-2.22843,-69.84153,[0.2749499977431508,0.9612509686723436,0.0199768357735258]
2006-08-01T00:00:00.000Z,8,145.0,-1.72843,-69.84153,[0.27828373525915706,0.9604578722757677,0.008879091942120963]
2006-08-01T00:00:00.000Z,8,68.0,-1.22843,-69.84153,[0.27916261082679883,0.9602324823770046,0.004670814111109864]
2006-08-01T00:00:00.000Z,8,122.0,-0.72843,-69.84153,[0.27845389343500004,0.960448390246504,0.0015227947297226565]
2006-08-01T00:00:00.000Z,2,188.0,0.77157,-69.84153,[0.28596422255184195,0.9579801455486704,0.022327206606932274]
2006-08-01T00:00:00.000Z,0,195.0,1.77157,-69.84153,[0.28145618948507095,0.9584724290572686,0.04596755527111391]
2006-08-01T00:00:00.000Z,0,182.0,2.27157,-69.84153,[0.28418443470612503,0.9566819519496271,0.06323646008918737]
2006-08-01T00:00:00.000Z,9,180.0,2.77157,-69.84153,[0.28473713425618963,0.9548979179237995,0.08423022450620363]
2006-08-01T00:00:00.000Z,9,198.0,3.27157,-69.84153,[0.2825811506928628,0.9541143034800844,0.09906457069917093]
2006-08-01T00:00:00.000Z,9,149.0,3.77157,-69.84153,[0.28157108932894787,0.9539157436961693,0.10374235192385949]
2006-08-01T00:00:00.000Z,9,188.0,4.27157,-69.84153,[0.27830270749293307,0.9549394428860567,0.10314195762428932]
2006-08-01T00:00:00.000Z,9,143.0,4.77157,-69.84153,[0.2749948142885348,0.9561842588429587,0.10044657911226251]
2006-08-01T00:00:00.000Z,9,100.0,5.27157,-69.84153,[0.2742845719759248,0.9568553388778448,0.09589491142364395]
2006-08-01T00:00:00.000Z,9,112.0,5.77157,-69.84153,[0.27722863792815633,0.957123966687323,0.08401187240636525]
2006-08-01T00:00:00.000Z,0,98.0,6.27157,-69.84153,[0.28415691913667696,0.9567680535725566,0.062046248635461675]
2006-08-01T00:00:00.000Z,8,169.0,0.77157,-69.34153,[0.284886307032045,0.9583531707821283,0.01997478704477557]
2006-08-01T00:00:00.000Z,0,182.0,1.77157,-69.34153,[0.28122070334873256,0.9589518236795861,0.03641861982064046]
2006-08-01T00:00:00.000Z,0,167.0,2.27157,-69.34153,[0.2854206841130941,0.9571902790408707,0.04818508887688737]
2006-08-01T00:00:00.000Z,9,128.0,2.77157,-69.34153,[0.28567984998617346,0.9555125285522392,0.07336777965554]
2006-08-01T00:00:00.000Z,9,182.0,3.27157,-69.34153,[0.2833386247969685,0.9541213539564584,0.09680736347229757]
2006-08-01T00:00:00.000Z,9,123.0,3.77157,-69.34153,[0.27896873366205605,0.9546458566382146,0.1040563983735654]
2006-08-01T00:00:00.000Z,9,172.0,4.27157,-69.34153,[0.2767231260990941,0.9553787015132221,0.10332399613281765]
2006-08-01T00:00:00.000Z,9,142.0,4.77157,-69.34153,[0.275882047866197,0.9556218464110474,0.10332464530349963]
2006-08-01T00:00:00.000Z,9,117.0,5.27157,-69.34153,[0.2791415352527229,0.9547909330803362,0.10224616082931176]
2006-08-01T00:00:00.000Z,9,83.0,5.77157,-69.34153,[0.28371997575823915,0.9546217229459549,0.09055573662358835]
2006-08-01T00:00:00.000Z,0,139.0,1.77157,-68.84153,[0.28559685998386175,0.9577811045846618,0.03301195643919923]
2006-08-01T00:00:00.000Z,0,178.0,2.27157,-68.84153,[0.28637989897043237,0.957140422794715,0.0432292090841299]
2006-08-01T00:00:00.000Z,9,155.0,2.77157,-68.84153,[0.2873960705763842,0.9554563704822433,0.06713138403274786]
2006-08-01T00:00:00.000Z,9,154.0,3.27157,-68.84153,[0.28850013185712364,0.9530229074830826,0.0922768212007429]
2006-08-01T00:00:00.000Z,9,118.0,3.77157,-68.84153,[0.2857693332323087,0.9525644441076956,0.10467505913902542]
2006-08-01T00:00:00.000Z,7,168.0,4.27157,-68.84153,[0.2864147627614091,0.9522222150015502,0.1060162106937753]
2006-08-01T00:00:00.000Z,7,130.0,4.77157,-68.84153,[0.2863854288687175,0.952124690753833,0.10696709488715903]
2006-08-01T00:00:00.000Z,9,118.0,5.27157,-68.84153,[0.2847442211684628,0.9527156272177891,0.10608327939020551]
2006-08-01T00:00:00.000Z,7,76.0,5.77157,-68.84153,[0.29689683285258006,0.9498507530744904,0.0981622000870523]
2006-08-01T00:00:00.000Z,0,140.0,1.77157,-68.34153,[0.28314488392286086,0.9585859238151817,0.030692040852707055]
2006-08-01T00:00:00.000Z,0,115.0,2.27157,-68.34153,[0.282058899295815,0.958567983430605,0.0398772926590635]
2006-08-01T00:00:00.000Z,0,126.0,2.77157,-68.34153,[0.2875779932478931,0.9560611775524296,0.05697299866231845]
2006-08-01T00:00:00.000Z,9,132.0,3.27157,-68.34153,[0.2872387819378875,0.9545830196732802,0.07915264178965094]
2006-08-01T00:00:00.000Z,7,110.0,3.77157,-68.34153,[0.29175398850946044,0.9511830777799138,0.10064970309917445]
2006-08-01T00:00:00.000Z,7,121.0,4.27157,-68.34153,[0.29666586267887934,0.948894487244945,0.107650443552961]
2006-08-01T00:00:00.000Z,7,109.0,4.77157,-68.34153,[0.300084610711971,0.9475199063506191,0.11025086613337248]
2006-08-01T00:00:00.000Z,7,89.0,5.27157,-68.34153,[0.30520315716637,0.9457943991309486,0.1110134560682071]
2006-08-01T00:00:00.000Z,7,65.0,5.77157,-68.34153,[0.3116338262845485,0.9439671901637414,0.10867521432977528]
2006-08-01T00:00:00.000Z,0,136.0,2.27157,-67.84153,[0.2855691064628273,0.9576880300388353,0.03583186506948023]
2006-08-01T00:00:00.000Z,0,120.0,2.77157,-67.84153,[0.29051485284993533,0.9556409633221556,0.04849195288171853]
2006-08-01T00:00:00.000Z,9,103.0,3.27157,-67.84153,[0.29772929501900486,0.9516310429681525,0.07586583517521309]
2006-08-01T00:00:00.000Z,7,95.0,3.77157,-67.84153,[0.3022457311378041,0.9478515024284813,0.10111897622625064]
2006-08-01T00:00:00.000Z,7,110.0,4.27157,-67.84153,[0.30455620588494736,0.9461396837234578,0.10984177866659316]
2006-08-01T00:00:00.000Z,7,101.0,4.77157,-67.84153,[0.3114529324726371,0.9434523136944848,0.11355528450370968]
2006-08-01T00:00:00.000Z,7,80.0,5.77157,-67.84153,[0.32607454623874277,0.9383440179532165,0.11482984919702487]
2006-08-01T00:00:00.000Z,7,54.0,6.27157,-67.84153,[0.320219153856349,0.9421610483499078,0.09895581072239523]
2006-08-01T00:00:00.000Z,0,114.0,2.27157,-67.34153,[0.29674016603722136,0.9544403847913613,0.031445599684541366]
