2006-06-01T00:00:00.000Z,0,10.0,1.77157,-78.84153,[0.2854113905030354,0.9584047860082472,7.773851103195517E-4]
2006-06-01T00:00:00.000Z,0,235.0,1.27157,-78.34153,[0.2944090774489401,0.9556794662502703,2.3000709175698445E-4]
2006-06-01T00:00:00.000Z,0,57.0,1.77157,-78.34153,[0.28888840906638213,0.9573627509758013,2.2394450315223421E-4]
2006-06-01T00:00:00.000Z,0,1772.0,1.27157,-77.84153,[0.26967220326314706,0.9629496700211947,0.0021990437175964783]
2006-06-01T00:00:00.000Z,0,528.0,1.77157,-77.84153,[0.2939255035214279,0.9558275095134805,0.0012531707514479482]
2006-06-01T00:00:00.000Z,0,116.0,2.27157,-77.84153,[0.2860353169443358,0.9582183117635249,0.0012101494178414207]
2006-06-01T00:00:00.000Z,0,167.0,7.27157,-77.84153,[0.2525496020603284,0.9613513658675051,0.10964602064759113]
2006-06-01T00:00:00.000Z,0,2201.0,0.77157,-77.34153,[0.18684061766503035,0.9823821155217948,0.003995333962648448]
2006-06-01T00:00:00.000Z,0,2447.0,1.27157,-77.34153,[0.2380715548372068,0.9712371888881073,0.004500855265579033]
2006-06-01T00:00:00.000Z,0,1706.0,1.77157,-77.34153,[0.2145364758015444,0.9767055345701889,0.004516557385295672]
2006-06-01T00:00:00.000Z,0,2096.0,2.27157,-77.34153,[0.27396776673431,0.961729172851561,0.0043198237078438916]
2006-06-01T00:00:00.000Z,0,57.0,2.77157,-77.34153,[0.28540471146068486,0.9583823579399651,0.006885249848467884]
2006-06-01T00:00:00.000Z,0,74.0,3.27157,-77.34153,[0.27655034306434906,0.9609317367955785,0.011406356562187159]
2006-06-01T00:00:00.000Z,0,28.0,4.27157,-77.34153,[0.26639317631751974,0.9629543221750034,0.04187659269738443]
2006-06-01T00:00:00.000Z,0,14.0,5.27157,-77.34153,[0.256225256125356,0.9634069630313387,0.07871239868170937]
2006-06-01T00:00:00.000Z,0,499.0,6.27157,-77.34153,[0.267606426521974,0.9581359506453421,0.10179538577502538]
2006-06-01T00:00:00.000Z,0,695.0,6.77157,-77.34153,[0.2788623224193702,0.9541151491206803,0.10908752152880344]
2006-06-01T00:00:00.000Z,0,345.0,7.27157,-77.34153,[0.2763361041522609,0.9544223904951166,0.11276638711751877]
2006-06-01T00:00:00.000Z,0,279.0,0.27157,-76.84153,[0.2620544209978068,0.9650438895006189,0.004215658076921239]
2006-06-01T00:00:00.000Z,0,485.0,0.77157,-76.84153,[0.19589344774947173,0.9806128144651917,0.004925975586682622]
2006-06-01T00:00:00.000Z,0,3335.0,1.27157,-76.84153,[0.16121986911889521,0.9868959131063801,0.006679108863497088]
2006-06-01T00:00:00.000Z,0,2008.0,1.77157,-76.84153,[0.16402907284420895,0.9864214106658593,0.008201453642210447]
2006-06-01T00:00:00.000Z,0,1013.0,2.27157,-76.84153,[0.20252568678818977,0.9792450789758627,0.007900727341737072]
2006-06-01T00:00:00.000Z,0,2856.0,2.77157,-76.84153,[0.24172728401979177,0.9702978363224353,0.009488360681150705]
2006-06-01T00:00:00.000Z,0,1911.0,3.27157,-76.84153,[0.24616860312385885,0.9691502663524895,0.012197543398029044]
2006-06-01T00:00:00.000Z,0,794.0,3.77157,-76.84153,[0.26473931600040523,0.9641740521002412,0.01677771796874996]
2006-06-01T00:00:00.000Z,0,70.0,4.27157,-76.84153,[0.27576883009382136,0.9608820173581587,0.02563788342278495]
2006-06-01T00:00:00.000Z,0,24.0,4.77157,-76.84153,[0.27609370251742893,0.9593989662767801,0.057670537861748666]
2006-06-01T00:00:00.000Z,0,133.0,5.27157,-76.84153,[0.2764904630383606,0.9581457969137035,0.07422705507722144]
2006-06-01T00:00:00.000Z,0,76.0,5.77157,-76.84153,[0.26951724415055867,0.9586358448806145,0.09153016997426816]
2006-06-01T00:00:00.000Z,0,38.0,6.27157,-76.84153,[0.26223488907012416,0.9597796939966543,0.10027862158041548]
2006-06-01T00:00:00.000Z,0,20.0,6.77157,-76.84153,[0.27969836099791257,0.9539522046202569,0.1083698212383547]
2006-06-01T00:00:00.000Z,0,15.0,7.27157,-76.84153,[0.28053301091923327,0.9531746621005768,0.11295704189664584]
2006-06-01T00:00:00.000Z,0,8.0,7.77157,-76.84153,[0.29813505403891927,0.9470172304765672,0.11947323856706692]
2006-06-01T00:00:00.000Z,0,294.0,0.77157,-76.34153,[0.24676595361822118,0.9690352516514623,0.008788924375443496]
2006-06-01T00:00:00.000Z,0,1412.0,1.27157,-76.34153,[0.18556241808380433,0.9825865391305061,0.009501690082604437]
2006-06-01T00:00:00.000Z,0,2388.0,1.77157,-76.34153,[0.13274466148003716,0.991085142067057,0.011362043058884537]
2006-06-01T00:00:00.000Z,0,3852.0,2.27157,-76.34153,[0.14094650862007455,0.9899550054260354,0.01109815028504524]
2006-06-01T00:00:00.000Z,0,2450.0,2.77157,-76.34153,[0.201419658133618,0.9794307552101755,0.012063045459650751]
2006-06-01T00:00:00.000Z,0,990.0,3.27157,-76.34153,[0.20815421824381855,0.9779944222249253,0.01409721689693586]
2006-06-01T00:00:00.000Z,0,962.0,3.77157,-76.34153,[0.2289440284286952,0.9732886232717478,0.01714315188717283]
2006-06-01T00:00:00.000Z,0,1899.0,4.27157,-76.34153,[0.19707416550437967,0.9801294933329521,0.022537737012468948]
2006-06-01T00:00:00.000Z,0,1358.0,4.77157,-76.34153,[0.23020784627754806,0.9722266252093658,0.0421869262480716]
2006-06-01T00:00:00.000Z,0,407.0,5.27157,-76.34153,[0.2132314309234217,0.9747722556499276,0.06596519143837873]
2006-06-01T00:00:00.000Z,0,480.0,5.77157,-76.34153,[0.2056768975773483,0.9748665196395743,0.08562874919546745]
2006-06-01T00:00:00.000Z,0,1095.0,6.27157,-76.34153,[0.2057476232825581,0.973941010714421,0.09542967652753827]
2006-06-01T00:00:00.000Z,0,1485.0,6.77157,-76.34153,[0.22694062997937167,0.9685501886619612,0.10202197070947647]
2006-06-01T00:00:00.000Z,0,827.0,7.27157,-76.34153,[0.257714841296019,0.9600134526365647,0.10934912588854989]
2006-06-01T00:00:00.000Z,0,201.0,7.77157,-76.34153,[0.2826975379029198,0.9519625424079384,0.11768355839216246]
2006-06-01T00:00:00.000Z,0,165.0,8.27157,-76.34153,[0.29796920955425227,0.9466844628273474,0.12248623595698782]
2006-06-01T00:00:00.000Z,0,99.0,8.77157,-76.34153,[0.31002415859674065,0.942383904470959,0.12568849462243312]
2006-06-01T00:00:00.000Z,0,267.0,0.27157,-75.84153,[0.27335108946699854,0.9617908703468466,0.015411151957604443]
2006-06-01T00:00:00.000Z,0,241.0,0.77157,-75.84153,[0.2660106654747367,0.9638712815946526,0.013801390175258306]
2006-06-01T00:00:00.000Z,0,250.0,1.27157,-75.84153,[0.2184388224708858,0.975767328803957,0.01275150486505171]
2006-06-01T00:00:00.000Z,0,1712.0,1.77157,-75.84153,[0.22907886406724387,0.9733002483255039,0.014474137182358194]
2006-06-01T00:00:00.000Z,0,1262.0,2.27157,-75.84153,[0.20420684888519938,0.9788238901871568,0.014260254810418952]
2006-06-01T00:00:00.000Z,0,2705.0,2.77157,-75.84153,[0.17018802328917562,0.9852990822004905,0.014891452037802868]
2006-06-01T00:00:00.000Z,0,1867.0,3.27157,-75.84153,[0.14660926629383075,0.9890654979822613,0.015973845432014397]
2006-06-01T00:00:00.000Z,0,3782.0,3.77157,-75.84153,[0.1671533556200664,0.9857761998106479,0.017465382670558218]
2006-06-01T00:00:00.000Z,0,2035.0,4.27157,-75.84153,[0.21283945285097292,0.976878514367286,0.02019246091150256]
2006-06-01T00:00:00.000Z,0,1185.0,4.77157,-75.84153,[0.21823464298588421,0.9755088541469025,0.02749756501622141]
2006-06-01T00:00:00.000Z,0,1530.0,5.27157,-75.84153,[0.23427813990361876,0.9707410007489659,0.05268455777736882]
2006-06-01T00:00:00.000Z,0,1704.0,5.77157,-75.84153,[0.22213717575198394,0.9715696676829196,0.08189905974694357]
2006-06-01T00:00:00.000Z,0,488.0,6.27157,-75.84153,[0.182794870170516,0.9790369317607297,0.08984832601601633]
2006-06-01T00:00:00.000Z,0,896.0,6.77157,-75.84153,[0.1885238360103165,0.97716543272363,0.09801265400955197]
2006-06-01T00:00:00.000Z,0,2421.0,7.27157,-75.84153,[0.23259590994086343,0.966849947677911,0.10535806259609448]
2006-06-01T00:00:00.000Z,0,131.0,7.77157,-75.84153,[0.2885527861804866,0.9500867663498244,0.1186272565408667]
2006-06-01T00:00:00.000Z,0,43.0,8.27157,-75.84153,[0.29706393411464505,0.9468912899904312,0.12308494623059006]
2006-06-01T00:00:00.000Z,0,10.0,8.77157,-75.84153,[0.30733761320450087,0.9431701390732327,0.12638702571996682]
2006-06-01T00:00:00.000Z,0,155.0,9.27157,-75.84153,[0.31595856439062137,0.9399484173627805,0.12910134889079153]
2006-06-01T00:00:00.000Z,0,228.0,0.27157,-75.34153,[0.2712551161612356,0.96223008284356,0.02310691730262377]
2006-06-01T00:00:00.000Z,0,189.0,0.77157,-75.34153,[0.2662972955946324,0.9635321234793337,0.026298239150009336]
2006-06-01T00:00:00.000Z,0,244.0,1.27157,-75.34153,[0.26425226079535663,0.9640728667152628,0.02709705386121877]
2006-06-01T00:00:00.000Z,0,1357.0,1.77157,-75.34153,[0.21016066567542518,0.9774138895698348,0.022239223880997375]
2006-06-01T00:00:00.000Z,0,2437.0,2.27157,-75.34153,[0.2559783633560353,0.9664977457554979,0.018899337107595133]
2006-06-01T00:00:00.000Z,0,485.0,2.77157,-75.34153,[0.3070583854183111,0.951501910370322,0.018954221322117968]
2006-06-01T00:00:00.000Z,0,694.0,3.27157,-75.34153,[0.31353463470503107,0.9493828738868342,0.019188319643947904]
2006-06-01T00:00:00.000Z,0,442.0,3.77157,-75.34153,[0.24169669407462252,0.9701750477107512,0.018522550387027145]
2006-06-01T00:00:00.000Z,0,2270.0,4.27157,-75.34153,[0.1232004376025715,0.9922035242635671,0.01881006681253547]
2006-06-01T00:00:00.000Z,0,4229.0,4.77157,-75.34153,[0.16092370522515204,0.9867164030910638,0.022232880327159164]
2006-06-01T00:00:00.000Z,0,3209.0,5.27157,-75.34153,[0.18293907324555167,0.9824904345481686,0.03529648001443585]
2006-06-01T00:00:00.000Z,0,1992.0,5.77157,-75.34153,[0.19865008500752565,0.9782174456316532,0.06023929604822805]
2006-06-01T00:00:00.000Z,0,2185.0,6.27157,-75.34153,[0.2004211918157278,0.9762784859065092,0.08192474490199596]
2006-06-01T00:00:00.000Z,0,2092.0,6.77157,-75.34153,[0.22343279217438483,0.9701687028624604,0.09407696512605676]
2006-06-01T00:00:00.000Z,0,869.0,7.27157,-75.34153,[0.27838328114371363,0.9541612833252937,0.1099044775370349]
2006-06-01T00:00:00.000Z,0,83.0,7.77157,-75.34153,[0.29567625277765697,0.9478718861608643,0.1188042127586759]
2006-06-01T00:00:00.000Z,0,30.0,8.27157,-75.34153,[0.3013647288975727,0.9454366404765008,0.12380976948932772]
2006-06-01T00:00:00.000Z,0,74.0,8.77157,-75.34153,[0.30889319256868336,0.9423480729812731,0.12870549690361807]
2006-06-01T00:00:00.000Z,0,180.0,9.27157,-75.34153,[0.3038137573930223,0.9439527074720472,0.12903676559386298]
2006-06-01T00:00:00.000Z,0,136.0,9.77157,-75.34153,[0.3125789947298804,0.9410980486491022,0.1289528397613234]
2006-06-01T00:00:00.000Z,0,79.0,10.27157,-75.34153,[0.31165253227789713,0.9416120993022586,0.12743372227306185]
2006-06-01T00:00:00.000Z,0,205.0,0.27157,-74.84153,[0.2675977866621448,0.9631308767881326,0.02775497704636295]
2006-06-01T00:00:00.000Z,0,239.0,0.77157,-74.84153,[0.2667112406736065,0.9632463816063311,0.03196126437824211]
2006-06-01T00:00:00.000Z,0,226.0,1.27157,-74.84153,[0.26671681946343045,0.9632665297976787,0.03130065154033647]
2006-06-01T00:00:00.000Z,0,258.0,1.77157,-74.84153,[0.2683655690560267,0.9629588066128016,0.026272763693300092]
2006-06-01T00:00:00.000Z,0,576.0,2.27157,-74.84153,[0.20483563806917482,0.9785354666456777,0.022598714417414394]
2006-06-01T00:00:00.000Z,0,1998.0,2.77157,-74.84153,[0.22464423148463009,0.9742224324588549,0.02063059268736399]
2006-06-01T00:00:00.000Z,0,2106.0,3.27157,-74.84153,[0.23100995115382464,0.9727330786330166,0.020609711328429457]
2006-06-01T00:00:00.000Z,0,361.0,3.77157,-74.84153,[0.3010462621826981,0.9533131635785439,0.023773097688236874]
2006-06-01T00:00:00.000Z,0,289.0,4.27157,-74.84153,[0.2817070215697913,0.9592007676591243,0.02398001919147811]
2006-06-01T00:00:00.000Z,0,277.0,4.77157,-74.84153,[0.29636901631164536,0.9547065149960117,0.02647407023179124]
2006-06-01T00:00:00.000Z,0,325.0,5.27157,-74.84153,[0.3035998609361156,0.9521995638450897,0.03380998451334014]
2006-06-01T00:00:00.000Z,0,379.0,5.77157,-74.84153,[0.2732229665309532,0.9606172553429544,0.050632986257918705]
2006-06-01T00:00:00.000Z,0,978.0,6.27157,-74.84153,[0.2458064886197828,0.9667702899690203,0.07024511787753626]
2006-06-01T00:00:00.000Z,0,1143.0,6.77157,-74.84153,[0.25343242930841836,0.9632451695626738,0.08905474209164344]
2006-06-01T00:00:00.000Z,0,322.0,7.27157,-74.84153,[0.27681094522070787,0.9549463091628881,0.10701984499239264]
2006-06-01T00:00:00.000Z,0,55.0,7.77157,-74.84153,[0.3001054642609648,0.9464040176515426,0.11939910256668386]
2006-06-01T00:00:00.000Z,0,27.0,8.27157,-74.84153,[0.3100805284452736,0.9423369250978706,0.12590149115951713]
2006-06-01T00:00:00.000Z,0,14.0,8.77157,-74.84153,[0.3219856368587855,0.9376131045148438,0.1311751344526813]
2006-06-01T00:00:00.000Z,0,48.0,9.27157,-74.84153,[0.32131403164063443,0.9377356313483763,0.13194384703540946]
2006-06-01T00:00:00.000Z,0,15.0,9.77157,-74.84153,[0.3168954394079864,0.9393280587469706,0.13130147955399007]
2006-06-01T00:00:00.000Z,0,5.0,10.27157,-74.84153,[0.3257827663324577,0.936196791671168,0.13191344292900214]
2006-06-01T00:00:00.000Z,0,171.0,-0.72843,-74.34153,[0.28079302641562964,0.9596580942959873,0.014547108597436235]
2006-06-01T00:00:00.000Z,0,219.0,-0.22843,-74.34153,[0.2699702542958512,0.9625988575302892,0.022792570649567766]
2006-06-01T00:00:00.000Z,0,201.0,0.27157,-74.34153,[0.26746446063203755,0.96309219363388,0.030268611799921942]
2006-06-01T00:00:00.000Z,0,242.0,0.77157,-74.34153,[0.2654421623845055,0.9634567375437607,0.03593846560679108]
2006-06-01T00:00:00.000Z,0,251.0,1.27157,-74.34153,[0.26535765660428934,0.9635528022598374,0.033930979041204214]
2006-06-01T00:00:00.000Z,0,298.0,1.77157,-74.34153,[0.27390015893451786,0.9614228250859392,0.025393982346560564]
2006-06-01T00:00:00.000Z,0,313.0,2.27157,-74.34153,[0.27461495623414245,0.9611523468194987,0.02779913696304639]
2006-06-01T00:00:00.000Z,0,364.0,2.77157,-74.34153,[0.24614531868853473,0.9689174817466866,0.024726416104620987]
2006-06-01T00:00:00.000Z,0,899.0,3.27157,-74.34153,[0.13876073011746995,0.9898993817828958,0.029063271032477963]
2006-06-01T00:00:00.000Z,0,3444.0,3.77157,-74.34153,[0.13311385672946327,0.990716245166825,0.02760475881356902]
2006-06-01T00:00:00.000Z,0,2263.0,4.27157,-74.34153,[0.15784604469372018,0.9870639328180635,0.028096595955482192]
2006-06-01T00:00:00.000Z,0,2655.0,4.77157,-74.34153,[0.1948105947412408,0.9804054930999402,0.02922158921118612]
2006-06-01T00:00:00.000Z,0,1104.0,5.27157,-74.34153,[0.2651237853217197,0.9636864561901513,0.03190286213414884]
2006-06-01T00:00:00.000Z,0,744.0,5.77157,-74.34153,[0.2931064183351742,0.9550658574966351,0.044020851592660996]
2006-06-01T00:00:00.000Z,0,119.0,6.27157,-74.34153,[0.2996682172090031,0.9522066177257091,0.059173615354676336]
2006-06-01T00:00:00.000Z,0,97.0,6.77157,-74.34153,[0.25554438453498485,0.9639134184659629,0.07461896028421558]
2006-06-01T00:00:00.000Z,0,575.0,7.27157,-74.34153,[0.24461855912660257,0.9644960331277472,0.09954477691805011]
2006-06-01T00:00:00.000Z,0,1234.0,7.77157,-74.34153,[0.28035380226325946,0.9525657599626657,0.11840700360739935]
2006-06-01T00:00:00.000Z,0,715.0,8.27157,-74.34153,[0.31524785782725795,0.9401540724564679,0.12934105372558066]
2006-06-01T00:00:00.000Z,0,14.0,8.77157,-74.34153,[0.33201120784309535,0.9335646157818048,0.13500246674316804]
2006-06-01T00:00:00.000Z,0,37.0,9.27157,-74.34153,[0.32581915250790283,0.9357155020422689,0.13519755580932907]
2006-06-01T00:00:00.000Z,0,95.0,9.77157,-74.34153,[0.3223409414867404,0.9370911656078811,0.13400173424663067]
2006-06-01T00:00:00.000Z,0,119.0,10.27157,-74.34153,[0.3107726613846899,0.9413258873826114,0.13162798592706612]
2006-06-01T00:00:00.000Z,0,5.0,10.77157,-74.34153,[0.2963818720999906,0.9456542222645616,0.13377547534474285]
2006-06-01T00:00:00.000Z,0,156.0,-1.22843,-73.84153,[0.2839327919641947,0.9588365315933717,0.00383083925665977]
2006-06-01T00:00:00.000Z,0,195.0,-0.72843,-73.84153,[0.2755775669169539,0.9611878846095367,0.013223278412547383]
2006-06-01T00:00:00.000Z,0,174.0,-0.22843,-73.84153,[0.2639738353375002,0.9642680596626041,0.02247050003286159]
2006-06-01T00:00:00.000Z,0,241.0,0.27157,-73.84153,[0.2646490079771816,0.9638451525094887,0.031039081182508955]
2006-06-01T00:00:00.000Z,0,232.0,0.77157,-73.84153,[0.2599425540995464,0.9648896452583986,0.037654230058864334]
2006-06-01T00:00:00.000Z,0,267.0,1.27157,-73.84153,[0.2632775138432837,0.9639180812956141,0.03933043676189462]
2006-06-01T00:00:00.000Z,0,265.0,1.77157,-73.84153,[0.2496243263021845,0.9676926011118726,0.03547852127018282]
2006-06-01T00:00:00.000Z,0,554.0,2.27157,-73.84153,[0.23374046522290282,0.9718128351384654,0.030744241371661093]
2006-06-01T00:00:00.000Z,0,995.0,2.77157,-73.84153,[0.25988459949191134,0.9648215756137207,0.03974068667230477]
2006-06-01T00:00:00.000Z,0,363.0,3.27157,-73.84153,[0.2465563276173081,0.9679220023055023,0.048342266855970026]
2006-06-01T00:00:00.000Z,0,545.0,3.77157,-73.84153,[0.1870934548195715,0.9809193563421602,0.05285125842360777]
2006-06-01T00:00:00.000Z,0,1499.0,4.27157,-73.84153,[0.13567286744291362,0.9892368130089608,0.054803292124578504]
2006-06-01T00:00:00.000Z,0,3610.0,4.77157,-73.84153,[0.13011930902708163,0.989991076181046,0.05465010979137429]
2006-06-01T00:00:00.000Z,0,2585.0,5.27157,-73.84153,[0.153171778682045,0.9869943089909258,0.04879180499739314]
2006-06-01T00:00:00.000Z,0,2622.0,5.77157,-73.84153,[0.23339678268169345,0.9712655351058812,0.04657469430195228]
2006-06-01T00:00:00.000Z,0,616.0,6.27157,-73.84153,[0.2928587682153931,0.9550692664934833,0.0455679501290369]
2006-06-01T00:00:00.000Z,0,101.0,6.77157,-73.84153,[0.316126290248012,0.9461447626857461,0.0698158768215574]
2006-06-01T00:00:00.000Z,0,89.0,7.27157,-73.84153,[0.31959086599897313,0.9420108392906794,0.10235847316610468]
2006-06-01T00:00:00.000Z,0,59.0,7.77157,-73.84153,[0.3050957860291945,0.9447073088832559,0.1201859471393577]
2006-06-01T00:00:00.000Z,0,38.0,8.27157,-73.84153,[0.32295234184139965,0.9370166537933567,0.13304726758959068]
2006-06-01T00:00:00.000Z,0,29.0,8.77157,-73.84153,[0.33740584499486465,0.9310990565711945,0.13860679137593915]
2006-06-01T00:00:00.000Z,0,52.0,9.27157,-73.84153,[0.3387869597056246,0.9304712273605183,0.1394513929210828]
2006-06-01T00:00:00.000Z,0,46.0,9.77157,-73.84153,[0.2859006735362428,0.9492354378278417,0.1311978980140624]
2006-06-01T00:00:00.000Z,0,931.0,10.27157,-73.84153,[0.1544665755736691,0.9797594222101298,0.1273245915800101]
2006-06-01T00:00:00.000Z,0,2665.0,10.77157,-73.84153,[0.29261596759270136,0.9473014981989399,0.13036781435550315]
2006-06-01T00:00:00.000Z,0,139.0,-1.72843,-73.34153,[0.2799953265367624,0.9599839766974713,0.005777681341234781]
2006-06-01T00:00:00.000Z,0,199.0,-1.22843,-73.34153,[0.2750109599414169,0.9614383159551935,0.0023100920635079018]
2006-06-01T00:00:00.000Z,0,223.0,-0.72843,-73.34153,[0.2733964158862187,0.9618283546840466,0.011858157797474548]
2006-06-01T00:00:00.000Z,0,171.0,-0.22843,-73.34153,[0.26589986189272763,0.9637513361662944,0.021923172286665706]
2006-06-01T00:00:00.000Z,0,209.0,0.27157,-73.34153,[0.26180863193431836,0.96461459061046,0.031223898316756826]
2006-06-01T00:00:00.000Z,0,237.0,0.77157,-73.34153,[0.253524030377953,0.9665603658159458,0.03855677961998035]
2006-06-01T00:00:00.000Z,0,249.0,1.27157,-73.34153,[0.2534374867204942,0.9664275945897685,0.042274634714372886]
2006-06-01T00:00:00.000Z,0,294.0,1.77157,-73.34153,[0.25937689439309475,0.9647555218279743,0.04438929778028166]
2006-06-01T00:00:00.000Z,0,229.0,2.27157,-73.34153,[0.2683815695291256,0.9623243528932791,0.043625370664495323]
2006-06-01T00:00:00.000Z,0,267.0,2.77157,-73.34153,[0.26681530270342957,0.9626696121539738,0.04557205370174576]
2006-06-01T00:00:00.000Z,0,234.0,3.27157,-73.34153,[0.26902392694191546,0.9614122010633392,0.057556115046935696]
2006-06-01T00:00:00.000Z,0,256.0,3.77157,-73.34153,[0.2707403720103901,0.9605868398928641,0.06302835860401881]
2006-06-01T00:00:00.000Z,0,300.0,4.27157,-73.34153,[0.21493084151840436,0.9746368853012792,0.06235122432167573]
2006-06-01T00:00:00.000Z,0,1229.0,4.77157,-73.34153,[0.15431819519598375,0.9861566857387181,0.06067030413869499]
2006-06-01T00:00:00.000Z,0,2684.0,5.27157,-73.34153,[0.13192291409524973,0.989421855714373,0.06033851316815521]
2006-06-01T00:00:00.000Z,0,3515.0,5.77157,-73.34153,[0.19907055014107455,0.9785002173600967,0.05392810670488369]
2006-06-01T00:00:00.000Z,0,1301.0,6.27157,-73.34153,[0.20827830176822967,0.9771464605345301,0.04248462871889261]
2006-06-01T00:00:00.000Z,0,1945.0,6.77157,-73.34153,[0.2714676930308987,0.9610832035529395,0.05122858078163732]
2006-06-01T00:00:00.000Z,0,351.0,7.27157,-73.34153,[0.22281296856527982,0.9717121129096926,0.0782940014541886]
2006-06-01T00:00:00.000Z,0,325.0,7.77157,-73.34153,[0.2338675737946271,0.9647037419028367,0.1210481238437005]
2006-06-01T00:00:00.000Z,0,1339.0,8.27157,-73.34153,[0.25811945388723284,0.9574687434791372,0.12894941948469027]
2006-06-01T00:00:00.000Z,0,1230.0,8.77157,-73.34153,[0.27612354898890357,0.9517209209002782,0.13410098588190603]
2006-06-01T00:00:00.000Z,0,809.0,9.27157,-73.34153,[0.29392756194055725,0.9463314837380292,0.13439981851870186]
2006-06-01T00:00:00.000Z,0,74.0,9.77157,-73.34153,[0.28403348467493894,0.9498079727529957,0.1311098565259518]
2006-06-01T00:00:00.000Z,0,99.0,10.27157,-73.34153,[0.23937890662642106,0.9629560562017393,0.12415060566397565]
2006-06-01T00:00:00.000Z,0,1426.0,10.77157,-73.34153,[0.3130778235022852,0.9404060466248416,0.13273561655602503]
2006-06-01T00:00:00.000Z,0,146.0,-2.22843,-72.84153,[0.2773054333222677,0.9606652511521417,0.014965690052312863]
2006-06-01T00:00:00.000Z,0,165.0,-1.72843,-72.84153,[0.2789337857987276,0.9602819266035244,0.007386784050796342]
2006-06-01T00:00:00.000Z,0,168.0,-1.22843,-72.84153,[0.2755874793273209,0.961275374320298,0.0010936011084417498]
2006-06-01T00:00:00.000Z,0,178.0,-0.72843,-72.84153,[0.27054143568559263,0.9626494458531529,0.010647815541039388]
2006-06-01T00:00:00.000Z,0,191.0,-0.22843,-72.84153,[0.26725127126366427,0.9633977278617575,0.021013708829199406]
2006-06-01T00:00:00.000Z,0,247.0,0.27157,-72.84153,[0.2558278913648022,0.9662260029232613,0.030974203375986383]
2006-06-01T00:00:00.000Z,0,264.0,0.77157,-72.84153,[0.2509516191356083,0.9672093654184903,0.039106627315298965]
2006-06-01T00:00:00.000Z,0,246.0,1.27157,-72.84153,[0.2533543155826771,0.9663059226562438,0.045436269819372675]
2006-06-01T00:00:00.000Z,0,259.0,1.77157,-72.84153,[0.253719378102907,0.9660053371213142,0.049600058752084696]
2006-06-01T00:00:00.000Z,0,271.0,2.27157,-72.84153,[0.2654205320190876,0.9626760566089131,0.05297878079587345]
2006-06-01T00:00:00.000Z,0,193.0,2.77157,-72.84153,[0.266424221372474,0.9620874660672674,0.05835959134825622]
2006-06-01T00:00:00.000Z,0,182.0,3.27157,-72.84153,[0.26962373831782405,0.9608020516246271,0.06451710881176505]
2006-06-01T00:00:00.000Z,0,203.0,3.77157,-72.84153,[0.2740611085297189,0.9592138798540162,0.06927655798945673]
2006-06-01T00:00:00.000Z,0,165.0,4.27157,-72.84153,[0.271891797480425,0.9598108031537897,0.06955625501808464]
2006-06-01T00:00:00.000Z,0,293.0,4.77157,-72.84153,[0.20268043954166445,0.9769411662563826,0.06713119320268886]
2006-06-01T00:00:00.000Z,0,1653.0,5.27157,-72.84153,[0.14203002630804729,0.9873927428935447,0.06987877294355926]
2006-06-01T00:00:00.000Z,0,2686.0,5.77157,-72.84153,[0.13600029093055457,0.9887890004541141,0.0616460335119645]
2006-06-01T00:00:00.000Z,0,2685.0,6.27157,-72.84153,[0.15445890649114796,0.987055888741377,0.043163858800266006]
2006-06-01T00:00:00.000Z,0,1547.0,6.77157,-72.84153,[0.12766612057155524,0.9905130044344803,0.05084633422763665]
2006-06-01T00:00:00.000Z,0,3795.0,7.27157,-72.84153,[0.19734483002568182,0.9772767912442007,0.07736337219623803]
2006-06-01T00:00:00.000Z,0,1328.0,7.77157,-72.84153,[0.28338013611440854,0.9508731911026443,0.12464298174407189]
2006-06-01T00:00:00.000Z,0,973.0,8.27157,-72.84153,[0.3275959613702739,0.9351586840534415,0.13475578552819778]
2006-06-01T00:00:00.000Z,0,83.0,8.77157,-72.84153,[0.33329636951137176,0.9325206934201147,0.13899167749835928]
2006-06-01T00:00:00.000Z,0,223.0,10.77157,-72.84153,[0.3327751765231751,0.9332173428584694,0.13552148493190175]
2006-06-01T00:00:00.000Z,0,51.0,11.27157,-72.84153,[0.34830247194371144,0.9275972082667593,0.13508814623650195]
2006-06-01T00:00:00.000Z,0,149.0,-2.22843,-72.34153,[0.2746848926098814,0.9613971241345848,0.016241289285266795]
2006-06-01T00:00:00.000Z,0,147.0,-1.72843,-72.34153,[0.2762960738294907,0.9610298220156196,0.009064258548556412]
2006-06-01T00:00:00.000Z,0,145.0,-1.22843,-72.34153,[0.2778986765723347,0.9606103859468892,1.0940892778438374E-4]
2006-06-01T00:00:00.000Z,0,205.0,-0.72843,-72.34153,[0.2687400019661509,0.9631641670466847,0.009674640070781433]
2006-06-01T00:00:00.000Z,0,176.0,-0.22843,-72.34153,[0.2663207558925319,0.9636747030488806,0.020107751850520484]
2006-06-01T00:00:00.000Z,0,150.0,0.27157,-72.34153,[0.2628129216046163,0.9643538655653258,0.030838129107638442]
2006-06-01T00:00:00.000Z,0,218.0,0.77157,-72.34153,[0.26112549503449206,0.9644796510144948,0.039905872023416326]
2006-06-01T00:00:00.000Z,0,234.0,1.27157,-72.34153,[0.25620364929093314,0.9654503369621747,0.04759555598616115]
2006-06-01T00:00:00.000Z,0,237.0,1.77157,-72.34153,[0.259815022706604,0.9641328553449884,0.05425855895880887]
2006-06-01T00:00:00.000Z,0,203.0,2.27157,-72.34153,[0.2644249081863718,0.9625902784175828,0.05915592807647686]
2006-06-01T00:00:00.000Z,0,188.0,2.77157,-72.34153,[0.2663329622933414,0.9617579193926217,0.06394104848709188]
2006-06-01T00:00:00.000Z,0,220.0,3.27157,-72.34153,[0.27109502229943006,0.9600835572343451,0.06889885349349151]
2006-06-01T00:00:00.000Z,0,180.0,3.77157,-72.34153,[0.2762906245485124,0.9583151190048795,0.07277103457596645]
2006-06-01T00:00:00.000Z,0,190.0,4.27157,-72.34153,[0.2821074363850044,0.9565205264929054,0.07405320205106364]
2006-06-01T00:00:00.000Z,0,177.0,4.77157,-72.34153,[0.28645216297520953,0.9552164647244192,0.07420689891247555]
2006-06-01T00:00:00.000Z,0,257.0,5.27157,-72.34153,[0.22215955653856628,0.9724925685732339,0.07002382100700888]
2006-06-01T00:00:00.000Z,0,1342.0,5.77157,-72.34153,[0.1572521332177551,0.9853000794622977,0.06674968172250165]
2006-06-01T00:00:00.000Z,0,3317.0,6.27157,-72.34153,[0.1554770541611414,0.9868933579732025,0.04322482640508329]
2006-06-01T00:00:00.000Z,0,3467.0,6.77157,-72.34153,[0.20471998697202187,0.9777511877778338,0.04574212208906114]
2006-06-01T00:00:00.000Z,0,2203.0,7.27157,-72.34153,[0.22097613517120385,0.9731449029654938,0.06448678560044266]
2006-06-01T00:00:00.000Z,0,97.0,11.27157,-72.34153,[0.383339668461916,0.9125291097729786,0.14262300796310345]
2006-06-01T00:00:00.000Z,0,19.0,11.77157,-72.34153,[0.35097765890776894,0.9266295977391962,0.134804567954195]
2006-06-01T00:00:00.000Z,0,109.0,-2.22843,-71.84153,[0.2709837275957777,0.9624223658659566,0.017635448938772835]
2006-06-01T00:00:00.000Z,0,140.0,-1.72843,-71.84153,[0.2717257208289414,0.9623171773230493,0.010525344126970853]
2006-06-01T00:00:00.000Z,0,153.0,-1.22843,-71.84153,[0.2732996610810098,0.9619287283717433,6.455897505850625E-4]
2006-06-01T00:00:00.000Z,0,136.0,-0.72843,-71.84153,[0.27160106769845954,0.9623659879079276,0.009195941662231307]
2006-06-01T00:00:00.000Z,0,192.0,-0.22843,-71.84153,[0.25950773144722217,0.9655368631578835,0.019857069329362344]
2006-06-01T00:00:00.000Z,0,216.0,0.27157,-71.84153,[0.26192073716065073,0.9645835982984609,0.03124114816735473]
2006-06-01T00:00:00.000Z,0,215.0,0.77157,-71.84153,[0.25596399716546864,0.9658236654178817,0.04082988456809499]
2006-06-01T00:00:00.000Z,0,232.0,1.27157,-71.84153,[0.24827147337930458,0.9674380140358853,0.04924392860415959]
2006-06-01T00:00:00.000Z,0,233.0,1.77157,-71.84153,[0.26066462071533936,0.9637321435212546,0.05722159602157449]
2006-06-01T00:00:00.000Z,0,159.0,2.27157,-71.84153,[0.2662501200841427,0.9618680227545711,0.06261613496049998]
2006-06-01T00:00:00.000Z,0,186.0,2.77157,-71.84153,[0.2701484161729333,0.9604095267880267,0.0680688922640462]
2006-06-01T00:00:00.000Z,0,222.0,3.27157,-71.84153,[0.2710167555914442,0.959806375533336,0.07294956939042431]
2006-06-01T00:00:00.000Z,0,206.0,3.77157,-71.84153,[0.27707798629179325,0.9577735116700571,0.07679641824780413]
2006-06-01T00:00:00.000Z,0,189.0,4.27157,-71.84153,[0.28294063959266574,0.9560298954986556,0.07714553376393776]
2006-06-01T00:00:00.000Z,0,149.0,4.77157,-71.84153,[0.2902413763085455,0.9539716554637464,0.07548525717171861]
2006-06-01T00:00:00.000Z,0,172.0,5.27157,-71.84153,[0.29546218199048385,0.9525518222473129,0.07312403809108114]
2006-06-01T00:00:00.000Z,0,213.0,5.77157,-71.84153,[0.28350593659334716,0.9566913477871116,0.06607608482354903]
2006-06-01T00:00:00.000Z,0,412.0,6.27157,-71.84153,[0.27349540365211156,0.9605965611879493,0.0495430198418989]
2006-06-01T00:00:00.000Z,0,325.0,6.77157,-71.84153,[0.3103247701196944,0.9497109002531023,0.04180601620103053]
2006-06-01T00:00:00.000Z,0,174.0,11.77157,-71.84153,[0.3823214828357117,0.9128900712607811,0.14304545276166086]
2006-06-01T00:00:00.000Z,0,107.0,-2.22843,-71.34153,[0.2700235515216185,0.9626926619466398,0.01761023162097512]
2006-06-01T00:00:00.000Z,0,121.0,-1.72843,-71.34153,[0.26839561065084777,0.9632538121382204,0.010290266495309184]
2006-06-01T00:00:00.000Z,0,140.0,-1.22843,-71.34153,[0.2714852980976709,0.9624419979619394,0.0010646482278340037]
2006-06-01T00:00:00.000Z,0,186.0,-0.72843,-71.34153,[0.27330054914874036,0.9618898233711526,0.008647400187909363]
2006-06-01T00:00:00.000Z,0,201.0,-0.22843,-71.34153,[0.263425650952451,0.96449471404503,0.018891082538422782]
2006-06-01T00:00:00.000Z,0,185.0,0.27157,-71.34153,[0.2640638785511568,0.964042731218509,0.029864367217095115]
2006-06-01T00:00:00.000Z,0,228.0,0.77157,-71.34153,[0.255976796526514,0.965871960982636,0.03958831428061877]
2006-06-01T00:00:00.000Z,0,342.0,1.27157,-71.34153,[0.2535750881298888,0.9660492223895765,0.04948307387797832]
2006-06-01T00:00:00.000Z,0,222.0,1.77157,-71.34153,[0.2629067188628525,0.9629480218667177,0.060092964311509144]
2006-06-01T00:00:00.000Z,0,164.0,2.27157,-71.34153,[0.2693403150624821,0.9607178167189322,0.06691092078914418]
2006-06-01T00:00:00.000Z,0,189.0,2.77157,-71.34153,[0.27427622165899235,0.9588953843156177,0.0727474822290843]
2006-06-01T00:00:00.000Z,0,209.0,3.27157,-71.34153,[0.2776159173707592,0.9575580274936732,0.07753725817191126]
2006-06-01T00:00:00.000Z,0,171.0,3.77157,-71.34153,[0.2778943056094247,0.9573130606623883,0.07953903944017786]
2006-06-01T00:00:00.000Z,0,165.0,4.27157,-71.34153,[0.28290653250156367,0.9559146508353616,0.0786833793519974]
2006-06-01T00:00:00.000Z,0,131.0,4.77157,-71.34153,[0.2880692154221842,0.9546479813409593,0.07525529116067912]
2006-06-01T00:00:00.000Z,0,146.0,5.27157,-71.34153,[0.29177934133578093,0.9538940005208224,0.07036371039135948]
2006-06-01T00:00:00.000Z,0,151.0,5.77157,-71.34153,[0.2935662213356657,0.953809025642316,0.06377473084188598]
2006-06-01T00:00:00.000Z,0,157.0,6.27157,-71.34153,[0.29619957755832516,0.9539203125167354,0.04797757415963745]
2006-06-01T00:00:00.000Z,0,154.0,6.77157,-71.34153,[0.30332481994713945,0.9521662581047423,0.037060363339406134]
2006-06-01T00:00:00.000Z,0,97.0,-2.22843,-70.84153,[0.2690808095710329,0.9629702988191692,0.016844034929840254]
2006-06-01T00:00:00.000Z,0,137.0,-1.72843,-70.84153,[0.2706431145731486,0.9626404114425325,0.008703033488234582]
2006-06-01T00:00:00.000Z,0,114.0,-1.22843,-70.84153,[0.26418166181987796,0.9644727336281259,6.290039567139951E-4]
2006-06-01T00:00:00.000Z,0,155.0,-0.72843,-70.84153,[0.26595685143359726,0.9639621848403506,0.006622640964552027]
2006-06-01T00:00:00.000Z,0,183.0,-0.22843,-70.84153,[0.264860746844812,0.9641768689489004,0.014551637870129985]
2006-06-01T00:00:00.000Z,0,193.0,0.27157,-70.84153,[0.2632127932988816,0.9644199975812777,0.02476072917198965]
2006-06-01T00:00:00.000Z,0,250.0,0.77157,-70.84153,[0.26234719340467705,0.9643592484835956,0.03442658822543588]
2006-06-01T00:00:00.000Z,0,316.0,1.27157,-70.84153,[0.2663706237989394,0.9627095773520723,0.04729651627296128]
2006-06-01T00:00:00.000Z,0,186.0,1.77157,-70.84153,[0.2693176930788588,0.9610945125559274,0.06136218810933997]
2006-06-01T00:00:00.000Z,0,191.0,2.27157,-70.84153,[0.27347922563791605,0.9593138461830023,0.0701858793922308]
2006-06-01T00:00:00.000Z,0,160.0,2.77157,-70.84153,[0.2766108327492013,0.9579130005711641,0.07674067071991461]
2006-06-01T00:00:00.000Z,0,240.0,3.27157,-70.84153,[0.28071506715196404,0.956389705529366,0.08073278287858811]
2006-06-01T00:00:00.000Z,0,186.0,3.77157,-70.84153,[0.2801627665822736,0.9564931952847935,0.08142230403797326]
2006-06-01T00:00:00.000Z,0,176.0,4.27157,-70.84153,[0.281087570684999,0.9563565393227894,0.07982447808124775]
2006-06-01T00:00:00.000Z,0,146.0,4.77157,-70.84153,[0.2827954372797996,0.956222704265159,0.07526540042777545]
2006-06-01T00:00:00.000Z,0,123.0,5.27157,-70.84153,[0.28625397756843585,0.955647894343855,0.06925144303482543]
2006-06-01T00:00:00.000Z,0,120.0,5.77157,-70.84153,[0.2887126470199148,0.9553964311689548,0.062150356076042725]
2006-06-01T00:00:00.000Z,0,126.0,6.27157,-70.84153,[0.28873028200635203,0.9562132153138121,0.047865552454284976]
2006-06-01T00:00:00.000Z,0,122.0,6.77157,-70.84153,[0.29403464534553814,0.9550599006712216,0.03747283638050279]
2006-06-01T00:00:00.000Z,0,97.0,-3.72843,-70.34153,[0.2537614351179024,0.9667591516030207,0.03133491405302033]
2006-06-01T00:00:00.000Z,0,132.0,-2.22843,-70.34153,[0.2666434509737599,0.963695622023274,0.01385706123170721]
2006-06-01T00:00:00.000Z,0,129.0,-1.72843,-70.34153,[0.267370350455566,0.9635817728182947,0.004823151419982759]
2006-06-01T00:00:00.000Z,0,144.0,-1.22843,-70.34153,[0.26408876615646143,0.964498102484468,7.306803806700515E-4]
2006-06-01T00:00:00.000Z,0,134.0,-0.72843,-70.34153,[0.26250064827534336,0.964923331605017,0.004046452680924265]
2006-06-01T00:00:00.000Z,0,170.0,-0.22843,-70.34153,[0.26425058594779094,0.964410603045678,0.009155138410789607]
2006-06-01T00:00:00.000Z,0,177.0,0.27157,-70.34153,[0.26723958846750806,0.9635239849824606,0.014301493601581486]
2006-06-01T00:00:00.000Z,0,190.0,0.77157,-70.34153,[0.2690994043418383,0.9628713061606402,0.02154897573831127]
2006-06-01T00:00:00.000Z,0,195.0,1.27157,-70.34153,[0.27380512200223206,0.9609814009572503,0.03931287549370569]
2006-06-01T00:00:00.000Z,0,216.0,1.77157,-70.34153,[0.27286933837055,0.9603721635619746,0.05681224896543092]
2006-06-01T00:00:00.000Z,0,168.0,2.27157,-70.34153,[0.2767650994340794,0.9584472315032322,0.0691374295084354]
2006-06-01T00:00:00.000Z,0,193.0,2.77157,-70.34153,[0.28087698474597533,0.9565000021079161,0.07884075981093593]
2006-06-01T00:00:00.000Z,0,177.0,3.27157,-70.34153,[0.2848398742482574,0.954922950065997,0.08359668340006328]
2006-06-01T00:00:00.000Z,0,174.0,3.77157,-70.34153,[0.2799462538170874,0.9563922601221895,0.08333030512454158]
2006-06-01T00:00:00.000Z,0,118.0,4.27157,-70.34153,[0.2799740089160669,0.956487081043995,0.08214023452245697]
2006-06-01T00:00:00.000Z,0,116.0,4.77157,-70.34153,[0.2800810867928983,0.9568528957360495,0.07737648701282404]
2006-06-01T00:00:00.000Z,0,124.0,5.27157,-70.34153,[0.2842371454031852,0.9561694010114811,0.07035141606530942]
2006-06-01T00:00:00.000Z,0,105.0,5.77157,-70.34153,[0.2817410367574653,0.9574877379458687,0.061961438735166706]
2006-06-01T00:00:00.000Z,0,104.0,6.27157,-70.34153,[0.2810498146850193,0.9583690998837822,0.050395139184900004]
2006-06-01T00:00:00.000Z,0,109.0,6.77157,-70.34153,[0.28639713827338814,0.9571980400848219,0.041816160112920546]
2006-06-01T00:00:00.000Z,0,140.0,-3.72843,-69.84153,[0.2569666982380442,0.9659471066297566,0.030237446820781912]
2006-06-01T00:00:00.000Z,0,128.0,-3.22843,-69.84153,[0.2591938720240658,0.9655229894123567,0.024163890858020478]
2006-06-01T00:00:00.000Z,0,61.0,-2.72843,-69.84153,[0.2591558283961462,0.9656639796189734,0.018202611756395985]
2006-06-01T00:00:00.000Z,0,111.0,-2.22843,-69.84153,[0.2624810743442705,0.964851380000678,0.012864685066675707]
2006-06-01T00:00:00.000Z,0,145.0,-1.72843,-69.84153,[0.2617128518465478,0.9651307935684944,0.0053790783778737096]
2006-06-01T00:00:00.000Z,0,68.0,-1.22843,-69.84153,[0.26346771709028605,0.964665263362071,0.0023857312964868423]
2006-06-01T00:00:00.000Z,0,122.0,-0.72843,-69.84153,[0.2641686853513421,0.9644746904396058,0.0018647201318918265]
2006-06-01T00:00:00.000Z,0,188.0,0.77157,-69.84153,[0.27806296446172174,0.9603867003331773,0.01839493457208313]
2006-06-01T00:00:00.000Z,0,195.0,1.77157,-69.84153,[0.27790717445707636,0.9597491955087403,0.04060891657764255]
2006-06-01T00:00:00.000Z,0,182.0,2.27157,-69.84153,[0.27958365072147,0.9585725167593259,0.05451341452291211]
2006-06-01T00:00:00.000Z,0,180.0,2.77157,-69.84153,[0.28174364033840743,0.9568447477646682,0.07119445065474372]
2006-06-01T00:00:00.000Z,0,198.0,3.27157,-69.84153,[0.2799227675105423,0.9564928542348646,0.08224757763533695]
2006-06-01T00:00:00.000Z,0,149.0,3.77157,-69.84153,[0.27888104581848716,0.9566268432145781,0.08420478088860524]
2006-06-01T00:00:00.000Z,0,188.0,4.27157,-69.84153,[0.2757779810677289,0.9576821295672304,0.08241021699875492]
2006-06-01T00:00:00.000Z,0,143.0,4.77157,-69.84153,[0.2734346749898624,0.9586298017291648,0.07913521182059548]
2006-06-01T00:00:00.000Z,0,100.0,5.27157,-69.84153,[0.27340557650661523,0.9590554988396112,0.07390494489944442]
2006-06-01T00:00:00.000Z,0,112.0,5.77157,-69.84153,[0.27190248470569983,0.9601556491170025,0.0645768401176037]
2006-06-01T00:00:00.000Z,0,98.0,6.27157,-69.84153,[0.27930161581359936,0.9588285355133525,0.05136581440250102]
2006-06-01T00:00:00.000Z,0,169.0,0.77157,-69.34153,[0.27637323431737,0.9609284762419327,0.015306825285269722]
2006-06-01T00:00:00.000Z,0,182.0,1.77157,-69.34153,[0.2797040428775147,0.959600024025935,0.03055228776046699]
2006-06-01T00:00:00.000Z,0,167.0,2.27157,-69.34153,[0.28293313959900446,0.9582869555767048,0.04043450615725236]
2006-06-01T00:00:00.000Z,0,128.0,2.77157,-69.34153,[0.28263234478106547,0.9572681715956393,0.06129115216325021]
2006-06-01T00:00:00.000Z,0,182.0,3.27157,-69.34153,[0.2806800095703315,0.9564711095358219,0.07988584887770975]
2006-06-01T00:00:00.000Z,0,123.0,3.77157,-69.34153,[0.27628614879660146,0.9573636318765959,0.08438507180299301]
2006-06-01T00:00:00.000Z,0,172.0,4.27157,-69.34153,[0.27631834362884233,0.9574751907138955,0.08300260322184216]
2006-06-01T00:00:00.000Z,0,142.0,4.77157,-69.34153,[0.27720530607574634,0.9573253012150774,0.0817648209006368]
2006-06-01T00:00:00.000Z,0,117.0,5.27157,-69.34153,[0.2764234151574855,0.9578392757782637,0.0783199676279542]
2006-06-01T00:00:00.000Z,0,83.0,5.77157,-69.34153,[0.27831844841673353,0.9580577358960636,0.06829506541918308]
2006-06-01T00:00:00.000Z,0,139.0,1.77157,-68.84153,[0.2797467283080402,0.9597464678875842,0.025069610652220527]
2006-06-01T00:00:00.000Z,0,178.0,2.27157,-68.84153,[0.2789565730022457,0.9596536932239417,0.03532731889758169]
2006-06-01T00:00:00.000Z,0,155.0,2.77157,-68.84153,[0.2818516269152437,0.9578635749954832,0.05529043409218573]
2006-06-01T00:00:00.000Z,0,154.0,3.27157,-68.84153,[0.2833560020414428,0.9560561290253261,0.07527319748887183]
2006-06-01T00:00:00.000Z,0,118.0,3.77157,-68.84153,[0.28312480644563437,0.9552760644959571,0.08536969354658441]
2006-06-01T00:00:00.000Z,0,168.0,4.27157,-68.84153,[0.2822505761394265,0.9555582482277531,0.08510608975196449]
2006-06-01T00:00:00.000Z,0,130.0,4.77157,-68.84153,[0.2837366153356863,0.9551744073514326,0.08447120609230356]
2006-06-01T00:00:00.000Z,0,118.0,5.27157,-68.84153,[0.28065809443799444,0.9563964295079348,0.08085112028232994]
2006-06-01T00:00:00.000Z,0,76.0,5.77157,-68.84153,[0.2900205945164801,0.9543319185598892,0.07168433562577149]
2006-06-01T00:00:00.000Z,0,140.0,1.77157,-68.34153,[0.27976322847509444,0.9598030761530163,0.022596260761449934]
2006-06-01T00:00:00.000Z,0,115.0,2.27157,-68.34153,[0.27886231948218987,0.9598051926363743,0.03177733408052861]
2006-06-01T00:00:00.000Z,0,126.0,2.77157,-68.34153,[0.28287119993294235,0.9580771675889694,0.045519503437484975]
2006-06-01T00:00:00.000Z,0,132.0,3.27157,-68.34153,[0.2841766112941195,0.9566556151198984,0.06366857665253745]
2006-06-01T00:00:00.000Z,0,110.0,3.77157,-68.34153,[0.2872876500199544,0.9543608676799243,0.08161580966475977]
2006-06-01T00:00:00.000Z,0,121.0,4.27157,-68.34153,[0.2931917333139523,0.9520495609857552,0.08740847180445918]
2006-06-01T00:00:00.000Z,0,109.0,4.77157,-68.34153,[0.29474903050622525,0.9515867576642928,0.08721038730334006]
2006-06-01T00:00:00.000Z,0,89.0,5.27157,-68.34153,[0.29508140915674996,0.9518039438213964,0.08364337688127424]
2006-06-01T00:00:00.000Z,0,65.0,5.77157,-68.34153,[0.30209064480760034,0.9500694628521558,0.07816174304315608]
2006-06-01T00:00:00.000Z,0,136.0,2.27157,-67.84153,[0.2848248805309489,0.9581465329738433,0.028809872973245405]
2006-06-01T00:00:00.000Z,0,120.0,2.77157,-67.84153,[0.2863269154381981,0.9573373203200822,0.0390147743555102]
2006-06-01T00:00:00.000Z,0,103.0,3.27157,-67.84153,[0.2911502506145002,0.954753085977361,0.06064714654309588]
2006-06-01T00:00:00.000Z,0,95.0,3.77157,-67.84153,[0.2932604506785837,0.9525452232567531,0.08158373439930523]
2006-06-01T00:00:00.000Z,0,110.0,4.27157,-67.84153,[0.2933223674879002,0.9519140982626194,0.08843946098974802]
2006-06-01T00:00:00.000Z,0,101.0,4.77157,-67.84153,[0.2984274151504954,0.9502557166634196,0.0891916522724225]
2006-06-01T00:00:00.000Z,0,80.0,5.77157,-67.84153,[0.31546504637398065,0.9452353411573317,0.08373741304485809]
2006-06-01T00:00:00.000Z,0,54.0,6.27157,-67.84153,[0.3192732067107088,0.945002082636441,0.07096254849884003]
2006-06-01T00:00:00.000Z,0,114.0,2.27157,-67.34153,[0.29344152863460077,0.955622789477964,0.026022173294011765]
