2009-08-01T00:00:00.000Z,4,10.0,1.77157,-78.84153,[0.3271910889537569,0.9449473986948055,0.00451719040719739]
2009-08-01T00:00:00.000Z,4,235.0,1.27157,-78.34153,[0.336893386893857,0.9415415924757422,0.0015084778517635389]
2009-08-01T00:00:00.000Z,4,57.0,1.77157,-78.34153,[0.3279031095566245,0.9447022673099778,0.004144500269488934]
2009-08-01T00:00:00.000Z,2,1772.0,1.27157,-77.84153,[0.3236552106746379,0.9461694666899698,0.003262653333413689]
2009-08-01T00:00:00.000Z,4,528.0,1.77157,-77.84153,[0.34346760817041366,0.9391494378386587,0.0053231142225672965]
2009-08-01T00:00:00.000Z,4,116.0,2.27157,-77.84153,[0.32483942047199815,0.9457501946583268,0.005993347241180778]
2009-08-01T00:00:00.000Z,9,167.0,7.27157,-77.84153,[0.26316483902919974,0.9592782842032119,0.10261306425049845]
2009-08-01T00:00:00.000Z,1,2201.0,0.77157,-77.34153,[0.22161879665688647,0.9751227052903004,0.004562739931171192]
2009-08-01T00:00:00.000Z,2,2447.0,1.27157,-77.34153,[0.2988161498699912,0.9542838334557784,0.007160571333290113]
2009-08-01T00:00:00.000Z,8,1706.0,1.77157,-77.34153,[0.27330782017817995,0.9618843185882545,0.00902181153986225]
2009-08-01T00:00:00.000Z,4,2096.0,2.27157,-77.34153,[0.33368667397781093,0.9426323941941273,0.009867777129304915]
2009-08-01T00:00:00.000Z,4,57.0,2.77157,-77.34153,[0.324923565486686,0.9456730637299069,0.011275332682933506]
2009-08-01T00:00:00.000Z,2,74.0,3.27157,-77.34153,[0.30180736626429483,0.953255719106471,0.014691754810601523]
2009-08-01T00:00:00.000Z,0,28.0,4.27157,-77.34153,[0.2811472836242677,0.9584566487190945,0.04813582280233675]
2009-08-01T00:00:00.000Z,9,14.0,5.27157,-77.34153,[0.2706462228840661,0.9593724087446855,0.07971952946429495]
2009-08-01T00:00:00.000Z,9,499.0,6.27157,-77.34153,[0.28449520255429733,0.9537674415134487,0.0969027720577664]
2009-08-01T00:00:00.000Z,7,695.0,6.77157,-77.34153,[0.29361790848114966,0.9503948090310896,0.10265588529604106]
2009-08-01T00:00:00.000Z,7,345.0,7.27157,-77.34153,[0.290957348764091,0.9508266567158598,0.10617198349240604]
2009-08-01T00:00:00.000Z,2,279.0,0.27157,-76.84153,[0.30791384063926963,0.9513909280160291,0.006660993287298487]
2009-08-01T00:00:00.000Z,1,485.0,0.77157,-76.84153,[0.22980449123405775,0.9732157415649986,0.006404387460621281]
2009-08-01T00:00:00.000Z,1,3335.0,1.27157,-76.84153,[0.19168239847370142,0.9814138801853513,0.009200755126737669]
2009-08-01T00:00:00.000Z,1,2008.0,1.77157,-76.84153,[0.20207524458919665,0.9792877237784144,0.012694470493423893]
2009-08-01T00:00:00.000Z,8,1013.0,2.27157,-76.84153,[0.25036006922513826,0.9680589343372012,0.013480926804430521]
2009-08-01T00:00:00.000Z,2,2856.0,2.77157,-76.84153,[0.2882463573143264,0.9574350370704939,0.015237692897673641]
2009-08-01T00:00:00.000Z,8,1911.0,3.27157,-76.84153,[0.2846214082493999,0.9584686739338766,0.018123328986820765]
2009-08-01T00:00:00.000Z,2,794.0,3.77157,-76.84153,[0.2971282553281142,0.9545537651485873,0.02327894598830501]
2009-08-01T00:00:00.000Z,2,70.0,4.27157,-76.84153,[0.30044334026666203,0.9532863879137699,0.031286768892430594]
2009-08-01T00:00:00.000Z,0,24.0,4.77157,-76.84153,[0.2962163286468023,0.9529956041483265,0.06368096353680319]
2009-08-01T00:00:00.000Z,9,133.0,5.27157,-76.84153,[0.30138870853841127,0.9502740996826774,0.07838355591465397]
2009-08-01T00:00:00.000Z,9,76.0,5.77157,-76.84153,[0.2945710012430772,0.9511720116474935,0.09219397748829133]
2009-08-01T00:00:00.000Z,9,38.0,6.27157,-76.84153,[0.28768294151039076,0.9525999347289593,0.09895397676855465]
2009-08-01T00:00:00.000Z,7,20.0,6.77157,-76.84153,[0.3042710748429428,0.9467468016488593,0.10530720099582891]
2009-08-01T00:00:00.000Z,7,15.0,7.27157,-76.84153,[0.30314246180125237,0.946615865847777,0.10964967112736751]
2009-08-01T00:00:00.000Z,7,8.0,7.77157,-76.84153,[0.31419508898420423,0.9425852669526127,0.11320097429828009]
2009-08-01T00:00:00.000Z,2,294.0,0.77157,-76.34153,[0.29142588707258615,0.9564747062895135,0.015069458263155096]
2009-08-01T00:00:00.000Z,1,1412.0,1.27157,-76.34153,[0.21978462933522822,0.9754486358136533,0.013952619727461115]
2009-08-01T00:00:00.000Z,11,2388.0,1.77157,-76.34153,[0.16008252885492044,0.986965512546478,0.016512449826767386]
2009-08-01T00:00:00.000Z,11,3852.0,2.27157,-76.34153,[0.17110407545013961,0.985106552040142,0.016984595724830038]
2009-08-01T00:00:00.000Z,8,2450.0,2.77157,-76.34153,[0.24485432715522334,0.9693720028914483,0.019086080885945614]
2009-08-01T00:00:00.000Z,8,990.0,3.27157,-76.34153,[0.24887893782965642,0.9682752705611508,0.02241148644137702]
2009-08-01T00:00:00.000Z,8,962.0,3.77157,-76.34153,[0.2667362026771292,0.963417060811001,0.02606463350360989]
2009-08-01T00:00:00.000Z,1,1899.0,4.27157,-76.34153,[0.22533863102569923,0.9738252396085495,0.029780934653145175]
2009-08-01T00:00:00.000Z,0,1358.0,4.77157,-76.34153,[0.258420354112611,0.9647693220204144,0.04938700100818788]
2009-08-01T00:00:00.000Z,6,407.0,5.27157,-76.34153,[0.2424253582646426,0.9674144013768284,0.07307066223165407]
2009-08-01T00:00:00.000Z,6,480.0,5.77157,-76.34153,[0.23661771535372647,0.9673488951225877,0.09081944662841561]
2009-08-01T00:00:00.000Z,6,1095.0,6.27157,-76.34153,[0.2289607050740322,0.96859357097495,0.09697159273723718]
2009-08-01T00:00:00.000Z,9,1485.0,6.77157,-76.34153,[0.2531987079188135,0.9619339558487674,0.10282742286659238]
2009-08-01T00:00:00.000Z,7,827.0,7.27157,-76.34153,[0.28951271490966557,0.9507732738667618,0.11051049545773617]
2009-08-01T00:00:00.000Z,7,201.0,7.77157,-76.34153,[0.3082967987973568,0.9443016763163484,0.1150974715510132]
2009-08-01T00:00:00.000Z,7,165.0,8.27157,-76.34153,[0.311429049965323,0.9433469040767783,0.11449264345997874]
2009-08-01T00:00:00.000Z,10,99.0,8.77157,-76.34153,[0.33014555737944884,0.9365831415019825,0.1175411842584988]
2009-08-01T00:00:00.000Z,2,267.0,0.27157,-75.84153,[0.3135268785827649,0.9491202783556073,0.029522764442423775]
2009-08-01T00:00:00.000Z,2,241.0,0.77157,-75.84153,[0.3062663717808716,0.9516133694619939,0.02515759482485731]
2009-08-01T00:00:00.000Z,8,250.0,1.27157,-75.84153,[0.2574540703464894,0.9660657496811127,0.020841519980430094]
2009-08-01T00:00:00.000Z,8,1712.0,1.77157,-75.84153,[0.2773932912923819,0.9605066768582008,0.021906292630099317]
2009-08-01T00:00:00.000Z,8,1262.0,2.27157,-75.84153,[0.2549520661650181,0.9666932508756935,0.022441093323900027]
2009-08-01T00:00:00.000Z,1,2705.0,2.77157,-75.84153,[0.20973291232579036,0.977458943246739,0.024209910249952345]
2009-08-01T00:00:00.000Z,11,1867.0,3.27157,-75.84153,[0.18384043674309794,0.9825954377648338,0.026625166700724533]
2009-08-01T00:00:00.000Z,1,3782.0,3.77157,-75.84153,[0.2006604336148988,0.9792709784200151,0.02763586810265073]
2009-08-01T00:00:00.000Z,8,2035.0,4.27157,-75.84153,[0.25723836004638273,0.9658805730587734,0.030052366101572595]
2009-08-01T00:00:00.000Z,8,1185.0,4.77157,-75.84153,[0.25757488433792686,0.9656006327549769,0.03564543423065149]
2009-08-01T00:00:00.000Z,0,1530.0,5.27157,-75.84153,[0.274565881406602,0.9597211084028932,0.05957323940611135]
2009-08-01T00:00:00.000Z,9,1704.0,5.77157,-75.84153,[0.27068700360494613,0.958413314199331,0.09040168828528825]
2009-08-01T00:00:00.000Z,6,488.0,6.27157,-75.84153,[0.21742080594456523,0.9713038178610469,0.09642140089715502]
2009-08-01T00:00:00.000Z,6,896.0,6.77157,-75.84153,[0.21909555535906072,0.970280316590126,0.10272898743621264]
2009-08-01T00:00:00.000Z,9,2421.0,7.27157,-75.84153,[0.26566346637392924,0.9579317521947905,0.10858029642253954]
2009-08-01T00:00:00.000Z,7,131.0,7.77157,-75.84153,[0.3213312294733509,0.9396328370881382,0.11762811071695951]
2009-08-01T00:00:00.000Z,7,43.0,8.27157,-75.84153,[0.31854756023367004,0.940692795202679,0.11672410600620041]
2009-08-01T00:00:00.000Z,7,10.0,8.77157,-75.84153,[0.3220196815520015,0.9397015618243459,0.11517074019920338]
2009-08-01T00:00:00.000Z,10,155.0,9.27157,-75.84153,[0.34040986161585124,0.9328424628841397,0.11800875202682845]
2009-08-01T00:00:00.000Z,0,228.0,0.27157,-75.34153,[0.3101422657700499,0.9497352652180129,0.04259930732172281]
2009-08-01T00:00:00.000Z,0,189.0,0.77157,-75.34153,[0.3068607966052231,0.9506667816397106,0.04548760043795071]
2009-08-01T00:00:00.000Z,0,244.0,1.27157,-75.34153,[0.30452783564371394,0.9514966109671062,0.04378352014475888]
2009-08-01T00:00:00.000Z,8,1357.0,1.77157,-75.34153,[0.2499864861921018,0.9676093843654485,0.035197102284758607]
2009-08-01T00:00:00.000Z,4,2437.0,2.27157,-75.34153,[0.32026366756161967,0.946805689690902,0.03146695423640368]
2009-08-01T00:00:00.000Z,3,485.0,2.77157,-75.34153,[0.39862636905986143,0.9165386591641511,0.03246388990449629]
2009-08-01T00:00:00.000Z,3,694.0,3.27157,-75.34153,[0.4150641780582429,0.909188199556151,0.033144318980475075]
2009-08-01T00:00:00.000Z,2,442.0,3.77157,-75.34153,[0.30721439436506104,0.9511572297154075,0.030318975164412138]
2009-08-01T00:00:00.000Z,11,2270.0,4.27157,-75.34153,[0.15529653616494404,0.9874271424487692,0.029506341871339364]
2009-08-01T00:00:00.000Z,1,4229.0,4.77157,-75.34153,[0.19278143727795144,0.980775562151578,0.03024258797297863]
2009-08-01T00:00:00.000Z,1,3209.0,5.27157,-75.34153,[0.2157248926435872,0.9756097672926276,0.04059990957056276]
2009-08-01T00:00:00.000Z,6,1992.0,5.77157,-75.34153,[0.2431848169952732,0.9677508614786257,0.0657222556700046]
2009-08-01T00:00:00.000Z,6,2185.0,6.27157,-75.34153,[0.2418889351176601,0.9663582704948105,0.08741530823559003]
2009-08-01T00:00:00.000Z,9,2092.0,6.77157,-75.34153,[0.26183290356906436,0.960053979753236,0.09869086365295504]
2009-08-01T00:00:00.000Z,7,869.0,7.27157,-75.34153,[0.3208130548463463,0.9402738989314732,0.11385946964728509]
2009-08-01T00:00:00.000Z,10,83.0,7.77157,-75.34153,[0.3336670251827684,0.9352075776249424,0.11854578465120187]
2009-08-01T00:00:00.000Z,10,30.0,8.27157,-75.34153,[0.33542815552034444,0.9344910718707141,0.11922411282179261]
2009-08-01T00:00:00.000Z,10,74.0,8.77157,-75.34153,[0.33232164228124583,0.9356857587635079,0.11855162132444444]
2009-08-01T00:00:00.000Z,7,180.0,9.27157,-75.34153,[0.32319683460170195,0.9393634617200545,0.11463024421484823]
2009-08-01T00:00:00.000Z,7,136.0,9.77157,-75.34153,[0.32671639425935584,0.9385880866885381,0.11094503706121588]
2009-08-01T00:00:00.000Z,7,79.0,10.27157,-75.34153,[0.3239596043626171,0.9398262727268856,0.10852074379355513]
2009-08-01T00:00:00.000Z,0,205.0,0.27157,-74.84153,[0.31004038645043536,0.9494232845777923,0.04970297245820209]
2009-08-01T00:00:00.000Z,0,239.0,0.77157,-74.84153,[0.30463252001186164,0.9509313173703603,0.054117071202107195]
2009-08-01T00:00:00.000Z,0,226.0,1.27157,-74.84153,[0.3082087785459208,0.9499090870028576,0.051769443271385135]
2009-08-01T00:00:00.000Z,0,258.0,1.77157,-74.84153,[0.3151894636501755,0.9480698946302899,0.042650637739964234]
2009-08-01T00:00:00.000Z,8,576.0,2.27157,-74.84153,[0.24738204186350773,0.9681804785622561,0.03779796680249534]
2009-08-01T00:00:00.000Z,0,1998.0,2.77157,-74.84153,[0.2814096644880096,0.9589267714070089,0.03560965896601827]
2009-08-01T00:00:00.000Z,0,2106.0,3.27157,-74.84153,[0.30126689511541876,0.9528758356817997,0.03557948399326891]
2009-08-01T00:00:00.000Z,3,361.0,3.77157,-74.84153,[0.3941358793337238,0.9182066639423015,0.03941358793337238]
2009-08-01T00:00:00.000Z,4,289.0,4.27157,-74.84153,[0.3653422390707934,0.9300888300008366,0.038207547139464657]
2009-08-01T00:00:00.000Z,4,277.0,4.77157,-74.84153,[0.3671638987314259,0.9294259576743843,0.03685187470662282]
2009-08-01T00:00:00.000Z,4,325.0,5.27157,-74.84153,[0.3667948508463487,0.9294765575210342,0.03917737116566735]
2009-08-01T00:00:00.000Z,5,379.0,5.77157,-74.84153,[0.327311768197064,0.9435009681741123,0.05170038156749079]
2009-08-01T00:00:00.000Z,9,978.0,6.27157,-74.84153,[0.2889852907190463,0.9547044422135292,0.07090084460556358]
2009-08-01T00:00:00.000Z,7,1143.0,6.77157,-74.84153,[0.3036090660383151,0.9481944677811995,0.09353494688334246]
2009-08-01T00:00:00.000Z,7,322.0,7.27157,-74.84153,[0.32302787837595326,0.9397174643664096,0.11217877230874014]
2009-08-01T00:00:00.000Z,10,55.0,7.77157,-74.84153,[0.3413435460354255,0.9321304526352003,0.12090245179506505]
2009-08-01T00:00:00.000Z,10,27.0,8.27157,-74.84153,[0.3449568779575953,0.9306649103230956,0.1219326742225111]
2009-08-01T00:00:00.000Z,10,14.0,8.77157,-74.84153,[0.3438614191367588,0.9312913434953883,0.12023210037177642]
2009-08-01T00:00:00.000Z,10,48.0,9.27157,-74.84153,[0.33844887338021157,0.9336928709684859,0.116918701713164]
2009-08-01T00:00:00.000Z,10,15.0,9.77157,-74.84153,[0.33315622433594455,0.9361220669721259,0.11261618850792492]
2009-08-01T00:00:00.000Z,10,5.0,10.27157,-74.84153,[0.34035063330512,0.9336006955244611,0.11203208346293535]
2009-08-01T00:00:00.000Z,4,171.0,-0.72843,-74.34153,[0.3271617005529271,0.9444479280112801,0.03135814035488434]
2009-08-01T00:00:00.000Z,0,219.0,-0.22843,-74.34153,[0.31340340922963156,0.9486805901005064,0.04223080688074958]
2009-08-01T00:00:00.000Z,0,201.0,0.27157,-74.34153,[0.30966070217230307,0.9493861062724485,0.05269032878048102]
2009-08-01T00:00:00.000Z,0,242.0,0.77157,-74.34153,[0.30563828416232275,0.9502139651583498,0.06065195522287338]
2009-08-01T00:00:00.000Z,5,251.0,1.27157,-74.34153,[0.30994257957211374,0.9489747706590201,0.058159109525886994]
2009-08-01T00:00:00.000Z,5,298.0,1.77157,-74.34153,[0.3192265927918353,0.9466719648309599,0.04366432706003264]
2009-08-01T00:00:00.000Z,5,313.0,2.27157,-74.34153,[0.33263367579869046,0.9418248521656408,0.048174532357051714]
2009-08-01T00:00:00.000Z,0,364.0,2.77157,-74.34153,[0.30172620528566996,0.9524831480416276,0.041679128357257796]
2009-08-01T00:00:00.000Z,11,899.0,3.27157,-74.34153,[0.17323125478430654,0.9837512133006605,0.04716442192302653]
2009-08-01T00:00:00.000Z,11,3444.0,3.77157,-74.34153,[0.1690489365059689,0.9846132714049943,0.044262431466830024]
2009-08-01T00:00:00.000Z,1,2263.0,4.27157,-74.34153,[0.1954657952145062,0.9797876653205122,0.04253532399007493]
2009-08-01T00:00:00.000Z,1,2655.0,4.77157,-74.34153,[0.23833609338078612,0.9703683801932006,0.03976321557934544]
2009-08-01T00:00:00.000Z,4,1104.0,5.27157,-74.34153,[0.316365589345939,0.9478512342214943,0.03861154830600043]
2009-08-01T00:00:00.000Z,4,744.0,5.77157,-74.34153,[0.3412231994184164,0.9389775091909659,0.0434507239547192]
2009-08-01T00:00:00.000Z,5,119.0,6.27157,-74.34153,[0.34235766963505765,0.9378671372397002,0.056537234879873964]
2009-08-01T00:00:00.000Z,9,97.0,6.77157,-74.34153,[0.2954963008711345,0.9522830008542419,0.07641349655339492]
2009-08-01T00:00:00.000Z,9,575.0,7.27157,-74.34153,[0.2839884731496227,0.9530653158901339,0.10496213967610056]
2009-08-01T00:00:00.000Z,7,1234.0,7.77157,-74.34153,[0.3153356355714575,0.9413004046909179,0.1204864518004375]
2009-08-01T00:00:00.000Z,10,715.0,8.27157,-74.34153,[0.34209686379859966,0.931463741430573,0.1238750748912824]
2009-08-01T00:00:00.000Z,10,14.0,8.77157,-74.34153,[0.3487596206070471,0.9292211344893644,0.12212620624717359]
2009-08-01T00:00:00.000Z,10,37.0,9.27157,-74.34153,[0.346058977897458,0.930487251759249,0.12015264512313838]
2009-08-01T00:00:00.000Z,10,95.0,9.77157,-74.34153,[0.33793932196263254,0.9340928441572766,0.11518495199289729]
2009-08-01T00:00:00.000Z,7,119.0,10.27157,-74.34153,[0.32505805443455427,0.9390566016998234,0.11184793270866383]
2009-08-01T00:00:00.000Z,7,5.0,10.77157,-74.34153,[0.3091788573948532,0.9441846645058211,0.11368268756518449]
2009-08-01T00:00:00.000Z,4,156.0,-1.22843,-73.84153,[0.3264386513511285,0.9450826872450273,0.016016278399624655]
2009-08-01T00:00:00.000Z,4,195.0,-0.72843,-73.84153,[0.31937695312035946,0.9472016100147542,0.028416048300442625]
2009-08-01T00:00:00.000Z,0,174.0,-0.22843,-73.84153,[0.3069982239161103,0.9508583122070965,0.04025618733841602]
2009-08-01T00:00:00.000Z,0,241.0,0.27157,-73.84153,[0.3047497035464296,0.951008802506757,0.052056466870382324]
2009-08-01T00:00:00.000Z,0,232.0,0.77157,-73.84153,[0.301489775359925,0.9513938047350162,0.06287880139802328]
2009-08-01T00:00:00.000Z,0,267.0,1.27157,-73.84153,[0.30457871514257223,0.9501915128772138,0.06609005324715275]
2009-08-01T00:00:00.000Z,0,265.0,1.77157,-73.84153,[0.2923226308602595,0.954450999555787,0.059755911288302044]
2009-08-01T00:00:00.000Z,0,554.0,2.27157,-73.84153,[0.2745188561075999,0.9602319137040303,0.05093200904804832]
2009-08-01T00:00:00.000Z,0,995.0,2.77157,-73.84153,[0.30686929343105535,0.9496034040819271,0.06391096701772767]
2009-08-01T00:00:00.000Z,9,363.0,3.27157,-73.84153,[0.2927554061885876,0.9532696697380456,0.0746405312472556]
2009-08-01T00:00:00.000Z,6,545.0,3.77157,-73.84153,[0.22644947795499848,0.9708419108070678,0.07865505803436915]
2009-08-01T00:00:00.000Z,11,1499.0,4.27157,-73.84153,[0.1656930855560869,0.9831123076327821,0.07769164678296518]
2009-08-01T00:00:00.000Z,11,3610.0,4.77157,-73.84153,[0.15797861676658745,0.9848979389041935,0.07084353595626655]
2009-08-01T00:00:00.000Z,11,2585.0,5.27157,-73.84153,[0.17641959584427858,0.9827476204402443,0.055526936897141534]
2009-08-01T00:00:00.000Z,0,2622.0,5.77157,-73.84153,[0.26843754853485263,0.9621917324106405,0.04613407219408506]
2009-08-01T00:00:00.000Z,4,616.0,6.27157,-73.84153,[0.3299597680593332,0.9429142277024011,0.04515872738038319]
2009-08-01T00:00:00.000Z,5,101.0,6.77157,-73.84153,[0.356723164446159,0.9314438182760817,0.07184008172874035]
2009-08-01T00:00:00.000Z,10,89.0,7.27157,-73.84153,[0.3615194766952058,0.9262378316708203,0.1067105765693435]
2009-08-01T00:00:00.000Z,10,59.0,7.77157,-73.84153,[0.33776833114132343,0.93333863940818,0.12162046976431398]
2009-08-01T00:00:00.000Z,10,38.0,8.27157,-73.84153,[0.34135176316945,0.9315056917476189,0.12560302553242086]
2009-08-01T00:00:00.000Z,10,29.0,8.77157,-73.84153,[0.35735922083788935,0.925437154652603,0.12593831851597342]
2009-08-01T00:00:00.000Z,10,52.0,9.27157,-73.84153,[0.3654875973142557,0.9224806822623508,0.12429081648392325]
2009-08-01T00:00:00.000Z,7,46.0,9.77157,-73.84153,[0.3029026722159543,0.9462773403335625,0.11317758760317052]
2009-08-01T00:00:00.000Z,6,931.0,10.27157,-73.84153,[0.16216090448613973,0.9809033732902858,0.10738907450935269]
2009-08-01T00:00:00.000Z,7,2665.0,10.77157,-73.84153,[0.30235681478540044,0.9467620725519681,0.11055285853350356]
2009-08-01T00:00:00.000Z,2,139.0,-1.72843,-73.34153,[0.32127640343178887,0.9469832565573703,0.0020455800967567085]
2009-08-01T00:00:00.000Z,2,199.0,-1.22843,-73.34153,[0.31872621223783476,0.9477594537487313,0.01286932253186729]
2009-08-01T00:00:00.000Z,2,223.0,-0.72843,-73.34153,[0.3150493716163357,0.9487418339168741,0.02515603347506863]
2009-08-01T00:00:00.000Z,0,171.0,-0.22843,-73.34153,[0.30464917158398186,0.9517334585142998,0.03731361946532491]
2009-08-01T00:00:00.000Z,0,209.0,0.27157,-73.34153,[0.3007097884754751,0.9524426763386644,0.049260241614075884]
2009-08-01T00:00:00.000Z,0,237.0,0.77157,-73.34153,[0.2903117359266519,0.9550334487428351,0.06025120551176149]
2009-08-01T00:00:00.000Z,9,249.0,1.27157,-73.34153,[0.290603941393022,0.9545133410972381,0.06673552962424734]
2009-08-01T00:00:00.000Z,9,294.0,1.77157,-73.34153,[0.29807410823838615,0.9519886247613574,0.06978169045580823]
2009-08-01T00:00:00.000Z,9,229.0,2.27157,-73.34153,[0.30396482073927084,0.9503267958745018,0.06696542985635276]
2009-08-01T00:00:00.000Z,5,267.0,2.77157,-73.34153,[0.3077181976881488,0.9489935256947489,0.06870807085785001]
2009-08-01T00:00:00.000Z,7,234.0,3.27157,-73.34153,[0.31297636646584287,0.9460692446400953,0.0836587017587405]
2009-08-01T00:00:00.000Z,7,256.0,3.77157,-73.34153,[0.31181187875325017,0.9461877700098625,0.0866144107647917]
2009-08-01T00:00:00.000Z,6,300.0,4.27157,-73.34153,[0.24887871032541367,0.9649919806013681,0.08276391074500784]
2009-08-01T00:00:00.000Z,11,1229.0,4.77157,-73.34153,[0.17201156850292,0.9822765885561483,0.07446290268086932]
2009-08-01T00:00:00.000Z,11,2684.0,5.27157,-73.34153,[0.17191447857558137,0.9821878665678436,0.07584462290099178]
2009-08-01T00:00:00.000Z,6,3515.0,5.77157,-73.34153,[0.22344920113730238,0.9729350632853374,0.0588881748830599]
2009-08-01T00:00:00.000Z,6,1301.0,6.27157,-73.34153,[0.2376588994962504,0.9703438969676176,0.04416977595515678]
2009-08-01T00:00:00.000Z,0,1945.0,6.77157,-73.34153,[0.3109590617914825,0.9488553189842867,0.054571471713604054]
2009-08-01T00:00:00.000Z,9,351.0,7.27157,-73.34153,[0.25630641137528964,0.9629126188823957,0.0842989435578361]
2009-08-01T00:00:00.000Z,9,325.0,7.77157,-73.34153,[0.2580905192015917,0.9582805388873914,0.12283196932372048]
2009-08-01T00:00:00.000Z,7,1339.0,8.27157,-73.34153,[0.2793538595646703,0.9521806021757484,0.12374781608800926]
2009-08-01T00:00:00.000Z,7,1230.0,8.77157,-73.34153,[0.3018243593604944,0.9453138935170684,0.1236272575940585]
2009-08-01T00:00:00.000Z,7,809.0,9.27157,-73.34153,[0.3186943366053934,0.9402699320456837,0.11969283481668212]
2009-08-01T00:00:00.000Z,7,74.0,9.77157,-73.34153,[0.3045491917006184,0.9457679976640299,0.11301630160765136]
2009-08-01T00:00:00.000Z,9,99.0,10.27157,-73.34153,[0.25369692986601605,0.9615566672153913,0.10510301380163523]
2009-08-01T00:00:00.000Z,10,1426.0,10.77157,-73.34153,[0.3309281024603447,0.9368185253472994,0.1133915409900887]
2009-08-01T00:00:00.000Z,2,146.0,-2.22843,-72.84153,[0.3133747250640981,0.9495489789536203,0.012370054936740713]
2009-08-01T00:00:00.000Z,2,165.0,-1.72843,-72.84153,[0.3141005079107512,0.9493864975949022,0.002479740851926983]
2009-08-01T00:00:00.000Z,2,168.0,-1.22843,-72.84153,[0.3109105530346509,0.9503970314354672,0.008950455314633891]
2009-08-01T00:00:00.000Z,2,178.0,-0.72843,-72.84153,[0.30662442268887224,0.9515930359309828,0.02126399253129727]
2009-08-01T00:00:00.000Z,0,191.0,-0.22843,-72.84153,[0.30375162285168683,0.9521445100927876,0.0339968162499388]
2009-08-01T00:00:00.000Z,0,247.0,0.27157,-72.84153,[0.292638184517893,0.9551065156115485,0.04619996535105318]
2009-08-01T00:00:00.000Z,0,264.0,0.77157,-72.84153,[0.285520152995365,0.9566631421079759,0.057217783648075136]
2009-08-01T00:00:00.000Z,9,246.0,1.27157,-72.84153,[0.28350381890979914,0.9566842016597603,0.0661885409885029]
2009-08-01T00:00:00.000Z,9,259.0,1.77157,-72.84153,[0.28835376350685604,0.9547461224774249,0.07288311660291401]
2009-08-01T00:00:00.000Z,9,271.0,2.27157,-72.84153,[0.30046333687419496,0.9507026956820903,0.0767213634995559]
2009-08-01T00:00:00.000Z,9,193.0,2.77157,-72.84153,[0.30060462717186626,0.9501870399110715,0.08234954345895953]
2009-08-01T00:00:00.000Z,7,182.0,3.27157,-72.84153,[0.3052129128934403,0.9482569125773299,0.08748660213090598]
2009-08-01T00:00:00.000Z,9,203.0,3.77157,-72.84153,[0.3027287295449492,0.9489381329966678,0.08872280458201974]
2009-08-01T00:00:00.000Z,7,165.0,4.27157,-72.84153,[0.3050795962340811,0.9482203666734954,0.08834351242299647]
2009-08-01T00:00:00.000Z,6,293.0,4.77157,-72.84153,[0.22074521685313683,0.971954704817638,0.08109007966033598]
2009-08-01T00:00:00.000Z,6,1653.0,5.27157,-72.84153,[0.18599628182261244,0.9784452290245881,0.08972355848485178]
2009-08-01T00:00:00.000Z,11,2686.0,5.77157,-72.84153,[0.16942250636767464,0.982650536932513,0.07545817783606433]
2009-08-01T00:00:00.000Z,11,2685.0,6.27157,-72.84153,[0.1742729599370689,0.9835679382749642,0.04714919121585083]
2009-08-01T00:00:00.000Z,11,1547.0,6.77157,-72.84153,[0.15268538361050332,0.9865824787140215,0.0578116452473957]
2009-08-01T00:00:00.000Z,6,3795.0,7.27157,-72.84153,[0.2202086487228952,0.9719962397929943,0.08204548041127223]
2009-08-01T00:00:00.000Z,7,1328.0,7.77157,-72.84153,[0.3000334028747267,0.946168329538016,0.12143084179339332]
2009-08-01T00:00:00.000Z,10,973.0,8.27157,-72.84153,[0.35298191255045996,0.9268860710678161,0.12761653761439706]
2009-08-01T00:00:00.000Z,10,83.0,8.77157,-72.84153,[0.3711335739186888,0.9196005961261707,0.12882008350693053]
2009-08-01T00:00:00.000Z,10,223.0,10.77157,-72.84153,[0.3489504581844781,0.930120616299552,0.11449548841497824]
2009-08-01T00:00:00.000Z,10,51.0,11.27157,-72.84153,[0.36038740198027386,0.9256525735794705,0.11527460049643005]
2009-08-01T00:00:00.000Z,2,149.0,-2.22843,-72.34153,[0.3047275720599986,0.9522736626874957,0.017775775036833252]
2009-08-01T00:00:00.000Z,2,147.0,-1.72843,-72.34153,[0.30852262903796895,0.9511810865057383,0.008266077985545583]
2009-08-01T00:00:00.000Z,2,145.0,-1.22843,-72.34153,[0.30679636146376277,0.9517659849955369,0.004183586747233129]
2009-08-01T00:00:00.000Z,2,205.0,-0.72843,-72.34153,[0.3053241356408489,0.9520985451090596,0.016897709796917213]
2009-08-01T00:00:00.000Z,2,176.0,-0.22843,-72.34153,[0.2980769242251929,0.9540763327516794,0.02980769242251929]
2009-08-01T00:00:00.000Z,0,150.0,0.27157,-72.34153,[0.29389132831524345,0.954860930518398,0.043226039728856816]
2009-08-01T00:00:00.000Z,0,218.0,0.77157,-72.34153,[0.29371590463286007,0.9542909741962574,0.055314590600118396]
2009-08-01T00:00:00.000Z,9,234.0,1.27157,-72.34153,[0.2866197317733792,0.9557752472915442,0.06589996982506043]
2009-08-01T00:00:00.000Z,9,237.0,1.77157,-72.34153,[0.2914203670644877,0.9536362984483818,0.0751796511143017]
2009-08-01T00:00:00.000Z,9,203.0,2.27157,-72.34153,[0.2967136507075897,0.9515299833036498,0.08094257444590187]
2009-08-01T00:00:00.000Z,9,188.0,2.77157,-72.34153,[0.2935984341879561,0.9522111379068847,0.08422534231723991]
2009-08-01T00:00:00.000Z,9,220.0,3.27157,-72.34153,[0.2968014793032286,0.9509062779214976,0.08767059080956904]
2009-08-01T00:00:00.000Z,7,180.0,3.77157,-72.34153,[0.3031219326867045,0.9487022320728921,0.08989532125861428]
2009-08-01T00:00:00.000Z,7,190.0,4.27157,-72.34153,[0.31138314298584635,0.9458997362400239,0.0911823845120818]
2009-08-01T00:00:00.000Z,7,177.0,4.77157,-72.34153,[0.3113610519954108,0.9459671656043779,0.09055615329026834]
2009-08-01T00:00:00.000Z,6,257.0,5.27157,-72.34153,[0.2438285373723571,0.9660254433038149,0.0856883145622855]
2009-08-01T00:00:00.000Z,6,1342.0,5.77157,-72.34153,[0.1763861924583793,0.980997179974,0.08082353613332587]
2009-08-01T00:00:00.000Z,11,3317.0,6.27157,-72.34153,[0.1729431256055172,0.9836906860682609,0.049429843701435064]
2009-08-01T00:00:00.000Z,6,3467.0,6.77157,-72.34153,[0.21974326430081392,0.974311404677683,0.049296901620923345]
2009-08-01T00:00:00.000Z,6,2203.0,7.27157,-72.34153,[0.23601961503009133,0.9695315558589046,0.06559956947159892]
2009-08-01T00:00:00.000Z,3,97.0,11.27157,-72.34153,[0.3921241143314632,0.9119165449568912,0.12102435289499312]
2009-08-01T00:00:00.000Z,10,19.0,11.77157,-72.34153,[0.3583294261097489,0.9265024544960974,0.11486176124613869]
2009-08-01T00:00:00.000Z,2,109.0,-2.22843,-71.84153,[0.2983912216908125,0.9541711689808872,0.022804804395381486]
2009-08-01T00:00:00.000Z,2,140.0,-1.72843,-71.84153,[0.30274985688590517,0.9529739813340423,0.013532001178991216]
2009-08-01T00:00:00.000Z,2,153.0,-1.22843,-71.84153,[0.3037735265886034,0.9527442424824379,2.3013145953682077E-4]
2009-08-01T00:00:00.000Z,2,136.0,-0.72843,-71.84153,[0.30374694265687735,0.9526608656056609,0.013231400911189734]
2009-08-01T00:00:00.000Z,2,192.0,-0.22843,-71.84153,[0.2914232966593172,0.9562326921633845,0.026296399034493073]
2009-08-01T00:00:00.000Z,0,216.0,0.27157,-71.84153,[0.2903453693288279,0.9560982279070387,0.03969565596292569]
2009-08-01T00:00:00.000Z,0,215.0,0.77157,-71.84153,[0.2875715299312379,0.9563163034576069,0.052552287430571325]
2009-08-01T00:00:00.000Z,9,232.0,1.27157,-71.84153,[0.27592126585050913,0.9590489159803988,0.06397368059033982]
2009-08-01T00:00:00.000Z,9,233.0,1.77157,-71.84153,[0.2911935597886997,0.9537153411684157,0.07505570436414159]
2009-08-01T00:00:00.000Z,9,159.0,2.27157,-71.84153,[0.29272154703042413,0.9527577766279829,0.0810352699694263]
2009-08-01T00:00:00.000Z,9,186.0,2.77157,-71.84153,[0.29333130519254436,0.9521985445481057,0.0852917179713706]
2009-08-01T00:00:00.000Z,9,222.0,3.27157,-71.84153,[0.2922975315912624,0.9522154202223049,0.08858863649765952]
2009-08-01T00:00:00.000Z,9,206.0,3.77157,-71.84153,[0.29581989422815297,0.9509306178445224,0.09067276451437638]
2009-08-01T00:00:00.000Z,9,189.0,4.27157,-71.84153,[0.3008205394171797,0.9493575958793122,0.09070368355810778]
2009-08-01T00:00:00.000Z,7,149.0,4.77157,-71.84153,[0.3082844159187779,0.9469566587090009,0.09074031864779124]
2009-08-01T00:00:00.000Z,7,172.0,5.27157,-71.84153,[0.3117810763702588,0.9459721294415807,0.08904656499362695]
2009-08-01T00:00:00.000Z,9,213.0,5.77157,-71.84153,[0.30203747322360286,0.9499374648052137,0.07995109585330663]
2009-08-01T00:00:00.000Z,0,412.0,6.27157,-71.84153,[0.2897594661071927,0.9552639309468831,0.05924756563086095]
2009-08-01T00:00:00.000Z,5,325.0,6.77157,-71.84153,[0.3314868439079287,0.9423165338056851,0.04643298862230912]
2009-08-01T00:00:00.000Z,10,174.0,11.77157,-71.84153,[0.38156688010271433,0.9165339586251009,0.11988418868092039]
2009-08-01T00:00:00.000Z,2,107.0,-2.22843,-71.34153,[0.29288354549405565,0.9557840893031206,0.026381876617021807]
2009-08-01T00:00:00.000Z,2,121.0,-1.72843,-71.34153,[0.2974614207665913,0.9545910232965896,0.01651306746460925]
2009-08-01T00:00:00.000Z,2,140.0,-1.22843,-71.34153,[0.2984672261065171,0.9544142097170374,0.0032910834817828877]
2009-08-01T00:00:00.000Z,2,186.0,-0.72843,-71.34153,[0.2994286450183183,0.954073021008938,0.009335798057605359]
2009-08-01T00:00:00.000Z,2,201.0,-0.22843,-71.34153,[0.2919475913233259,0.9561849405744588,0.021839490358682902]
2009-08-01T00:00:00.000Z,0,185.0,0.27157,-71.34153,[0.2908996629332942,0.9561353262303625,0.03438930123823827]
2009-08-01T00:00:00.000Z,0,228.0,0.77157,-71.34153,[0.281789956376857,0.9583094945038352,0.047300456963258145]
2009-08-01T00:00:00.000Z,0,342.0,1.27157,-71.34153,[0.28038938680705555,0.9579970715907732,0.06019470565976868]
2009-08-01T00:00:00.000Z,9,222.0,1.77157,-71.34153,[0.2857710671112317,0.9555470056531808,0.07255906000871117]
2009-08-01T00:00:00.000Z,9,164.0,2.27157,-71.34153,[0.2917735078548981,0.9530516897499759,0.0809981282423443]
2009-08-01T00:00:00.000Z,9,189.0,2.77157,-71.34153,[0.2949549871967877,0.9515406100371465,0.0870173717017343]
2009-08-01T00:00:00.000Z,9,209.0,3.27157,-71.34153,[0.29651895216183316,0.9506714496791597,0.09110601392758615]
2009-08-01T00:00:00.000Z,9,171.0,3.77157,-71.34153,[0.29127953925264694,0.9522600321721149,0.09141696308852303]
2009-08-01T00:00:00.000Z,9,165.0,4.27157,-71.34153,[0.2972157480387528,0.9504123349832361,0.0915379300043307]
2009-08-01T00:00:00.000Z,9,131.0,4.77157,-71.34153,[0.29991616377136754,0.9497345186093304,0.08974763991643196]
2009-08-01T00:00:00.000Z,9,146.0,5.27157,-71.34153,[0.30002963248901743,0.9500938362152218,0.08546298622414436]
2009-08-01T00:00:00.000Z,9,151.0,5.77157,-71.34153,[0.3002610117284896,0.950826537140217,0.0759751347858451]
2009-08-01T00:00:00.000Z,0,157.0,6.27157,-71.34153,[0.30400244875662175,0.9510114340348658,0.05621177354367723]
2009-08-01T00:00:00.000Z,0,154.0,6.77157,-71.34153,[0.30697005942524846,0.9509147705503939,0.03912137223502227]
2009-08-01T00:00:00.000Z,0,97.0,-2.22843,-70.84153,[0.2909959928744851,0.956288358263098,0.028877464941742797]
2009-08-01T00:00:00.000Z,2,137.0,-1.72843,-70.84153,[0.29294486076990944,0.9559841830468419,0.016659841318594087]
2009-08-01T00:00:00.000Z,2,114.0,-1.22843,-70.84153,[0.28898132431379936,0.9573203716650188,0.0052440626419878655]
2009-08-01T00:00:00.000Z,2,155.0,-0.72843,-70.84153,[0.28991128639718244,0.9570430496895407,0.004477394384512471]
2009-08-01T00:00:00.000Z,2,183.0,-0.22843,-70.84153,[0.28885828399916336,0.9572629179042041,0.01444291419995817]
2009-08-01T00:00:00.000Z,2,193.0,0.27157,-70.84153,[0.2871437690391355,0.9575183271071562,0.02659152413669815]
2009-08-01T00:00:00.000Z,0,250.0,0.77157,-70.84153,[0.2888716031751747,0.9565359311364733,0.03990249771485876]
2009-08-01T00:00:00.000Z,0,316.0,1.27157,-70.84153,[0.28610509719538435,0.9566639187470662,0.05420350474209429]
2009-08-01T00:00:00.000Z,9,186.0,1.77157,-70.84153,[0.2891154511624216,0.9547533503503225,0.06970147698566907]
2009-08-01T00:00:00.000Z,9,191.0,2.27157,-70.84153,[0.29084448053951567,0.9533859613052079,0.08040333902173484]
2009-08-01T00:00:00.000Z,9,160.0,2.77157,-70.84153,[0.293959935943532,0.9517093711581781,0.08852586576690273]
2009-08-01T00:00:00.000Z,9,240.0,3.27157,-70.84153,[0.29813252966860526,0.9499431933927422,0.09340730207107634]
2009-08-01T00:00:00.000Z,9,186.0,3.77157,-70.84153,[0.2938119554462926,0.9512302772111771,0.09399731141672579]
2009-08-01T00:00:00.000Z,9,176.0,4.27157,-70.84153,[0.29452789843093446,0.9510328323380556,0.09375430049290051]
2009-08-01T00:00:00.000Z,9,146.0,4.77157,-70.84153,[0.29087121614701517,0.9525477231074008,0.0897037949033543]
2009-08-01T00:00:00.000Z,9,123.0,5.27157,-70.84153,[0.2899705584326624,0.9533880481801172,0.08347637288213008]
2009-08-01T00:00:00.000Z,9,120.0,5.77157,-70.84153,[0.28499845910725013,0.9557743001239339,0.07260417019082038]
2009-08-01T00:00:00.000Z,0,126.0,6.27157,-70.84153,[0.2835732800708191,0.9574641547638303,0.05337215727568649]
2009-08-01T00:00:00.000Z,0,122.0,6.77157,-70.84153,[0.2948063265969134,0.954820490619854,0.03751080498863712]
2009-08-01T00:00:00.000Z,0,97.0,-3.72843,-70.34153,[0.2870189239409639,0.9567297464698797,0.04783648732349399]
2009-08-01T00:00:00.000Z,2,132.0,-2.22843,-70.34153,[0.28574898249154074,0.957970726743671,0.025290427186032916]
2009-08-01T00:00:00.000Z,2,129.0,-1.72843,-70.34153,[0.28763231124738303,0.9576723313179152,0.011461210869627524]
2009-08-01T00:00:00.000Z,2,144.0,-1.22843,-70.34153,[0.2843094673081862,0.9587179711555116,0.00528947846154765]
2009-08-01T00:00:00.000Z,2,134.0,-0.72843,-70.34153,[0.2861262641206492,0.958190279845895,0.0017744264441590647]
2009-08-01T00:00:00.000Z,2,170.0,-0.22843,-70.34153,[0.28703000553726404,0.9578792045255207,0.009011407150588523]
2009-08-01T00:00:00.000Z,2,177.0,0.27157,-70.34153,[0.28700483001915994,0.9577951885523127,0.01601887423362753]
2009-08-01T00:00:00.000Z,2,190.0,0.77157,-70.34153,[0.2862308303241467,0.9578152298784676,0.025727362569991398]
2009-08-01T00:00:00.000Z,0,195.0,1.27157,-70.34153,[0.2886034070797226,0.9564182676479179,0.04440912891885654]
2009-08-01T00:00:00.000Z,0,216.0,1.77157,-70.34153,[0.28742507846688203,0.9558554935061425,0.061049977906919135]
2009-08-01T00:00:00.000Z,9,168.0,2.27157,-70.34153,[0.2871436343877475,0.9549195283127416,0.0753473800312035]
2009-08-01T00:00:00.000Z,9,193.0,2.77157,-70.34153,[0.29466096828705807,0.9514625159192791,0.08884815455983813]
2009-08-01T00:00:00.000Z,7,177.0,3.27157,-70.34153,[0.29613624725173493,0.9503383752108908,0.09570943352242384]
2009-08-01T00:00:00.000Z,9,174.0,3.77157,-70.34153,[0.2918425783635854,0.9515633493770541,0.0967217740553645]
2009-08-01T00:00:00.000Z,9,118.0,4.27157,-70.34153,[0.28906380021891664,0.9524707593420241,0.09613309524521824]
2009-08-01T00:00:00.000Z,9,116.0,4.77157,-70.34153,[0.2805932647472126,0.9555338204905077,0.09067820949552777]
2009-08-01T00:00:00.000Z,9,124.0,5.27157,-70.34153,[0.28053767842647515,0.9561837665451998,0.08373300172881817]
2009-08-01T00:00:00.000Z,9,105.0,5.77157,-70.34153,[0.27650191136227575,0.958258532507429,0.07271367058343817]
2009-08-01T00:00:00.000Z,0,104.0,6.27157,-70.34153,[0.26777145432633925,0.9619174551569265,0.05489314813689955]
2009-08-01T00:00:00.000Z,0,109.0,6.77157,-70.34153,[0.28050015778574694,0.9589929922788177,0.040646060599896915]
2009-08-01T00:00:00.000Z,0,140.0,-3.72843,-69.84153,[0.287829300485992,0.9565454948481839,0.04663700319904606]
2009-08-01T00:00:00.000Z,0,128.0,-3.22843,-69.84153,[0.2878106715614182,0.9568347231909791,0.04040210181918777]
2009-08-01T00:00:00.000Z,0,61.0,-2.72843,-69.84153,[0.28313918957990897,0.9585666456388523,0.03133983396113497]
2009-08-01T00:00:00.000Z,8,111.0,-2.22843,-69.84153,[0.2790666350440813,0.9600323236458549,0.02144179937211281]
2009-08-01T00:00:00.000Z,8,145.0,-1.72843,-69.84153,[0.2808613085635283,0.9596998381417859,0.009651218711256378]
2009-08-01T00:00:00.000Z,8,68.0,-1.22843,-69.84153,[0.28263473450615584,0.9592120912390387,0.005456269005910345]
2009-08-01T00:00:00.000Z,8,122.0,-0.72843,-69.84153,[0.2825220051218718,0.959260761576588,3.2851395944403697E-4]
2009-08-01T00:00:00.000Z,2,188.0,0.77157,-69.84153,[0.28962977801523726,0.9568922281349571,0.021722233351142796]
2009-08-01T00:00:00.000Z,0,195.0,1.77157,-69.84153,[0.2858470004405074,0.9572550712426295,0.04420657099835754]
2009-08-01T00:00:00.000Z,0,182.0,2.27157,-69.84153,[0.2908095034953212,0.9548802471091582,0.060278904747497614]
2009-08-01T00:00:00.000Z,9,180.0,2.77157,-69.84153,[0.29040548657831844,0.9535536475004556,0.08000059189647929]
2009-08-01T00:00:00.000Z,9,198.0,3.27157,-69.84153,[0.2875047283400222,0.953188753188843,0.09366019419384572]
2009-08-01T00:00:00.000Z,9,149.0,3.77157,-69.84153,[0.28738288796485667,0.9527848054834864,0.09804177754801072]
2009-08-01T00:00:00.000Z,9,188.0,4.27157,-69.84153,[0.2803351246916477,0.9550952504029392,0.09594415314059104]
2009-08-01T00:00:00.000Z,9,143.0,4.77157,-69.84153,[0.2760792561835565,0.9566467249151144,0.09277547097331142]
2009-08-01T00:00:00.000Z,9,100.0,5.27157,-69.84153,[0.2670593785334024,0.9597446416044149,0.087002938162835]
2009-08-01T00:00:00.000Z,9,112.0,5.77157,-69.84153,[0.26107370606168534,0.9623893478352322,0.07514827460755963]
2009-08-01T00:00:00.000Z,0,98.0,6.27157,-69.84153,[0.26391225716671435,0.962923100473147,0.05594124678939235]
2009-08-01T00:00:00.000Z,2,169.0,0.77157,-69.34153,[0.287807104350284,0.957512097165368,0.018375376662364287]
2009-08-01T00:00:00.000Z,0,182.0,1.77157,-69.34153,[0.28515314763223626,0.9578503414673574,0.0347908859659408]
2009-08-01T00:00:00.000Z,0,167.0,2.27157,-69.34153,[0.289185181594133,0.9561946809032059,0.0454275572619136]
2009-08-01T00:00:00.000Z,9,128.0,2.77157,-69.34153,[0.2887954027334817,0.9549058718735429,0.06893468808542495]
2009-08-01T00:00:00.000Z,9,182.0,3.27157,-69.34153,[0.28827677810076124,0.9531910325707162,0.09123242096215661]
2009-08-01T00:00:00.000Z,9,123.0,3.77157,-69.34153,[0.2830578846623523,0.954090862201674,0.09792272766697595]
2009-08-01T00:00:00.000Z,9,172.0,4.27157,-69.34153,[0.27957232048527686,0.9552953808087646,0.09617719596617054]
2009-08-01T00:00:00.000Z,9,142.0,4.77157,-69.34153,[0.27433073679230263,0.9569676864847766,0.09463347121905014]
2009-08-01T00:00:00.000Z,9,117.0,5.27157,-69.34153,[0.2687265464381183,0.9588414127772548,0.09170162693627616]
2009-08-01T00:00:00.000Z,9,83.0,5.77157,-69.34153,[0.26419417340531504,0.9611733546068855,0.07966944917864559]
2009-08-01T00:00:00.000Z,0,139.0,1.77157,-68.84153,[0.2868088717008102,0.9575003870627048,0.030556175946586318]
2009-08-01T00:00:00.000Z,0,178.0,2.27157,-68.84153,[0.2850942327850393,0.9576524421736842,0.04028744756730671]
2009-08-01T00:00:00.000Z,0,155.0,2.77157,-68.84153,[0.2880014907899819,0.9555911533491352,0.06245549570388113]
2009-08-01T00:00:00.000Z,9,154.0,3.27157,-68.84153,[0.2882132507791149,0.953743848952262,0.08547392971579094]
2009-08-01T00:00:00.000Z,9,118.0,3.77157,-68.84153,[0.28449219590416275,0.9537573617476719,0.09701074879490607]
2009-08-01T00:00:00.000Z,9,168.0,4.27157,-68.84153,[0.2842877793999788,0.9537746492083259,0.09743909385541258]
2009-08-01T00:00:00.000Z,9,130.0,4.77157,-68.84153,[0.27921861311532525,0.9553341820382584,0.09681718194228711]
2009-08-01T00:00:00.000Z,9,118.0,5.27157,-68.84153,[0.27100359515223105,0.9579661968171889,0.09411597723116241]
2009-08-01T00:00:00.000Z,9,76.0,5.77157,-68.84153,[0.2770643222240141,0.9570351588272242,0.08555154071726237]
2009-08-01T00:00:00.000Z,8,140.0,1.77157,-68.34153,[0.28153123737783986,0.959170378508222,0.02706191739135825]
2009-08-01T00:00:00.000Z,0,115.0,2.27157,-68.34153,[0.27827500724158694,0.9598313726340673,0.03587138765223581]
2009-08-01T00:00:00.000Z,0,126.0,2.77157,-68.34153,[0.2856457799898666,0.9569133629660531,0.05218528672891794]
2009-08-01T00:00:00.000Z,9,132.0,3.27157,-68.34153,[0.28438068267155153,0.9559566025189848,0.07262645126688855]
2009-08-01T00:00:00.000Z,9,110.0,3.77157,-68.34153,[0.28873813817851474,0.952945642353425,0.09233033239852886]
2009-08-01T00:00:00.000Z,9,121.0,4.27157,-68.34153,[0.29119274809424184,0.9515959239608054,0.09834623001673451]
2009-08-01T00:00:00.000Z,7,109.0,4.77157,-68.34153,[0.29184851634572867,0.9512506153073187,0.09973319599934863]
2009-08-01T00:00:00.000Z,9,89.0,5.27157,-68.34153,[0.28866667164735227,0.9523813295638024,0.0981904057345918]
2009-08-01T00:00:00.000Z,9,65.0,5.77157,-68.34153,[0.2955301599608042,0.9505484995754224,0.09549593974852852]
2009-08-01T00:00:00.000Z,0,136.0,2.27157,-67.84153,[0.28149142073350053,0.9590347241269263,0.031858718935729516]
2009-08-01T00:00:00.000Z,0,120.0,2.77157,-67.84153,[0.28326181303517195,0.9580592595320874,0.04341889566600898]
2009-08-01T00:00:00.000Z,9,103.0,3.27157,-67.84153,[0.28769059305564393,0.9553084578565276,0.0679696477486426]
2009-08-01T00:00:00.000Z,9,95.0,3.77157,-67.84153,[0.2922551972716725,0.9520434456577211,0.09055483006372277]
2009-08-01T00:00:00.000Z,9,110.0,4.27157,-67.84153,[0.2922760113703883,0.9512861814944956,0.09812917035743454]
2009-08-01T00:00:00.000Z,7,101.0,4.77157,-67.84153,[0.29834549164423757,0.9490764130418575,0.10121230075025267]
2009-08-01T00:00:00.000Z,7,80.0,5.77157,-67.84153,[0.3104937943449372,0.9451796386676764,0.10113878742265232]
2009-08-01T00:00:00.000Z,7,54.0,6.27157,-67.84153,[0.3096032568077972,0.9468230508194817,0.08758957592598773]
2009-08-01T00:00:00.000Z,0,114.0,2.27157,-67.34153,[0.28754120643577047,0.9573689976731209,0.02765243019746298]
