2007-12-01T00:00:00.000Z,8,10.0,1.77157,-78.84153,[0.2631987114595057,0.964699409357775,0.009027063244272302]
2007-12-01T00:00:00.000Z,8,235.0,1.27157,-78.34153,[0.26917175316675146,0.9630612316171066,0.007722140459701886]
2007-12-01T00:00:00.000Z,8,57.0,1.77157,-78.34153,[0.265850767824083,0.9639792069068375,0.00821327575391476]
2007-12-01T00:00:00.000Z,1,1772.0,1.27157,-77.84153,[0.23744551690456192,0.9713680237004806,0.007986803750426173]
2007-12-01T00:00:00.000Z,8,528.0,1.77157,-77.84153,[0.26668389656867814,0.9637479026404671,0.008347422778775699]
2007-12-01T00:00:00.000Z,8,116.0,2.27157,-77.84153,[0.2628416264865953,0.9648082193122416,0.007705798688161229]
2007-12-01T00:00:00.000Z,1,167.0,7.27157,-77.84153,[0.22998945338818594,0.9730323027961714,0.017691496414475844]
2007-12-01T00:00:00.000Z,11,2201.0,0.77157,-77.34153,[0.15563399662798708,0.9877994479857956,0.0055054202888811755]
2007-12-01T00:00:00.000Z,1,2447.0,1.27157,-77.34153,[0.19611073574852933,0.9805536787426467,0.007420406217511921]
2007-12-01T00:00:00.000Z,11,1706.0,1.77157,-77.34153,[0.17932951898899807,0.9837505041682181,0.008710290922322764]
2007-12-01T00:00:00.000Z,8,2096.0,2.27157,-77.34153,[0.24504055416059078,0.969461755761988,0.009951428618748884]
2007-12-01T00:00:00.000Z,8,57.0,2.77157,-77.34153,[0.26068171173842014,0.9653700788361819,0.010278913023832013]
2007-12-01T00:00:00.000Z,8,74.0,3.27157,-77.34153,[0.2539185636609797,0.9671613583347072,0.011147644258286913]
2007-12-01T00:00:00.000Z,8,28.0,4.27157,-77.34153,[0.24906048460645902,0.9681222062928487,0.026613317911577273]
2007-12-01T00:00:00.000Z,1,14.0,5.27157,-77.34153,[0.23507627059146025,0.9715185290833792,0.02984785842364599]
2007-12-01T00:00:00.000Z,8,499.0,6.27157,-77.34153,[0.2480853560462459,0.9683331639224437,0.028009636972963246]
2007-12-01T00:00:00.000Z,8,695.0,6.77157,-77.34153,[0.25770736733500094,0.9658953295390588,0.025161979172866236]
2007-12-01T00:00:00.000Z,8,345.0,7.27157,-77.34153,[0.2560364064656761,0.9664615342874335,0.01993643164969889]
2007-12-01T00:00:00.000Z,8,279.0,0.27157,-76.84153,[0.24970759384929866,0.9682984425247914,0.006651599661487869]
2007-12-01T00:00:00.000Z,11,485.0,0.77157,-76.84153,[0.17222359552560257,0.9850349548964343,0.0067209208009991256]
2007-12-01T00:00:00.000Z,11,3335.0,1.27157,-76.84153,[0.13492574150930908,0.9908287277248499,0.0073127691963060645]
2007-12-01T00:00:00.000Z,11,2008.0,1.77157,-76.84153,[0.13800594272099864,0.9903955889389314,0.00842242150429624]
2007-12-01T00:00:00.000Z,11,1013.0,2.27157,-76.84153,[0.17670668916067026,0.9842151640460587,0.009759962482711437]
2007-12-01T00:00:00.000Z,1,2856.0,2.77157,-76.84153,[0.2180473224246684,0.9758686537927561,0.011650567717788655]
2007-12-01T00:00:00.000Z,1,1911.0,3.27157,-76.84153,[0.22890091063503107,0.9733636854106461,0.01294252812469101]
2007-12-01T00:00:00.000Z,8,794.0,3.77157,-76.84153,[0.24797042996367705,0.968667466836832,0.01392855181072569]
2007-12-01T00:00:00.000Z,8,70.0,4.27157,-76.84153,[0.2578930453464458,0.9660590287372909,0.014870445759895864]
2007-12-01T00:00:00.000Z,8,24.0,4.77157,-76.84153,[0.25616573534113396,0.9662571537067572,0.026948635357887288]
2007-12-01T00:00:00.000Z,8,133.0,5.27157,-76.84153,[0.25363548541677366,0.9668584704087412,0.029218807920012326]
2007-12-01T00:00:00.000Z,8,76.0,5.77157,-76.84153,[0.2497809864776685,0.9677749152191448,0.031955786124268526]
2007-12-01T00:00:00.000Z,8,38.0,6.27157,-76.84153,[0.24360440026638722,0.969405164846076,0.030174866041227388]
2007-12-01T00:00:00.000Z,8,20.0,6.77157,-76.84153,[0.26336938261776954,0.9643213581452184,0.02684933005675316]
2007-12-01T00:00:00.000Z,8,15.0,7.27157,-76.84153,[0.26488008349021547,0.9640403038655517,0.021560006795715212]
2007-12-01T00:00:00.000Z,8,8.0,7.77157,-76.84153,[0.2822509647738044,0.9592288426899217,0.014643095164956767]
2007-12-01T00:00:00.000Z,1,294.0,0.77157,-76.34153,[0.23592657568567504,0.9717158505409996,0.010341986879372057]
2007-12-01T00:00:00.000Z,11,1412.0,1.27157,-76.34153,[0.16422739262433714,0.9863844016629442,0.008670390293831463]
2007-12-01T00:00:00.000Z,11,2388.0,1.77157,-76.34153,[0.1182806953240437,0.9929353107465774,0.00944170462674384]
2007-12-01T00:00:00.000Z,11,3852.0,2.27157,-76.34153,[0.1237765676538655,0.9922584349111531,0.010127173717134449]
2007-12-01T00:00:00.000Z,11,2450.0,2.77157,-76.34153,[0.179052906974126,0.9837619486624395,0.012348476343043174]
2007-12-01T00:00:00.000Z,1,990.0,3.27157,-76.34153,[0.1904573163284121,0.9815877072310468,0.014545915917389712]
2007-12-01T00:00:00.000Z,1,962.0,3.77157,-76.34153,[0.21262366919938783,0.9770057599711871,0.01584046335535439]
2007-12-01T00:00:00.000Z,11,1899.0,4.27157,-76.34153,[0.18304542531966364,0.9829842729873649,0.01537177052408225]
2007-12-01T00:00:00.000Z,1,1358.0,4.77157,-76.34153,[0.21200103917089383,0.9770482674832499,0.020790440073280892]
2007-12-01T00:00:00.000Z,1,407.0,5.27157,-76.34153,[0.19316629598371166,0.9807670182678143,0.02797924184093968]
2007-12-01T00:00:00.000Z,11,480.0,5.77157,-76.34153,[0.18382944895718037,0.9824003885131036,0.03310906741970721]
2007-12-01T00:00:00.000Z,11,1095.0,6.27157,-76.34153,[0.18349330793983015,0.9825144319317891,0.0315530820531454]
2007-12-01T00:00:00.000Z,1,1485.0,6.77157,-76.34153,[0.20812695004267462,0.9777126490376808,0.027588921284726637]
2007-12-01T00:00:00.000Z,8,827.0,7.27157,-76.34153,[0.24673631692929898,0.9688177015754514,0.022659457677180517]
2007-12-01T00:00:00.000Z,8,201.0,7.77157,-76.34153,[0.27384927380384083,0.9616322576265641,0.01643095642823045]
2007-12-01T00:00:00.000Z,8,165.0,8.27157,-76.34153,[0.2814105000832874,0.9595463292313596,0.00888664737105118]
2007-12-01T00:00:00.000Z,2,99.0,8.77157,-76.34153,[0.2891356074123673,0.9572879286611713,6.497429380053198E-4]
2007-12-01T00:00:00.000Z,8,267.0,0.27157,-75.84153,[0.2760081742772088,0.9610405104351007,0.014853451949054613]
2007-12-01T00:00:00.000Z,8,241.0,0.77157,-75.84153,[0.26632353401999165,0.963785575982183,0.013752772658409407]
2007-12-01T00:00:00.000Z,1,250.0,1.27157,-75.84153,[0.20908275021308714,0.977831447966256,0.011404513647986572]
2007-12-01T00:00:00.000Z,1,1712.0,1.77157,-75.84153,[0.2135226734542598,0.9768662310532386,0.01185050837671142]
2007-12-01T00:00:00.000Z,11,1262.0,2.27157,-75.84153,[0.18207667502171537,0.9832140451172631,0.011756951015687906]
2007-12-01T00:00:00.000Z,11,2705.0,2.77157,-75.84153,[0.14533716564647073,0.9892950516763215,0.01313046117219839]
2007-12-01T00:00:00.000Z,11,1867.0,3.27157,-75.84153,[0.12414098582595519,0.9921503985302719,0.01505331639149378]
2007-12-01T00:00:00.000Z,11,3782.0,3.77157,-75.84153,[0.1466710327929588,0.9890384508606275,0.017045552459722238]
2007-12-01T00:00:00.000Z,1,2035.0,4.27157,-75.84153,[0.1972902861447701,0.980188247036715,0.017536914323979566]
2007-12-01T00:00:00.000Z,1,1185.0,4.77157,-75.84153,[0.1988585840678224,0.9798679453290108,0.01772211215526707]
2007-12-01T00:00:00.000Z,1,1530.0,5.27157,-75.84153,[0.20974695195476983,0.9774207961092274,0.025589128138481916]
2007-12-01T00:00:00.000Z,1,1704.0,5.77157,-75.84153,[0.1992233774838008,0.9792514163092645,0.03710403644142746]
2007-12-01T00:00:00.000Z,11,488.0,6.27157,-75.84153,[0.1630368888690546,0.9860314835793124,0.03407178096724555]
2007-12-01T00:00:00.000Z,11,896.0,6.77157,-75.84153,[0.17138530469194815,0.9847553418763871,0.029732036283575538]
2007-12-01T00:00:00.000Z,1,2421.0,7.27157,-75.84153,[0.22408538162907193,0.9742842679524866,0.023577679284450176]
2007-12-01T00:00:00.000Z,8,131.0,7.77157,-75.84153,[0.28378641312259256,0.9587091559422415,0.018493946023719513]
2007-12-01T00:00:00.000Z,8,43.0,8.27157,-75.84153,[0.28323986603223467,0.958984415330113,0.011138646416997994]
2007-12-01T00:00:00.000Z,2,10.0,8.77157,-75.84153,[0.29257253845916253,0.9562389216551307,0.0029042126979402167]
2007-12-01T00:00:00.000Z,2,155.0,9.27157,-75.84153,[0.2992158169480767,0.9541659940455335,0.006095137011905267]
2007-12-01T00:00:00.000Z,8,228.0,0.27157,-75.34153,[0.28369665930825394,0.9587377221682098,0.018389822974922386]
2007-12-01T00:00:00.000Z,8,189.0,0.77157,-75.34153,[0.27830502471320023,0.9602077745084916,0.023395362635253086]
2007-12-01T00:00:00.000Z,8,244.0,1.27157,-75.34153,[0.26591373864769924,0.9636625983224472,0.025382675052734924]
2007-12-01T00:00:00.000Z,1,1357.0,1.77157,-75.34153,[0.1964748161656473,0.9802949822444731,0.020479121050070118]
2007-12-01T00:00:00.000Z,1,2437.0,2.27157,-75.34153,[0.2266485548126126,0.9738296757020388,0.016917308397496444]
2007-12-01T00:00:00.000Z,8,485.0,2.77157,-75.34153,[0.2635526092094427,0.9644903996600881,0.017271107156703904]
2007-12-01T00:00:00.000Z,8,694.0,3.27157,-75.34153,[0.26559877668341847,0.9639022270469061,0.018702580524790714]
2007-12-01T00:00:00.000Z,1,442.0,3.77157,-75.34153,[0.2122989434441775,0.9769873708013604,0.020611547907201697]
2007-12-01T00:00:00.000Z,11,2270.0,4.27157,-75.34153,[0.10271019896600549,0.9945112534496877,0.019949480953012605]
2007-12-01T00:00:00.000Z,11,4229.0,4.77157,-75.34153,[0.13658257572475052,0.9904624547312327,0.01814733523615566]
2007-12-01T00:00:00.000Z,11,3209.0,5.27157,-75.34153,[0.1564758858301539,0.9874503105803499,0.02138179806374774]
2007-12-01T00:00:00.000Z,11,1992.0,5.77157,-75.34153,[0.17596163662695663,0.9837855138688939,0.03469243631224656]
2007-12-01T00:00:00.000Z,11,2185.0,6.27157,-75.34153,[0.1797951408588783,0.9830103896958237,0.03693617567644347]
2007-12-01T00:00:00.000Z,1,2092.0,6.77157,-75.34153,[0.21204104339805885,0.9767320460598365,0.03214196811690032]
2007-12-01T00:00:00.000Z,8,869.0,7.27157,-75.34153,[0.26840344766820057,0.9629742015576661,0.025303683806887613]
2007-12-01T00:00:00.000Z,2,83.0,7.77157,-75.34153,[0.2917023601839299,0.9563135984051915,0.01933997333087594]
2007-12-01T00:00:00.000Z,2,30.0,8.27157,-75.34153,[0.29603568473796266,0.9550932310524052,0.01264093982275242]
2007-12-01T00:00:00.000Z,2,74.0,8.77157,-75.34153,[0.2974617694326278,0.954721046745162,0.004921242508995681]
2007-12-01T00:00:00.000Z,2,180.0,9.27157,-75.34153,[0.28823741057561236,0.9575527459946374,0.003454530763453032]
2007-12-01T00:00:00.000Z,2,136.0,9.77157,-75.34153,[0.2984401576885699,0.9543525921689433,0.012025061298806847]
2007-12-01T00:00:00.000Z,2,79.0,10.27157,-75.34153,[0.2948678421524072,0.9553282856450681,0.020020547216252]
2007-12-01T00:00:00.000Z,8,205.0,0.27157,-74.84153,[0.2815686251183808,0.9593365804428627,0.019809966510305053]
2007-12-01T00:00:00.000Z,8,239.0,0.77157,-74.84153,[0.27811802168779787,0.960169360588826,0.02692888781421535]
2007-12-01T00:00:00.000Z,8,226.0,1.27157,-74.84153,[0.27810524301856626,0.9601252437545741,0.02858303886579709]
2007-12-01T00:00:00.000Z,8,258.0,1.77157,-74.84153,[0.26665368595398015,0.9634647583028583,0.02512909221541624]
2007-12-01T00:00:00.000Z,1,576.0,2.27157,-74.84153,[0.1883868334547429,0.9818639852342309,0.02129590291227529]
2007-12-01T00:00:00.000Z,1,1998.0,2.77157,-74.84153,[0.19885130417824465,0.9798320739560138,0.019679066890178617]
2007-12-01T00:00:00.000Z,1,2106.0,3.27157,-74.84153,[0.20053098162398283,0.9794779604950318,0.02025463683739726]
2007-12-01T00:00:00.000Z,8,361.0,3.77157,-74.84153,[0.2747765412705286,0.961161666630513,0.025808970678041547]
2007-12-01T00:00:00.000Z,8,289.0,4.27157,-74.84153,[0.2580490107290644,0.9657783650492833,0.026131545390285]
2007-12-01T00:00:00.000Z,8,277.0,4.77157,-74.84153,[0.2649506548928215,0.9639464883295742,0.024664105679047206]
2007-12-01T00:00:00.000Z,8,325.0,5.27157,-74.84153,[0.27476260682702197,0.9611345662937463,0.026941703081871417]
2007-12-01T00:00:00.000Z,8,379.0,5.77157,-74.84153,[0.25127869299201994,0.967166561189693,0.03805077351022016]
2007-12-01T00:00:00.000Z,1,978.0,6.27157,-74.84153,[0.22484298052800802,0.9736678635038956,0.037636759784036126]
2007-12-01T00:00:00.000Z,1,1143.0,6.77157,-74.84153,[0.24263592204399484,0.969553337473759,0.033077713454160926]
2007-12-01T00:00:00.000Z,8,322.0,7.27157,-74.84153,[0.2650918378059872,0.9638779849727275,0.025798209502958143]
2007-12-01T00:00:00.000Z,2,55.0,7.77157,-74.84153,[0.2941761828137579,0.9555357762928633,0.0202917147999271]
2007-12-01T00:00:00.000Z,2,27.0,8.27157,-74.84153,[0.3011029168169699,0.9534925699204047,0.013746002724252974]
2007-12-01T00:00:00.000Z,2,14.0,8.77157,-74.84153,[0.30625339738401025,0.9519284301358585,0.006412526010206712]
2007-12-01T00:00:00.000Z,2,48.0,9.27157,-74.84153,[0.305257070915724,0.9522693407914432,0.0011060038801294348]
2007-12-01T00:00:00.000Z,2,15.0,9.77157,-74.84153,[0.3131720188911983,0.949654719155684,0.008899492623167147]
2007-12-01T00:00:00.000Z,2,5.0,10.27157,-74.84153,[0.3051769546552626,0.9521520985244193,0.01653504227041241]
2007-12-01T00:00:00.000Z,2,171.0,-0.72843,-74.34153,[0.30608427417074124,0.952003559968313,0.0012802003862654576]
2007-12-01T00:00:00.000Z,2,219.0,-0.22843,-74.34153,[0.29222776886444873,0.956278418735414,0.011598144912129873]
2007-12-01T00:00:00.000Z,2,201.0,0.27157,-74.34153,[0.28573758348381173,0.9580613093280747,0.021738467135631167]
2007-12-01T00:00:00.000Z,0,242.0,0.77157,-74.34153,[0.2847487461792845,0.9580957812620631,0.03115486281726289]
2007-12-01T00:00:00.000Z,0,251.0,1.27157,-74.34153,[0.28546313639292703,0.9578626334434545,0.03178007573124383]
2007-12-01T00:00:00.000Z,2,298.0,1.77157,-74.34153,[0.2864355050519855,0.9577687200175765,0.025174995561209664]
2007-12-01T00:00:00.000Z,8,313.0,2.27157,-74.34153,[0.280360832953685,0.9594818944510576,0.02814778083837794]
2007-12-01T00:00:00.000Z,1,364.0,2.77157,-74.34153,[0.23742420796345018,0.9710864001387963,0.024918847052019775]
2007-12-01T00:00:00.000Z,11,899.0,3.27157,-74.34153,[0.12133977130045044,0.992246194344006,0.02691002992550312]
2007-12-01T00:00:00.000Z,11,3444.0,3.77157,-74.34153,[0.1149199140003927,0.9930259235418549,0.026323535856500213]
2007-12-01T00:00:00.000Z,11,2263.0,4.27157,-74.34153,[0.1384094393396534,0.9900119619433543,0.026816828872057847]
2007-12-01T00:00:00.000Z,11,2655.0,4.77157,-74.34153,[0.17505497798995362,0.9841979873657393,0.026647257760692943]
2007-12-01T00:00:00.000Z,8,1104.0,5.27157,-74.34153,[0.24413879019591372,0.9693443104403157,0.02771026774797502]
2007-12-01T00:00:00.000Z,0,744.0,5.77157,-74.34153,[0.2728616380127752,0.9612644728465324,0.03895047809800684]
2007-12-01T00:00:00.000Z,0,119.0,6.27157,-74.34153,[0.2840587760743803,0.9580432521475409,0.038258838843966345]
2007-12-01T00:00:00.000Z,1,97.0,6.77157,-74.34153,[0.23825983663473665,0.9707611525696296,0.029240979950626775]
2007-12-01T00:00:00.000Z,1,575.0,7.27157,-74.34153,[0.22691434014652312,0.9735982799449113,0.024824816699790565]
2007-12-01T00:00:00.000Z,8,1234.0,7.77157,-74.34153,[0.26650831252874,0.9636104476529345,0.020693586619878638]
2007-12-01T00:00:00.000Z,2,715.0,8.27157,-74.34153,[0.29743150075743036,0.9546238976516056,0.015090274670781393]
2007-12-01T00:00:00.000Z,2,14.0,8.77157,-74.34153,[0.3131735390671779,0.949659328897953,0.008336274061500419]
2007-12-01T00:00:00.000Z,2,37.0,9.27157,-74.34153,[0.3242345564538736,0.945974655747144,0.0019756227454178683]
2007-12-01T00:00:00.000Z,2,95.0,9.77157,-74.34153,[0.3214215976753254,0.9469219010650773,0.005202867588269655]
2007-12-01T00:00:00.000Z,2,119.0,10.27157,-74.34153,[0.29945673141357776,0.9540312967339634,0.012245442548510616]
2007-12-01T00:00:00.000Z,8,5.0,10.77157,-74.34153,[0.2770480573574617,0.9606585078289219,0.019483460944244257]
2007-12-01T00:00:00.000Z,2,156.0,-1.22843,-73.84153,[0.31234666242826364,0.9499565785882154,0.004696942292154341]
2007-12-01T00:00:00.000Z,2,195.0,-0.72843,-73.84153,[0.30334253151104945,0.9528660436396706,0.005441640832450124]
2007-12-01T00:00:00.000Z,2,174.0,-0.22843,-73.84153,[0.29053978033755584,0.9567384172834358,0.015434925830432655]
2007-12-01T00:00:00.000Z,2,241.0,0.27157,-73.84153,[0.28860214483853647,0.9571219569059275,0.025027217247716834]
2007-12-01T00:00:00.000Z,0,232.0,0.77157,-73.84153,[0.28892622618664365,0.9567168034429329,0.03485102339216324]
2007-12-01T00:00:00.000Z,0,267.0,1.27157,-73.84153,[0.28959912830774776,0.9563506097604693,0.03906220800430086]
2007-12-01T00:00:00.000Z,8,265.0,1.77157,-73.84153,[0.26931903625819853,0.9623228978494166,0.0374419147968715]
2007-12-01T00:00:00.000Z,8,554.0,2.27157,-73.84153,[0.24718297988199092,0.9684008519186225,0.03317174188892519]
2007-12-01T00:00:00.000Z,0,995.0,2.77157,-73.84153,[0.2749204783309371,0.9605655266984549,0.04162450615693304]
2007-12-01T00:00:00.000Z,8,363.0,3.27157,-73.84153,[0.25473982494684677,0.9658433362878318,0.04747916737307187]
2007-12-01T00:00:00.000Z,11,545.0,3.77157,-73.84153,[0.17850357607599812,0.9827838932820578,0.04766856861120405]
2007-12-01T00:00:00.000Z,11,1499.0,4.27157,-73.84153,[0.12389834367905352,0.9911867494324281,0.04688313324815385]
2007-12-01T00:00:00.000Z,11,3610.0,4.77157,-73.84153,[0.11405763978944465,0.9923989513303817,0.04620796688905707]
2007-12-01T00:00:00.000Z,11,2585.0,5.27157,-73.84153,[0.13853197019253669,0.9893803546858869,0.04399326080438665]
2007-12-01T00:00:00.000Z,1,2622.0,5.77157,-73.84153,[0.2176718522926449,0.9750506260232176,0.04353437045852898]
2007-12-01T00:00:00.000Z,8,616.0,6.27157,-73.84153,[0.2746036453494328,0.961112758723015,0.029242143913164795]
2007-12-01T00:00:00.000Z,2,101.0,6.77157,-73.84153,[0.29915797235494707,0.9538370133056282,0.02644729900529242]
2007-12-01T00:00:00.000Z,2,89.0,7.27157,-73.84153,[0.2959679580347172,0.9548747259222264,0.024844025674447066]
2007-12-01T00:00:00.000Z,2,59.0,7.77157,-73.84153,[0.291440046423781,0.9563551153017406,0.021156388555207805]
2007-12-01T00:00:00.000Z,2,38.0,8.27157,-73.84153,[0.29829808522592816,0.9543337265346113,0.01629081793853777]
2007-12-01T00:00:00.000Z,4,29.0,8.77157,-73.84153,[0.3259719847752671,0.9453187558482746,0.010710508071187348]
2007-12-01T00:00:00.000Z,4,52.0,9.27157,-73.84153,[0.35301173615916226,0.9356045314987587,0.005184088433106578]
2007-12-01T00:00:00.000Z,2,46.0,9.77157,-73.84153,[0.2903295374955239,0.956926155585247,0.0010451863349838861]
2007-12-01T00:00:00.000Z,11,931.0,10.27157,-73.84153,[0.13023393223358096,0.9914583228104873,0.007036833435201552]
2007-12-01T00:00:00.000Z,8,2665.0,10.77157,-73.84153,[0.26767324041135526,0.96340244792682,0.014379141013833134]
2007-12-01T00:00:00.000Z,2,139.0,-1.72843,-73.34153,[0.3109710428800919,0.9503834119481461,0.008269267432391958]
2007-12-01T00:00:00.000Z,2,199.0,-1.22843,-73.34153,[0.3064958433891685,0.9518719966388139,0.0]
2007-12-01T00:00:00.000Z,2,223.0,-0.72843,-73.34153,[0.3040481607963454,0.9526071653847475,0.009711043918970727]
2007-12-01T00:00:00.000Z,2,171.0,-0.22843,-73.34153,[0.2945889979818908,0.9554237772385649,0.019563439248218233]
2007-12-01T00:00:00.000Z,0,209.0,0.27157,-73.34153,[0.29189473289893625,0.9560118189907021,0.028963198303150264]
2007-12-01T00:00:00.000Z,0,237.0,0.77157,-73.34153,[0.2823280160349859,0.958576149304557,0.03771813020546452]
2007-12-01T00:00:00.000Z,0,249.0,1.27157,-73.34153,[0.28207645769772155,0.9583936338312351,0.043755167060197754]
2007-12-01T00:00:00.000Z,0,294.0,1.77157,-73.34153,[0.2886548014726137,0.9562386859594693,0.047811934297973466]
2007-12-01T00:00:00.000Z,0,229.0,2.27157,-73.34153,[0.29173361989121455,0.9553719307887867,0.04643241202085362]
2007-12-01T00:00:00.000Z,0,267.0,2.77157,-73.34153,[0.29101199336601047,0.9555451276424175,0.04738701041400553]
2007-12-01T00:00:00.000Z,0,234.0,3.27157,-73.34153,[0.2927502988454287,0.9545230050477386,0.05641892732538338]
2007-12-01T00:00:00.000Z,0,256.0,3.77157,-73.34153,[0.2945960365236546,0.9537687772509125,0.05948356752795631]
2007-12-01T00:00:00.000Z,6,300.0,4.27157,-73.34153,[0.21693599599893665,0.9746399820242082,0.05491519898717044]
2007-12-01T00:00:00.000Z,11,1229.0,4.77157,-73.34153,[0.14760603993409088,0.9876726296260981,0.05210790403042403]
2007-12-01T00:00:00.000Z,11,2684.0,5.27157,-73.34153,[0.12091169114421013,0.991276013347574,0.05246168417414076]
2007-12-01T00:00:00.000Z,11,3515.0,5.77157,-73.34153,[0.18377422411594183,0.9817938168802761,0.048040979239004356]
2007-12-01T00:00:00.000Z,1,1301.0,6.27157,-73.34153,[0.1918373591648941,0.98105426681736,0.02703614595484518]
2007-12-01T00:00:00.000Z,8,1945.0,6.77157,-73.34153,[0.24738406768667318,0.9686599781149059,0.02233763311601184]
2007-12-01T00:00:00.000Z,1,351.0,7.27157,-73.34153,[0.19570664428531004,0.9804805512204339,0.018889099000671716]
2007-12-01T00:00:00.000Z,1,325.0,7.77157,-73.34153,[0.20053057131407512,0.9794759563682464,0.020355364525348328]
2007-12-01T00:00:00.000Z,1,1339.0,8.27157,-73.34153,[0.233297621790556,0.9722493650185613,0.017418148233231553]
2007-12-01T00:00:00.000Z,8,1230.0,8.77157,-73.34153,[0.27349243909265214,0.9617817441424934,0.013332756405766791]
2007-12-01T00:00:00.000Z,2,809.0,9.27157,-73.34153,[0.30822792196230775,0.9512759787621028,0.008340284947215386]
2007-12-01T00:00:00.000Z,2,74.0,9.77157,-73.34153,[0.2960210079647527,0.955177098574526,0.0028763174862971924]
2007-12-01T00:00:00.000Z,1,99.0,10.27157,-73.34153,[0.22928366580404733,0.9733532543508355,0.003527441012369959]
2007-12-01T00:00:00.000Z,2,1426.0,10.77157,-73.34153,[0.28912484452340165,0.9572220948165209,0.011518918108502058]
2007-12-01T00:00:00.000Z,2,146.0,-2.22843,-72.84153,[0.30890629718023205,0.9510148924425121,0.012148000450908003]
2007-12-01T00:00:00.000Z,2,165.0,-1.72843,-72.84153,[0.3079103012328159,0.9514082341463412,0.0036903107263858083]
2007-12-01T00:00:00.000Z,2,168.0,-1.22843,-72.84153,[0.3061923960080258,0.9519590657843507,0.004489287009140227]
2007-12-01T00:00:00.000Z,2,178.0,-0.72843,-72.84153,[0.29870003877250223,0.9542440169945969,0.014022940751533503]
2007-12-01T00:00:00.000Z,2,191.0,-0.22843,-72.84153,[0.29599489254519534,0.954895400471473,0.023702273004576942]
2007-12-01T00:00:00.000Z,0,247.0,0.27157,-72.84153,[0.2856532280880502,0.9577784706481683,0.032598074264165736]
2007-12-01T00:00:00.000Z,0,264.0,0.77157,-72.84153,[0.2804980720171793,0.9590151474105142,0.0401345067471221]
2007-12-01T00:00:00.000Z,0,246.0,1.27157,-72.84153,[0.2777580822692036,0.9595279205663398,0.046439394782558555]
2007-12-01T00:00:00.000Z,0,259.0,1.77157,-72.84153,[0.28160866718924654,0.958129488757163,0.051811594627396526]
2007-12-01T00:00:00.000Z,0,271.0,2.27157,-72.84153,[0.29303358666150087,0.9545791080639802,0.053944819362685394]
2007-12-01T00:00:00.000Z,0,193.0,2.77157,-72.84153,[0.29320144714567603,0.9542982462231887,0.057859905349279796]
2007-12-01T00:00:00.000Z,0,182.0,3.27157,-72.84153,[0.29597661085858334,0.9532022410540689,0.06167117214848049]
2007-12-01T00:00:00.000Z,0,203.0,3.77157,-72.84153,[0.29689623016512734,0.9527772557390399,0.06378188975030302]
2007-12-01T00:00:00.000Z,0,165.0,4.27157,-72.84153,[0.2900478940452114,0.954926912702696,0.06314119539599602]
2007-12-01T00:00:00.000Z,6,293.0,4.77157,-72.84153,[0.19893740111995703,0.978279797259995,0.05824558960625546]
2007-12-01T00:00:00.000Z,11,1653.0,5.27157,-72.84153,[0.12712904565475588,0.9901595588394808,0.05850003239072507]
2007-12-01T00:00:00.000Z,11,2686.0,5.77157,-72.84153,[0.12634503637625352,0.990587554109618,0.05266146054001827]
2007-12-01T00:00:00.000Z,11,2685.0,6.27157,-72.84153,[0.14179290436992797,0.9894900520779146,0.02835858087398559]
2007-12-01T00:00:00.000Z,11,1547.0,6.77157,-72.84153,[0.10948890585281576,0.9937421645498421,0.02210633146742566]
2007-12-01T00:00:00.000Z,11,3795.0,7.27157,-72.84153,[0.16877448267335823,0.9854877838858158,0.01813840704592988]
2007-12-01T00:00:00.000Z,8,1328.0,7.77157,-72.84153,[0.2554164105665288,0.9665550474550799,0.02310405705539555]
2007-12-01T00:00:00.000Z,4,973.0,8.27157,-72.84153,[0.32173849998062815,0.9465639926966306,0.022381808694304565]
2007-12-01T00:00:00.000Z,4,83.0,8.77157,-72.84153,[0.3558306747626777,0.9343665620516466,0.018538031657216427]
2007-12-01T00:00:00.000Z,2,223.0,10.77157,-72.84153,[0.30179117987700466,0.9533326030998402,0.008889972740562928]
2007-12-01T00:00:00.000Z,4,51.0,11.27157,-72.84153,[0.3306749890801554,0.9435744193898942,0.017926702704711722]
2007-12-01T00:00:00.000Z,2,149.0,-2.22843,-72.34153,[0.2996122488970882,0.9540284767512545,0.007884532865712847]
2007-12-01T00:00:00.000Z,2,147.0,-1.72843,-72.34153,[0.3035333366419872,0.9528208123912002,1.1411027693307787E-4]
2007-12-01T00:00:00.000Z,2,145.0,-1.22843,-72.34153,[0.30352222323090744,0.9527859263075477,0.00855795742192408]
2007-12-01T00:00:00.000Z,2,205.0,-0.72843,-72.34153,[0.29842087302705345,0.9542659856112241,0.01792794598413477]
2007-12-01T00:00:00.000Z,2,176.0,-0.22843,-72.34153,[0.29500726897094026,0.9551001619940404,0.027466194007639267]
2007-12-01T00:00:00.000Z,0,150.0,0.27157,-72.34153,[0.28879664552619044,0.9567085786157197,0.03612745681485935]
2007-12-01T00:00:00.000Z,0,218.0,0.77157,-72.34153,[0.2868832378438744,0.9570158976722296,0.04264480562544078]
2007-12-01T00:00:00.000Z,0,234.0,1.27157,-72.34153,[0.28237322149206645,0.9580912417940932,0.04823418063619345]
2007-12-01T00:00:00.000Z,0,237.0,1.77157,-72.34153,[0.28402060335367224,0.9573358560917214,0.053294985803044294]
2007-12-01T00:00:00.000Z,0,203.0,2.27157,-72.34153,[0.29143371161817205,0.9548869717792381,0.057072435191892035]
2007-12-01T00:00:00.000Z,0,188.0,2.77157,-72.34153,[0.29059090957159306,0.9549571493936703,0.060114608010612004]
2007-12-01T00:00:00.000Z,0,220.0,3.27157,-72.34153,[0.2940421598305313,0.9536804651537762,0.06350416227518697]
2007-12-01T00:00:00.000Z,9,180.0,3.77157,-72.34153,[0.2982507189261802,0.9521513517416923,0.06674063257480184]
2007-12-01T00:00:00.000Z,9,190.0,4.27157,-72.34153,[0.3005982835169089,0.9513316463362849,0.06788792695157157]
2007-12-01T00:00:00.000Z,9,177.0,4.77157,-72.34153,[0.29490957108350124,0.953129792475194,0.06761614880735789]
2007-12-01T00:00:00.000Z,6,257.0,5.27157,-72.34153,[0.22099708837822452,0.9732371776656424,0.06300541990783035]
2007-12-01T00:00:00.000Z,11,1342.0,5.77157,-72.34153,[0.14840500027186915,0.9872616330142784,0.05736221641714091]
2007-12-01T00:00:00.000Z,11,3317.0,6.27157,-72.34153,[0.1444767721468128,0.9890284916814904,0.030807547001893903]
2007-12-01T00:00:00.000Z,11,3467.0,6.77157,-72.34153,[0.18534420838436147,0.9824255854253039,0.022079255425022294]
2007-12-01T00:00:00.000Z,1,2203.0,7.27157,-72.34153,[0.19118106457520176,0.9813961314860357,0.01764748288386478]
2007-12-01T00:00:00.000Z,4,97.0,11.27157,-72.34153,[0.3273147777943766,0.9447767212526328,0.016185895605216428]
2007-12-01T00:00:00.000Z,4,19.0,11.77157,-72.34153,[0.3329784586333529,0.9426228424547123,0.024238873091692602]
2007-12-01T00:00:00.000Z,2,109.0,-2.22843,-71.84153,[0.29517602643834134,0.9554381908398942,0.0029961476367801566]
2007-12-01T00:00:00.000Z,2,140.0,-1.72843,-71.84153,[0.2996198514936632,0.954052685019296,0.003379171257447329]
2007-12-01T00:00:00.000Z,2,153.0,-1.22843,-71.84153,[0.30154935272365485,0.9533947580473447,0.010316162066861876]
2007-12-01T00:00:00.000Z,2,136.0,-0.72843,-71.84153,[0.3031946889693701,0.9527353709561853,0.019190974695064995]
2007-12-01T00:00:00.000Z,0,192.0,-0.22843,-71.84153,[0.2878438158065144,0.9572480386123619,0.0286728142101838]
2007-12-01T00:00:00.000Z,0,216.0,0.27157,-71.84153,[0.29041691451817137,0.956141841644441,0.038089295327190936]
2007-12-01T00:00:00.000Z,0,215.0,0.77157,-71.84153,[0.28685400874679096,0.9569183921128472,0.04496630407382129]
2007-12-01T00:00:00.000Z,0,232.0,1.27157,-71.84153,[0.274380821620872,0.9603328756730521,0.0497587442383883]
2007-12-01T00:00:00.000Z,0,233.0,1.77157,-71.84153,[0.2872137114477783,0.956278602483216,0.055131827369860886]
2007-12-01T00:00:00.000Z,0,159.0,2.27157,-71.84153,[0.2931765558446284,0.9542172311901211,0.059304155022563615]
2007-12-01T00:00:00.000Z,0,186.0,2.77157,-71.84153,[0.2976158253182785,0.9525961075528233,0.06313062961296817]
2007-12-01T00:00:00.000Z,9,222.0,3.27157,-71.84153,[0.302135711871133,0.9508723913227356,0.06749597789724933]
2007-12-01T00:00:00.000Z,9,206.0,3.77157,-71.84153,[0.3020642177700754,0.9506473872461997,0.07089960130301393]
2007-12-01T00:00:00.000Z,9,189.0,4.27157,-71.84153,[0.3071364222496987,0.9489140209804124,0.07231458299983579]
2007-12-01T00:00:00.000Z,5,149.0,4.77157,-71.84153,[0.30784685583968274,0.9487176337958998,0.07186908009937576]
2007-12-01T00:00:00.000Z,9,172.0,5.27157,-71.84153,[0.3020908366188544,0.9507311612834889,0.06965188723551699]
2007-12-01T00:00:00.000Z,0,213.0,5.77157,-71.84153,[0.2866860907897306,0.9559965310980388,0.06230343390390996]
2007-12-01T00:00:00.000Z,0,412.0,6.27157,-71.84153,[0.26661361994291877,0.9628938174797975,0.04186494858607815]
2007-12-01T00:00:00.000Z,2,325.0,6.77157,-71.84153,[0.29193478658591665,0.9561430025779053,0.023762133791876937]
2007-12-01T00:00:00.000Z,2,174.0,11.77157,-71.84153,[0.3161504848991224,0.9484514546973671,0.022106763229788256]
2007-12-01T00:00:00.000Z,2,107.0,-2.22843,-71.34153,[0.289854977533462,0.95706832204445,0.00207820549929652]
2007-12-01T00:00:00.000Z,2,121.0,-1.72843,-71.34153,[0.2926048300447319,0.9562105012027843,0.006625015019880723]
2007-12-01T00:00:00.000Z,2,140.0,-1.22843,-71.34153,[0.2969836552562203,0.9548304689747157,0.00997416804445419]
2007-12-01T00:00:00.000Z,2,186.0,-0.72843,-71.34153,[0.29957590697901476,0.9539127564331786,0.01745649082020575]
2007-12-01T00:00:00.000Z,2,201.0,-0.22843,-71.34153,[0.291237387088647,0.9562852135439482,0.02644569377011852]
2007-12-01T00:00:00.000Z,0,185.0,0.27157,-71.34153,[0.2893052710596848,0.9565917583314482,0.03513784326663604]
2007-12-01T00:00:00.000Z,0,228.0,0.77157,-71.34153,[0.27925532543698295,0.9593241767952826,0.04139549530007042]
2007-12-01T00:00:00.000Z,0,342.0,1.27157,-71.34153,[0.27900671782831893,0.9590855925348463,0.048063266625894]
2007-12-01T00:00:00.000Z,0,222.0,1.77157,-71.34153,[0.28995326043781744,0.9554015478027701,0.05599097442937164]
2007-12-01T00:00:00.000Z,0,164.0,2.27157,-71.34153,[0.29598071183271507,0.953215448373801,0.061446946258807006]
2007-12-01T00:00:00.000Z,0,189.0,2.77157,-71.34153,[0.30385965470761384,0.9504181681080252,0.06614087972770992]
2007-12-01T00:00:00.000Z,9,209.0,3.27157,-71.34153,[0.30544586261099105,0.9496380766138706,0.06993102643988479]
2007-12-01T00:00:00.000Z,9,171.0,3.77157,-71.34153,[0.3046664007230007,0.9496394226309379,0.07323490462662319]
2007-12-01T00:00:00.000Z,9,165.0,4.27157,-71.34153,[0.30634854687247765,0.948989483544818,0.07462927006517502]
2007-12-01T00:00:00.000Z,5,131.0,4.77157,-71.34153,[0.3087784557372576,0.9482263771334439,0.07431421789198923]
2007-12-01T00:00:00.000Z,5,146.0,5.27157,-71.34153,[0.30987498207977404,0.9480561719392343,0.07188178022965762]
2007-12-01T00:00:00.000Z,0,151.0,5.77157,-71.34153,[0.30559548563814964,0.9499784759537986,0.0644382990315649]
2007-12-01T00:00:00.000Z,0,157.0,6.27157,-71.34153,[0.30151453743445805,0.9523308220099677,0.04642186085783355]
2007-12-01T00:00:00.000Z,2,154.0,6.77157,-71.34153,[0.29836544602161047,0.9540887456432485,0.026319689534986167]
2007-12-01T00:00:00.000Z,2,97.0,-2.22843,-70.84153,[0.2855559015267186,0.9583429119419421,0.006057246396021306]
2007-12-01T00:00:00.000Z,2,137.0,-1.72843,-70.84153,[0.2882382929091202,0.9575188745503729,0.008734493724518795]
2007-12-01T00:00:00.000Z,2,114.0,-1.22843,-70.84153,[0.2874371883752589,0.9577582650824467,0.008886416892517547]
2007-12-01T00:00:00.000Z,2,155.0,-0.72843,-70.84153,[0.2927318294511189,0.956108903036164,0.012800060983604058]
2007-12-01T00:00:00.000Z,2,183.0,-0.22843,-70.84153,[0.29199922913224086,0.9562417503643613,0.01838926443008387]
2007-12-01T00:00:00.000Z,2,193.0,0.27157,-70.84153,[0.2910104676344262,0.9563359260810723,0.02710173820717557]
2007-12-01T00:00:00.000Z,0,250.0,0.77157,-70.84153,[0.2874856224120855,0.9571839305597789,0.0339255063995871]
2007-12-01T00:00:00.000Z,0,316.0,1.27157,-70.84153,[0.2901329830205109,0.9559937371557062,0.04357552848430661]
2007-12-01T00:00:00.000Z,0,186.0,1.77157,-70.84153,[0.29609135061883973,0.9535717641602938,0.0550527264078375]
2007-12-01T00:00:00.000Z,0,191.0,2.27157,-70.84153,[0.2986008851174273,0.9523558532911885,0.06209541133691954]
2007-12-01T00:00:00.000Z,9,160.0,2.77157,-70.84153,[0.30652051619804765,0.9494099883737281,0.06830700641866605]
2007-12-01T00:00:00.000Z,5,240.0,3.27157,-70.84153,[0.3125942595004699,0.947079262055327,0.07297739589825096]
2007-12-01T00:00:00.000Z,5,186.0,3.77157,-70.84153,[0.31111590973070724,0.9473304667081085,0.07597287383686184]
2007-12-01T00:00:00.000Z,5,176.0,4.27157,-70.84153,[0.31108536272716,0.9472374527984309,0.07724703950865433]
2007-12-01T00:00:00.000Z,5,146.0,4.77157,-70.84153,[0.31148477802905217,0.9471916298429914,0.07619218733944846]
2007-12-01T00:00:00.000Z,5,123.0,5.27157,-70.84153,[0.3105483467274416,0.9477475470496737,0.07303637043404644]
2007-12-01T00:00:00.000Z,5,120.0,5.77157,-70.84153,[0.30866436943699965,0.9488571356767027,0.06630567936054067]
2007-12-01T00:00:00.000Z,0,126.0,6.27157,-70.84153,[0.30624967970415345,0.9506263291931902,0.05020673187714933]
2007-12-01T00:00:00.000Z,2,122.0,6.77157,-70.84153,[0.31122911265866454,0.9498251438175541,0.031122911265866457]
2007-12-01T00:00:00.000Z,8,97.0,-3.72843,-70.34153,[0.2697462346704116,0.9627865606697767,0.016703516839206258]
2007-12-01T00:00:00.000Z,8,132.0,-2.22843,-70.34153,[0.27978448578429355,0.9600238653438165,0.008649825705544954]
2007-12-01T00:00:00.000Z,2,129.0,-1.72843,-70.34153,[0.28643788858427105,0.9580479379542097,0.009873427220139647]
2007-12-01T00:00:00.000Z,8,144.0,-1.22843,-70.34153,[0.2840399640011515,0.958770912969404,0.00892386093796721]
2007-12-01T00:00:00.000Z,2,134.0,-0.72843,-70.34153,[0.2849305994106418,0.9585021696649175,0.009388517834986664]
2007-12-01T00:00:00.000Z,2,170.0,-0.22843,-70.34153,[0.2876347687934423,0.9576805137222274,0.010689874549028314]
2007-12-01T00:00:00.000Z,2,177.0,0.27157,-70.34153,[0.2883327229816794,0.957440721351378,0.013096028257564826]
2007-12-01T00:00:00.000Z,2,190.0,0.77157,-70.34153,[0.29364362580542286,0.9557374284769656,0.018422508843305995]
2007-12-01T00:00:00.000Z,0,195.0,1.27157,-70.34153,[0.29447826225593504,0.9550948962141161,0.03280689385588934]
2007-12-01T00:00:00.000Z,0,216.0,1.77157,-70.34153,[0.29786923232445467,0.9534072019475917,0.04783960397938211]
2007-12-01T00:00:00.000Z,0,168.0,2.27157,-70.34153,[0.30230526258473145,0.9514059962100606,0.05863581319567999]
2007-12-01T00:00:00.000Z,5,193.0,2.77157,-70.34153,[0.3106264041708011,0.948045642469248,0.06870732731658985]
2007-12-01T00:00:00.000Z,5,177.0,3.27157,-70.34153,[0.314972578993974,0.9460799974210143,0.07566315458489929]
2007-12-01T00:00:00.000Z,5,174.0,3.77157,-70.34153,[0.3117593976078613,0.9469110061671608,0.07852149006914416]
2007-12-01T00:00:00.000Z,5,118.0,4.27157,-70.34153,[0.31347598017734446,0.9462546316133968,0.07959260017142242]
2007-12-01T00:00:00.000Z,5,116.0,4.77157,-70.34153,[0.31247926085754824,0.9467308460925717,0.07782940697938934]
2007-12-01T00:00:00.000Z,5,124.0,5.27157,-70.34153,[0.3139754098974462,0.946543515132007,0.07399199917068494]
2007-12-01T00:00:00.000Z,5,105.0,5.77157,-70.34153,[0.3076325373862076,0.9491033468248553,0.06756522024815596]
2007-12-01T00:00:00.000Z,0,104.0,6.27157,-70.34153,[0.30717511234486666,0.9500732099291044,0.05481191595744833]
2007-12-01T00:00:00.000Z,4,109.0,6.77157,-70.34153,[0.3248960399788006,0.9450443206682633,0.03652116069834693]
2007-12-01T00:00:00.000Z,8,140.0,-3.72843,-69.84153,[0.27072281869439124,0.9625700220245021,0.012965652236321418]
2007-12-01T00:00:00.000Z,8,128.0,-3.22843,-69.84153,[0.27237615319701863,0.9621870239373608,0.002713325664031603]
2007-12-01T00:00:00.000Z,8,61.0,-2.72843,-69.84153,[0.2748516413843264,0.961454209133678,0.007898035671963401]
2007-12-01T00:00:00.000Z,8,111.0,-2.22843,-69.84153,[0.2779311839224353,0.9605131337089527,0.012991419325110004]
2007-12-01T00:00:00.000Z,8,145.0,-1.72843,-69.84153,[0.2796465202152404,0.9600125751450396,0.013178744056120522]
2007-12-01T00:00:00.000Z,8,68.0,-1.22843,-69.84153,[0.28139230969173296,0.9595369947342618,0.010350061965672936]
2007-12-01T00:00:00.000Z,8,122.0,-0.72843,-69.84153,[0.2822685329053741,0.9592804164255434,0.010274142002302889]
2007-12-01T00:00:00.000Z,2,188.0,0.77157,-69.84153,[0.2953890554802761,0.9552770586664023,0.013821978445114807]
2007-12-01T00:00:00.000Z,2,195.0,1.77157,-69.84153,[0.29807104875642904,0.954053167421146,0.030597444777648586]
2007-12-01T00:00:00.000Z,0,182.0,2.27157,-69.84153,[0.3039382250406071,0.95165676454662,0.044395471073347105]
2007-12-01T00:00:00.000Z,5,180.0,2.77157,-69.84153,[0.3090752583003568,0.949056369353512,0.061355460197914706]
2007-12-01T00:00:00.000Z,5,198.0,3.27157,-69.84153,[0.30980690128429694,0.9478478801374586,0.07486040365605688]
2007-12-01T00:00:00.000Z,5,149.0,3.77157,-69.84153,[0.3113860835468284,0.9468915105624744,0.08021953750853238]
2007-12-01T00:00:00.000Z,9,188.0,4.27157,-69.84153,[0.30865540746830794,0.9478485087552889,0.07946725043027332]
2007-12-01T00:00:00.000Z,5,143.0,4.77157,-69.84153,[0.31040220227980164,0.9473613682963462,0.07846598421942941]
2007-12-01T00:00:00.000Z,5,100.0,5.27157,-69.84153,[0.3097826982414769,0.9477738314228086,0.0758910030264436]
2007-12-01T00:00:00.000Z,9,112.0,5.77157,-69.84153,[0.30450693314052824,0.9500160123822473,0.06888471446325059]
2007-12-01T00:00:00.000Z,5,98.0,6.27157,-69.84153,[0.31434496360542286,0.9476746688768651,0.05567733672715976]
2007-12-01T00:00:00.000Z,2,169.0,0.77157,-69.34153,[0.29188591576651773,0.9563686255228707,0.012714727391344523]
2007-12-01T00:00:00.000Z,2,182.0,1.77157,-69.34153,[0.3031723299749392,0.9526651117939102,0.022709537825838146]
2007-12-01T00:00:00.000Z,2,167.0,2.27157,-69.34153,[0.3047851164070361,0.9518848598234673,0.031956946906857145]
2007-12-01T00:00:00.000Z,0,128.0,2.77157,-69.34153,[0.3082141302071329,0.9498494942071123,0.05282033978642687]
2007-12-01T00:00:00.000Z,5,182.0,3.27157,-69.34153,[0.3115644192543452,0.9473866229919162,0.07339072986880131]
2007-12-01T00:00:00.000Z,5,123.0,3.77157,-69.34153,[0.31139299391526126,0.9468653629793685,0.0805008554640194]
2007-12-01T00:00:00.000Z,5,172.0,4.27157,-69.34153,[0.31314616674226164,0.9463716256897133,0.07949983864157786]
2007-12-01T00:00:00.000Z,5,142.0,4.77157,-69.34153,[0.3155784662106563,0.9455751836826651,0.07935870253238564]
2007-12-01T00:00:00.000Z,5,117.0,5.27157,-69.34153,[0.31491634553530307,0.9459110895414639,0.07797375197571525]
2007-12-01T00:00:00.000Z,5,83.0,5.77157,-69.34153,[0.31787897870078063,0.9454562270916601,0.07117216839293213]
2007-12-01T00:00:00.000Z,2,139.0,1.77157,-68.84153,[0.30051976816835163,0.953528888474018,0.021691652439219365]
2007-12-01T00:00:00.000Z,2,178.0,2.27157,-68.84153,[0.30142733751308803,0.9530089881522819,0.03025605229924605]
2007-12-01T00:00:00.000Z,0,155.0,2.77157,-68.84153,[0.3082595088429519,0.9499893413784654,0.049963251247407824]
2007-12-01T00:00:00.000Z,5,154.0,3.27157,-68.84153,[0.31131189536311826,0.9477207146663195,0.07007389526623695]
2007-12-01T00:00:00.000Z,5,118.0,3.77157,-68.84153,[0.3155524846144747,0.9455015839364114,0.08033295853738459]
2007-12-01T00:00:00.000Z,5,168.0,4.27157,-68.84153,[0.32362082809615844,0.9427215427148963,0.08090520702403961]
2007-12-01T00:00:00.000Z,5,130.0,4.77157,-68.84153,[0.32648171122242353,0.9417288348978932,0.0809721789205072]
2007-12-01T00:00:00.000Z,5,118.0,5.27157,-68.84153,[0.3269505931262351,0.9416177082035572,0.08037040034666725]
2007-12-01T00:00:00.000Z,5,76.0,5.77157,-68.84153,[0.33818161694984145,0.9381812599253668,0.0738181378933525]
2007-12-01T00:00:00.000Z,2,140.0,1.77157,-68.34153,[0.29786209904103605,0.954282724852225,0.024952975844192454]
2007-12-01T00:00:00.000Z,0,115.0,2.27157,-68.34153,[0.29806585277593406,0.9540365363472133,0.03116143006293856]
2007-12-01T00:00:00.000Z,0,126.0,2.77157,-68.34153,[0.30835204012672834,0.9502745028440811,0.04355902425582036]
2007-12-01T00:00:00.000Z,5,132.0,3.27157,-68.34153,[0.31355813408179417,0.9476166487564186,0.06086036108008255]
2007-12-01T00:00:00.000Z,5,110.0,3.77157,-68.34153,[0.3208753047409769,0.9439568055834557,0.07736011892482461]
2007-12-01T00:00:00.000Z,5,121.0,4.27157,-68.34153,[0.3336706146824741,0.93904444417782,0.08282181328725696]
2007-12-01T00:00:00.000Z,5,109.0,4.77157,-68.34153,[0.3411297729892469,0.9362923556513374,0.08358889118282611]
2007-12-01T00:00:00.000Z,5,89.0,5.27157,-68.34153,[0.3455982274179853,0.9347140670379672,0.08289437910310393]
2007-12-01T00:00:00.000Z,10,65.0,5.77157,-68.34153,[0.36447200469779895,0.9277469210489427,0.08028579124462004]
2007-12-01T00:00:00.000Z,2,136.0,2.27157,-67.84153,[0.3040790147427967,0.9520975892321275,0.03234398508874692]
2007-12-01T00:00:00.000Z,0,120.0,2.77157,-67.84153,[0.3094119130940273,0.950090112325898,0.039912986558969334]
2007-12-01T00:00:00.000Z,5,103.0,3.27157,-67.84153,[0.31779479319481274,0.9463998786351017,0.057738541181182094]
2007-12-01T00:00:00.000Z,5,95.0,3.77157,-67.84153,[0.3241243727580004,0.9429072662050919,0.07661121537916372]
2007-12-01T00:00:00.000Z,5,110.0,4.27157,-67.84153,[0.33608303948577073,0.9381310742480505,0.08341629397308697]
2007-12-01T00:00:00.000Z,10,101.0,4.77157,-67.84153,[0.35270156867957314,0.931782513001,0.08592410556130027]
2007-12-01T00:00:00.000Z,3,80.0,5.77157,-67.84153,[0.3798770001714857,0.9212348157468782,0.08378471815628935]
2007-12-01T00:00:00.000Z,3,54.0,6.27157,-67.84153,[0.3734660266134736,0.9251474203126749,0.06801012905697994]
2007-12-01T00:00:00.000Z,2,114.0,2.27157,-67.34153,[0.31122119581781055,0.9498009827921329,0.031928989348716116]
